176.0000 224.0000 33.4198 28.3563 4.5896
270.0000 48.0000 24.4120 20.7133 4.5896
35.0000 38.0000 43.2129 19.7099 -48.9767
118.0000 117.0000 35.7671 27.8697 26.9824
250.0000 145.0000 36.8060 31.2295 4.5896
166.0000 47.0000 33.7746 28.6574 4.5896
114.0000 238.0000 23.0523 19.5596 4.5896
133.0000 163.0000 30.7752 26.1124 4.5896
77.0000 248.0000 38.8203 32.9385 4.5896
158.0000 236.0000 19.5296 16.5706 4.5896
202.0000 77.0000 34.5237 29.2930 4.5896
32.0000 196.0000 37.4325 31.7611 4.5896
252.0000 197.0000 30.2416 25.6597 4.5896
167.0000 147.0000 29.1351 24.7208 4.5896
74.0000 58.0000 36.3552 12.9500 -37.2765
76.0000 183.0000 31.2997 26.5575 4.5896
36.0000 62.0000 43.9211 17.5415 -42.3438
198.0000 262.0000 18.3635 15.5812 4.5896
53.0000 147.0000 26.4358 22.4305 4.5896
234.0000 39.0000 36.1284 30.6545 4.5896
