213.0000 181.0000 25.3480 21.5051 4.5986
184.0000 189.0000 37.9895 32.2300 4.5986
222.0000 110.0000 34.7771 29.5047 4.5986
202.0000 221.0000 25.2561 21.4271 4.5986
42.0000 169.0000 37.7592 32.0346 4.5986
189.0000 95.0000 23.7492 20.1486 4.5986
50.0000 156.0000 40.2632 34.1591 4.5986
97.0000 255.0000 43.7049 37.0789 4.5986
238.0000 80.0000 25.1753 21.3586 4.5986
123.0000 175.0000 25.8814 21.9576 4.5986
166.0000 269.0000 33.8708 28.7358 4.5986
145.0000 110.0000 39.8057 33.7709 4.5986
105.0000 94.0000 44.4279 29.2584 -18.6802
113.0000 232.0000 33.4302 28.3620 4.5986
52.0000 83.0000 28.6444 12.9064 -50.7164
138.0000 45.0000 19.4111 16.4682 4.5986
