190.0000 262.0000 30.3568 25.7573 4.5896
185.0000 156.0000 36.1526 30.6750 4.5896
188.0000 234.0000 32.3682 27.4640 4.5896
247.0000 124.0000 42.7613 36.2825 4.5896
223.0000 42.0000 22.2698 18.8956 4.5896
117.0000 48.0000 24.4120 20.7133 4.5896
78.0000 70.0000 48.8137 17.5841 -27.7040
271.0000 179.0000 30.2705 25.6841 4.5896
136.0000 147.0000 26.6003 22.5700 4.5896
63.0000 167.0000 28.7029 24.3541 4.5896
195.0000 70.0000 34.7838 29.5136 4.5896
119.0000 126.0000 26.9585 22.8740 4.5896
42.0000 135.0000 35.0201 20.6313 82.6556
245.0000 217.0000 31.7790 26.9641 4.5896
30.0000 173.0000 36.1525 30.6750 4.5896
129.0000 253.0000 38.1251 32.3487 4.5896
262.0000 273.0000 25.3926 21.5453 4.5896
257.0000 58.0000 28.6522 24.3111 4.5896
109.0000 211.0000 25.0119 21.2223 4.5896
188.0000 111.0000 23.8213 20.2121 4.5896
