60.0000 74.0000 36.8376 18.2528 -51.8943
189.0000 236.0000 31.8542 27.0239 4.6042
131.0000 175.0000 21.3650 18.1253 4.6042
228.0000 188.0000 29.3359 24.8875 4.6042
37.0000 128.0000 33.7862 15.9019 -78.2645
180.0000 49.0000 32.5136 27.5833 4.6042
60.0000 38.0000 29.6756 13.5990 -48.2244
183.0000 138.0000 36.1629 30.6793 4.6042
110.0000 98.0000 28.9923 24.4676 36.4126
192.0000 79.0000 26.9602 22.8720 4.6042
108.0000 160.0000 29.7785 25.2630 4.6042
31.0000 262.0000 25.8818 21.9572 4.6042
111.0000 75.0000 24.8595 20.6265 34.3714
240.0000 127.0000 30.9655 26.2700 4.6042
261.0000 74.0000 30.8809 26.1982 4.6042
211.0000 258.0000 24.9786 21.1909 4.6042
44.0000 174.0000 28.0594 23.8045 4.6042
50.0000 231.0000 29.3359 24.8875 4.6042
88.0000 252.0000 21.9953 18.6600 4.6042
272.0000 194.0000 21.8095 18.5023 4.6042
233.0000 33.0000 31.1154 26.3972 4.6042
121.0000 231.0000 24.2702 20.5899 4.6042
76.0000 271.0000 20.6030 17.4788 4.6042
97.0000 198.0000 29.8955 25.3622 4.6042
