234.0000 148.0000 41.5496 35.2504 4.5986
211.0000 83.0000 50.6960 43.0101 4.5986
57.0000 212.0000 27.0460 22.9456 4.5986
61.0000 171.0000 39.1280 33.1959 4.5986
103.0000 171.0000 32.4236 27.5080 4.5986
37.0000 53.0000 36.1857 16.7074 -48.8902
127.0000 78.0000 36.4507 30.9245 4.5986
160.0000 233.0000 31.8172 26.9935 4.5986
142.0000 259.0000 36.7288 31.1604 4.5986
200.0000 269.0000 27.4937 23.3255 4.5986
124.0000 56.0000 38.9194 33.0190 4.5986
234.0000 267.0000 32.5757 27.6370 4.5986
45.0000 38.0000 39.8745 19.8559 -51.2820
244.0000 77.0000 39.1948 33.2526 4.5986
252.0000 219.0000 33.2208 28.1843 4.5986
268.0000 137.0000 23.7492 20.1486 4.5986
