230.0000 234.0000 36.1307 30.6520 4.6042
108.0000 83.0000 37.6255 19.7001 -11.2432
154.0000 252.0000 35.7342 30.3156 4.6042
168.0000 153.0000 36.1629 30.6793 4.6042
247.0000 165.0000 20.5181 17.4068 4.6042
195.0000 171.0000 32.7985 27.8250 4.6042
90.0000 131.0000 20.5230 15.2563 -2.0162
85.0000 43.0000 39.2369 14.4100 -19.7265
96.0000 241.0000 39.9011 33.8506 4.6042
107.0000 38.0000 26.9293 17.9050 25.7084
245.0000 220.0000 36.6817 31.1194 4.6042
62.0000 169.0000 28.5524 24.2228 4.6042
259.0000 117.0000 27.2818 23.1449 4.6042
39.0000 161.0000 35.1104 29.7864 4.6042
188.0000 128.0000 22.6723 19.2343 4.6042
229.0000 100.0000 28.3070 24.0146 4.6042
148.0000 66.0000 26.9602 22.8720 4.6042
29.0000 206.0000 31.7811 26.9619 4.6042
153.0000 217.0000 25.8818 21.9572 4.6042
279.0000 156.0000 27.9660 23.7253 4.6042
44.0000 262.0000 21.5951 18.3205 4.6042
103.0000 157.0000 24.5915 20.8625 4.6042
101.0000 276.0000 24.5915 20.8625 4.6042
243.0000 58.0000 34.4838 29.2548 4.6042
