253.0000 224.0000 33.1403 28.1192 4.5896
156.0000 49.0000 30.0778 25.5206 4.5896
149.0000 270.0000 28.3769 24.0775 4.5896
225.0000 266.0000 29.7766 25.2651 4.5896
266.0000 150.0000 33.5847 28.4962 4.5896
162.0000 229.0000 35.8457 30.4146 4.5896
36.0000 97.0000 31.9986 13.9526 -56.3252
46.0000 58.0000 36.5019 23.7653 49.1348
200.0000 178.0000 28.7029 24.3541 4.5896
265.0000 249.0000 30.2416 25.6597 4.5896
237.0000 108.0000 32.9909 27.9924 4.5896
193.0000 40.0000 31.4388 26.6754 4.5896
148.0000 175.0000 28.9851 24.5935 4.5896
168.0000 147.0000 31.1228 26.4073 4.5896
95.0000 100.0000 44.5425 22.5264 -32.1699
119.0000 200.0000 30.0391 25.4878 4.5896
115.0000 124.0000 27.2557 19.8857 21.6123
104.0000 250.0000 36.6794 31.1220 4.5896
71.0000 150.0000 25.3811 21.5356 4.5896
120.0000 26.0000 33.9001 29.0981 -41.4180
