140.0000 56.0000 30.8805 26.1988 4.5986
121.0000 233.0000 31.8172 26.9935 4.5986
124.0000 91.0000 24.3177 20.6310 4.5986
171.0000 189.0000 40.0315 33.9625 4.5986
59.0000 63.0000 57.2503 20.5811 -41.5500
253.0000 53.0000 21.8092 18.5027 4.5986
61.0000 242.0000 26.8626 22.7901 4.5986
276.0000 220.0000 30.8805 26.1988 4.5986
242.0000 237.0000 37.9512 32.1975 4.5986
66.0000 119.0000 38.6015 16.2651 -66.2629
136.0000 151.0000 23.6879 20.0966 4.5986
71.0000 213.0000 41.1065 34.8745 4.5986
228.0000 87.0000 36.9182 31.3212 4.5986
270.0000 255.0000 34.6851 29.4266 4.5986
155.0000 90.0000 36.1624 30.6799 4.5986
258.0000 145.0000 38.2868 32.4822 4.5986
