217.0000 183.0000 23.1917 19.6757 4.5986
62.0000 167.0000 30.2431 25.6581 4.5986
241.0000 263.0000 40.8724 34.6759 4.5986
49.0000 249.0000 48.0642 40.7773 4.5986
126.0000 185.0000 38.8371 32.9492 4.5986
109.0000 139.0000 37.7299 27.7147 35.5407
260.0000 72.0000 39.9806 33.9193 4.5986
52.0000 56.0000 36.9937 16.5975 -50.8312
67.0000 83.0000 32.1080 12.0701 -44.6224
218.0000 226.0000 18.8796 16.0173 4.5986
230.0000 157.0000 29.3454 24.8964 4.5986
229.0000 95.0000 36.9576 31.3546 4.5986
155.0000 153.0000 28.2243 23.9453 4.5986
88.0000 250.0000 43.3576 36.7843 4.5986
223.0000 55.0000 30.8522 26.1748 4.5986
95.0000 32.0000 38.8746 16.8701 -14.9639
