260.0000 183.0000 39.3951 33.4214 4.6042
95.0000 220.0000 36.4512 30.9238 4.6042
168.0000 224.0000 21.6758 18.3889 4.6042
220.0000 55.0000 25.3942 21.5435 4.6042
134.0000 79.0000 23.2422 19.7178 4.6042
126.0000 128.0000 30.6731 26.0219 4.6042
68.0000 40.0000 27.4221 11.8785 -50.2963
230.0000 192.0000 30.1955 25.6167 4.6042
236.0000 67.0000 26.9818 22.8903 4.6042
183.0000 144.0000 24.3181 20.6305 4.6042
258.0000 126.0000 24.4135 20.7115 4.6042
196.0000 253.0000 37.7443 32.0209 4.6042
75.0000 106.0000 41.4373 17.9497 -49.0206
208.0000 116.0000 32.3702 27.4617 4.6042
80.0000 248.0000 31.4037 26.6418 4.6042
105.0000 39.0000 27.2428 16.4850 -13.4609
156.0000 67.0000 30.3587 25.7552 4.6042
179.0000 266.0000 31.8176 26.9929 4.6042
89.0000 151.0000 26.4265 22.4193 4.6042
134.0000 170.0000 21.8095 18.5023 4.6042
41.0000 188.0000 28.7755 24.4121 4.6042
120.0000 268.0000 20.5181 17.4068 4.6042
276.0000 231.0000 28.6540 24.3090 4.6042
51.0000 141.0000 24.7403 21.0847 3.9714
