154.0000 43.0000 30.6712 26.0241 4.5896
161.0000 246.0000 37.5179 31.8335 4.5896
172.0000 263.0000 30.3568 25.7574 4.5896
36.0000 49.0000 30.1252 16.1044 -39.3993
151.0000 84.0000 20.6017 17.4803 4.5896
70.0000 258.0000 29.7766 25.2651 4.5896
97.0000 92.0000 22.0824 9.6080 -7.2431
191.0000 126.0000 33.4198 28.3563 4.5896
237.0000 236.0000 35.3804 30.0199 4.5896
208.0000 45.0000 42.0691 35.6951 4.5896
90.0000 119.0000 41.8326 25.2189 -34.6994
35.0000 111.0000 39.2546 16.4071 -66.5659
202.0000 150.0000 27.7240 23.5235 4.5896
55.0000 232.0000 28.5506 24.2248 4.5896
43.0000 162.0000 29.0352 24.6360 4.5896
233.0000 204.0000 23.4895 19.9306 4.5896
221.0000 91.0000 23.6867 20.0979 4.5896
47.0000 37.0000 25.0984 10.8933 -47.9464
45.0000 277.0000 21.8081 18.5039 4.5896
108.0000 186.0000 44.2251 37.5245 4.5896
