204.0000 98.0000 24.5899 20.8643 4.5896
259.0000 185.0000 30.3663 25.7655 4.5896
182.0000 199.0000 36.3770 30.8655 4.5896
243.0000 76.0000 18.8787 16.0183 4.5896
253.0000 142.0000 38.3152 32.5100 4.5896
144.0000 54.0000 37.4325 31.7611 4.5896
61.0000 246.0000 30.2416 25.6597 4.5896
55.0000 83.0000 34.1737 16.7287 -51.6577
143.0000 265.0000 35.8457 30.4146 4.5896
155.0000 91.0000 43.2548 36.7011 4.5896
43.0000 249.0000 31.5219 26.7459 4.5896
96.0000 87.0000 30.3742 14.3022 -13.2719
127.0000 222.0000 35.7320 30.3182 4.5896
68.0000 135.0000 40.1235 23.4606 -69.8746
43.0000 156.0000 26.2372 22.2619 4.5896
227.0000 178.0000 24.1124 20.4591 4.5896
223.0000 41.0000 29.2944 24.8559 4.5896
220.0000 240.0000 23.9430 20.3154 4.5896
109.0000 274.0000 29.3340 24.8896 4.5896
264.0000 52.0000 28.0576 23.8065 4.5896
