182.0000 273.0000 19.9566 16.9329 4.5896
249.0000 105.0000 26.0258 22.0826 4.5896
160.0000 164.0000 27.1519 23.0381 4.5896
80.0000 70.0000 30.2648 11.4869 -40.3710
88.0000 198.0000 35.8051 30.3802 4.5896
180.0000 180.0000 28.6218 24.2852 4.5896
122.0000 125.0000 22.7476 19.3011 4.5896
38.0000 119.0000 36.4500 15.1393 -63.1116
195.0000 128.0000 26.6003 22.5700 4.5896
90.0000 178.0000 32.5116 27.5857 4.5896
269.0000 71.0000 26.0816 22.1299 4.5896
230.0000 57.0000 23.9430 20.3154 4.5896
108.0000 46.0000 45.8727 20.9527 -8.6841
204.0000 257.0000 34.5237 29.2930 4.5896
41.0000 92.0000 24.3580 13.4234 -54.8489
174.0000 99.0000 26.0816 22.1299 4.5896
151.0000 242.0000 24.8954 21.1235 4.5896
44.0000 174.0000 20.1306 17.0806 4.5896
105.0000 106.0000 31.9572 18.9888 -11.4682
145.0000 211.0000 30.9636 26.2722 4.5896
