72.0000 195.0000 35.3827 30.0173 4.6042
262.0000 54.0000 27.9660 23.7253 4.6042
106.0000 101.0000 30.7205 17.6925 -10.4931
115.0000 233.0000 30.2147 25.6330 4.6042
174.0000 244.0000 25.3942 21.5435 4.6042
266.0000 142.0000 26.9818 22.8903 4.6042
45.0000 224.0000 17.8019 15.1025 4.6042
207.0000 154.0000 28.2247 23.9447 4.6042
146.0000 186.0000 21.2011 17.9862 4.6042
240.0000 254.0000 36.6659 31.1060 4.6042
71.0000 73.0000 35.9340 12.5937 -42.4900
265.0000 115.0000 23.9446 20.3137 4.6042
216.0000 193.0000 25.9043 21.9762 4.6042
181.0000 271.0000 21.6757 18.3889 4.6042
168.0000 135.0000 22.7491 19.2995 4.6042
245.0000 58.0000 27.5047 23.3340 4.6042
72.0000 124.0000 36.8930 16.8638 -53.2221
44.0000 96.0000 28.5339 15.0654 -55.7648
260.0000 205.0000 28.6540 24.3090 4.6042
191.0000 101.0000 25.9715 22.0333 4.6042
79.0000 262.0000 31.7353 26.9230 4.6042
113.0000 270.0000 27.0464 22.9451 4.6042
155.0000 179.0000 23.2796 19.7496 4.6042
167.0000 58.0000 28.6642 24.3176 4.6042
