142.0000 239.0000 32.4220 27.5097 4.5896
196.0000 263.0000 22.6451 19.2141 4.5896
198.0000 185.0000 39.3631 33.3991 4.5896
138.0000 115.0000 35.5444 30.1590 4.5896
214.0000 145.0000 26.4248 22.4212 4.5896
205.0000 35.0000 36.1606 30.6818 4.5896
165.0000 109.0000 33.1052 28.0894 4.5896
44.0000 143.0000 38.8365 31.2677 58.5289
119.0000 247.0000 36.7269 31.1624 4.5896
64.0000 25.0000 27.2733 12.3919 -26.1289
51.0000 174.0000 27.1519 23.0381 4.5896
64.0000 41.0000 28.6085 13.3352 -48.7429
159.0000 44.0000 32.7521 27.7898 4.5896
233.0000 90.0000 30.7752 26.1124 4.5896
256.0000 176.0000 35.6016 30.2075 4.5896
133.0000 183.0000 26.9801 22.8923 4.5896
204.0000 247.0000 27.3014 23.1649 4.5896
265.0000 61.0000 28.1197 23.8592 4.5896
244.0000 265.0000 20.1306 17.0806 4.5896
102.0000 21.0000 22.6257 13.2174 -10.0799
