212.0000 268.0000 27.2818 23.1449 4.6042
164.0000 100.0000 31.7811 26.9619 4.6042
247.0000 57.0000 31.7353 26.9230 4.6042
27.0000 115.0000 32.9138 13.7335 -78.0652
102.0000 110.0000 30.2718 20.7082 -11.4688
243.0000 154.0000 29.1968 24.7695 4.6042
53.0000 129.0000 25.3616 15.8299 87.7248
145.0000 209.0000 34.0511 28.8877 4.6042
78.0000 67.0000 47.4362 17.1230 -32.1547
228.0000 143.0000 33.4220 28.3540 4.6042
100.0000 274.0000 23.1921 19.6753 4.6042
178.0000 218.0000 23.4910 19.9289 4.6042
107.0000 51.0000 25.3036 17.0052 -20.9318
162.0000 179.0000 34.6856 29.4259 4.6042
262.0000 93.0000 30.6731 26.0219 4.6042
178.0000 105.0000 33.1073 28.0870 4.6042
214.0000 61.0000 27.2818 23.1449 4.6042
220.0000 243.0000 27.0464 22.9451 4.6042
269.0000 261.0000 31.2924 26.5473 4.6042
215.0000 189.0000 20.6030 17.4788 4.6042
100.0000 251.0000 25.9267 21.9953 4.6042
47.0000 221.0000 32.0725 27.2091 4.6042
39.0000 166.0000 20.1319 17.0792 4.6042
44.0000 256.0000 34.6604 29.4046 4.6042
