231.0000 258.0000 24.7447 20.9925 4.6042
44.0000 221.0000 34.1789 28.9961 4.6042
80.0000 167.0000 23.3420 19.8025 4.6042
200.0000 114.0000 26.6784 22.6329 4.6042
74.0000 107.0000 41.0351 17.9807 -48.6073
167.0000 101.0000 30.3683 25.7633 4.6042
86.0000 220.0000 32.7453 27.7799 4.6042
126.0000 42.0000 25.2564 21.4266 4.6042
196.0000 54.0000 35.1518 29.8215 4.6042
244.0000 205.0000 31.9362 27.0935 4.6042
192.0000 273.0000 30.3683 25.7633 4.6042
29.0000 122.0000 29.2397 12.4280 -60.7990
51.0000 75.0000 38.9733 19.1697 -53.9246
120.0000 53.0000 23.4910 19.9289 4.6042
264.0000 159.0000 31.2924 26.5473 4.6042
213.0000 188.0000 28.7047 24.3520 4.6042
74.0000 257.0000 35.0524 29.7372 4.6042
191.0000 250.0000 19.4413 16.4933 4.6042
34.0000 151.0000 21.0911 17.8929 4.6042
27.0000 267.0000 25.8031 21.8904 4.6042
241.0000 63.0000 26.4265 22.4193 4.6042
115.0000 150.0000 26.6893 22.6422 4.6042
177.0000 147.0000 22.1140 18.7607 4.6042
248.0000 26.0000 25.6221 21.7369 4.6042
