104.0000 104.0000 40.1221 28.5712 -20.7768
151.0000 27.0000 27.3027 23.1635 4.5986
54.0000 99.0000 51.1135 21.4058 -77.3029
190.0000 123.0000 33.5604 28.4724 4.5986
45.0000 152.0000 48.1836 27.3447 30.9175
251.0000 61.0000 29.8269 25.3049 4.5986
172.0000 252.0000 42.6818 36.2109 4.5986
174.0000 193.0000 23.9442 20.3141 4.5986
183.0000 83.0000 35.7419 30.3232 4.5986
231.0000 40.0000 31.0401 26.3342 4.5986
131.0000 267.0000 27.0782 22.9730 4.5986
105.0000 180.0000 39.9006 33.8514 4.5986
228.0000 173.0000 46.6834 39.6059 4.5986
144.0000 160.0000 23.6879 20.0966 4.5986
130.0000 35.0000 25.3824 21.5342 4.5986
232.0000 199.0000 40.0170 33.9501 4.5986
