140.0000 154.0000 31.4387 26.6754 4.5896
146.0000 97.0000 31.4017 26.6440 4.5896
261.0000 64.0000 28.0576 23.8065 4.5896
213.0000 79.0000 33.1052 28.0894 4.5896
27.0000 129.0000 40.0692 17.4253 -67.4157
236.0000 191.0000 27.7555 23.5502 4.5896
85.0000 50.0000 44.5072 15.5861 -22.1509
65.0000 222.0000 26.0258 22.0826 4.5896
145.0000 232.0000 31.8156 26.9952 4.5896
203.0000 194.0000 21.0345 17.8476 4.5896
174.0000 101.0000 25.9699 22.0351 4.5896
272.0000 33.0000 24.3285 20.6424 4.5896
57.0000 143.0000 32.0704 27.2114 4.5896
73.0000 246.0000 25.2548 21.4284 4.5896
40.0000 31.0000 28.1125 12.7733 17.7139
124.0000 224.0000 21.9939 18.6616 4.5896
36.0000 178.0000 23.1906 19.6769 4.5896
181.0000 34.0000 34.7754 29.5065 4.5896
110.0000 28.0000 17.8008 15.1037 4.5896
163.0000 176.0000 25.3811 21.5356 4.5896
