99.0000 98.0000 40.8033 21.8751 -18.7671
94.0000 251.0000 44.9122 38.1032 4.5986
209.0000 141.0000 42.1057 35.7222 4.5986
154.0000 187.0000 41.2406 34.9883 4.5986
60.0000 156.0000 39.9006 33.8514 4.5986
53.0000 59.0000 31.4001 15.2363 -51.6238
257.0000 69.0000 37.8591 32.1194 4.5986
201.0000 49.0000 29.8269 25.3049 4.5986
254.0000 37.0000 39.4536 33.4722 4.5986
246.0000 197.0000 33.4823 28.4062 4.5986
209.0000 235.0000 41.6266 35.3157 4.5986
133.0000 70.0000 28.0590 23.8050 4.5986
48.0000 166.0000 39.7692 33.7399 4.5986
53.0000 217.0000 28.7751 24.4126 4.5986
155.0000 131.0000 33.2208 28.1843 4.5986
72.0000 35.0000 30.7571 11.2384 -43.5868
