176.0000 58.0000 36.1307 30.6520 4.6042
96.0000 169.0000 32.4241 27.5074 4.6042
69.0000 258.0000 29.6611 25.1634 4.6042
142.0000 204.0000 29.8955 25.3622 4.6042
266.0000 51.0000 30.6731 26.0219 4.6042
46.0000 111.0000 39.4333 16.5167 -67.4115
154.0000 90.0000 25.1757 21.3581 4.6042
264.0000 208.0000 32.3702 27.4617 4.6042
122.0000 248.0000 27.4941 23.3250 4.6042
250.0000 168.0000 26.2388 22.2600 4.6042
270.0000 106.0000 23.7495 20.1482 4.6042
180.0000 155.0000 29.1869 24.7610 4.6042
236.0000 108.0000 22.7491 19.2995 4.6042
78.0000 114.0000 23.1013 11.0458 -50.4851
225.0000 236.0000 27.7572 23.5482 4.6042
238.0000 47.0000 30.1954 25.6167 4.6042
87.0000 218.0000 17.8019 15.1025 4.6042
115.0000 147.0000 25.0135 21.2205 4.6042
103.0000 80.0000 32.9622 15.2569 -14.5731
204.0000 193.0000 27.9660 23.7253 4.6042
37.0000 68.0000 31.1758 13.0557 -46.5341
136.0000 33.0000 21.0911 17.8929 4.6042
268.0000 265.0000 27.4942 23.3250 4.6042
190.0000 136.0000 25.1757 21.3581 4.6042
