139.0000 122.0000 35.7320 30.3182 4.5896
113.0000 247.0000 31.2905 26.5496 4.5896
225.0000 63.0000 34.5069 29.2787 4.5896
260.0000 152.0000 34.5237 29.2930 4.5896
230.0000 254.0000 35.1082 29.7889 4.5896
218.0000 93.0000 32.4220 27.5097 4.5896
250.0000 229.0000 32.0704 27.2114 4.5896
68.0000 274.0000 18.8786 16.0183 4.5896
149.0000 247.0000 29.0352 24.6360 4.5896
117.0000 80.0000 35.1248 29.8030 4.5896
269.0000 68.0000 23.0523 19.5596 4.5896
86.0000 126.0000 36.8460 21.6914 -34.5468
201.0000 174.0000 30.9636 26.2722 4.5896
136.0000 191.0000 30.7752 26.1124 4.5896
198.0000 214.0000 22.8751 19.4092 4.5896
64.0000 53.0000 46.8463 16.6865 -41.8791
47.0000 74.0000 25.4615 13.5073 -52.1399
92.0000 194.0000 21.5938 18.3220 4.5896
53.0000 255.0000 18.3635 15.5812 4.5896
165.0000 73.0000 22.4258 19.0281 4.5896
