38.0000 75.0000 30.9747 16.6046 -33.7083
29.0000 96.0000 29.7757 16.7280 -54.2784
146.0000 57.0000 31.5239 26.7437 4.6042
42.0000 217.0000 33.6301 28.5305 4.6042
21.0000 168.0000 18.3330 15.5530 4.6042
156.0000 251.0000 26.0274 22.0807 4.6042
242.0000 254.0000 25.6335 21.7465 4.6042
213.0000 86.0000 24.3300 20.6407 4.6042
53.0000 22.0000 25.8791 15.3206 -58.3980
78.0000 109.0000 23.9299 9.2276 -47.6564
75.0000 99.0000 25.8123 9.4123 -38.0174
171.0000 151.0000 32.4420 27.5226 4.6042
79.0000 219.0000 32.8959 27.9076 4.6042
139.0000 264.0000 21.0911 17.8929 4.6042
210.0000 228.0000 26.4265 22.4193 4.6042
125.0000 150.0000 32.1811 27.3012 4.6042
255.0000 116.0000 34.1789 28.9961 4.6042
74.0000 33.0000 29.1566 10.4233 -41.0896
142.0000 113.0000 34.0084 28.8514 4.6042
257.0000 174.0000 35.6038 30.2050 4.6042
69.0000 174.0000 28.0386 23.7869 4.6042
266.0000 233.0000 28.9869 24.5914 4.6042
208.0000 176.0000 19.4114 16.4679 4.6042
178.0000 41.0000 33.1073 28.0870 4.6042
