163.0000 127.0000 35.1082 29.7889 4.5896
256.0000 152.0000 25.2548 21.4284 4.5896
73.0000 48.0000 46.3910 16.4416 -41.2354
71.0000 154.0000 31.7424 26.9331 4.5896
62.0000 81.0000 47.1142 17.1717 -42.8040
279.0000 104.0000 23.0523 19.5596 4.5896
209.0000 104.0000 23.1906 19.6769 4.5896
115.0000 81.0000 25.4840 21.6229 4.5896
131.0000 187.0000 20.6017 17.4803 4.5896
228.0000 156.0000 36.9164 31.3231 4.5896
254.0000 214.0000 35.5444 30.1590 4.5896
223.0000 216.0000 26.9801 22.8923 4.5896
269.0000 66.0000 24.3165 20.6323 4.5896
155.0000 106.0000 24.8253 21.0639 4.5896
58.0000 187.0000 22.1651 18.8068 4.5896
86.0000 182.0000 26.4358 22.4305 4.5896
126.0000 244.0000 43.1875 36.6441 4.5896
163.0000 215.0000 27.7555 23.5502 4.5896
138.0000 41.0000 27.0446 22.9471 4.5896
150.0000 278.0000 20.1306 17.0806 4.5896
