114.0000 156.0000 30.8522 26.1748 4.5986
141.0000 103.0000 40.6155 34.4579 4.5986
122.0000 216.0000 23.4907 19.9293 4.5986
260.0000 44.0000 30.4730 25.8531 4.5986
253.0000 275.0000 24.2698 20.5904 4.5986
207.0000 36.0000 31.2920 26.5479 4.5986
187.0000 200.0000 49.1409 41.6908 4.5986
216.0000 154.0000 37.8591 32.1194 4.5986
237.0000 73.0000 27.9239 23.6905 4.5986
78.0000 101.0000 37.7578 13.7401 -39.5822
229.0000 211.0000 31.1243 26.4057 4.5986
105.0000 256.0000 25.3824 21.5342 4.5986
94.0000 55.0000 44.8173 17.3641 -12.7466
40.0000 35.0000 34.5410 15.7554 -53.6869
90.0000 268.0000 22.6334 19.2020 4.5986
227.0000 276.0000 22.7487 19.2999 4.5986
