243.0000 78.0000 29.6705 25.1723 4.5986
120.0000 174.0000 43.2569 36.6989 4.5986
206.0000 104.0000 41.6056 35.2979 4.5986
124.0000 104.0000 29.6705 25.1723 4.5986
86.0000 113.0000 43.4840 23.0251 -31.1845
45.0000 153.0000 29.6607 25.1640 4.5986
157.0000 44.0000 35.8069 30.3783 4.5986
219.0000 209.0000 44.2667 37.5556 4.5986
169.0000 241.0000 39.2541 33.3029 4.5986
230.0000 130.0000 25.3824 21.5342 4.5986
233.0000 55.0000 19.9576 16.9319 4.5986
48.0000 181.0000 32.4415 27.5232 4.5986
171.0000 167.0000 25.2561 21.4271 4.5986
147.0000 21.0000 21.6754 18.3893 4.5986
220.0000 251.0000 30.4730 25.8531 4.5986
73.0000 61.0000 27.7806 10.0570 -42.4785
