239.0000 208.0000 23.3420 19.8025 4.6042
197.0000 175.0000 32.8959 27.9076 4.6042
207.0000 249.0000 31.0406 26.3337 4.6042
44.0000 103.0000 39.4372 16.3451 -75.7294
31.0000 82.0000 26.3795 12.9596 -46.9960
175.0000 130.0000 25.3942 21.5435 4.6042
34.0000 219.0000 26.9602 22.8720 4.6042
118.0000 178.0000 30.4734 25.8525 4.6042
279.0000 229.0000 21.8095 18.5023 4.6042
77.0000 170.0000 34.9278 29.6314 4.6042
209.0000 39.0000 38.3177 32.5073 4.6042
68.0000 230.0000 26.0832 22.1280 4.6042
100.0000 82.0000 39.1160 15.3103 -8.9403
184.0000 67.0000 33.9742 28.8224 4.6042
70.0000 49.0000 41.3230 14.2912 -42.0823
103.0000 147.0000 31.2924 26.5473 4.6042
30.0000 157.0000 20.5181 17.4068 4.6042
263.0000 254.0000 23.6882 20.0962 4.6042
180.0000 193.0000 21.5951 18.3205 4.6042
98.0000 37.0000 26.5567 11.7234 -13.6855
34.0000 260.0000 26.9818 22.8903 4.6042
261.0000 56.0000 25.6221 21.7369 4.6042
152.0000 33.0000 23.6882 20.0962 4.6042
163.0000 250.0000 31.7444 26.9308 4.6042
