235.0000 221.0000 39.5493 33.5533 4.5986
119.0000 115.0000 35.9210 31.7510 -59.8094
145.0000 257.0000 40.7299 34.5550 4.5986
155.0000 183.0000 43.5716 36.9659 4.5986
237.0000 171.0000 35.3246 29.9691 4.5986
64.0000 87.0000 43.5219 16.6144 -42.8946
41.0000 161.0000 35.3246 29.9691 4.5986
234.0000 22.0000 21.0356 17.8465 4.5986
231.0000 46.0000 26.5578 22.5315 4.5986
99.0000 58.0000 34.4140 14.6400 -10.3411
115.0000 209.0000 49.7115 42.1749 4.5986
107.0000 276.0000 26.2384 22.2605 4.5986
204.0000 214.0000 24.8966 21.1222 4.5986
171.0000 93.0000 25.1753 21.3586 4.5986
220.0000 100.0000 28.1211 23.8577 4.5986
64.0000 149.0000 25.8027 21.8908 4.5986
