194.0000 65.0000 24.5560 20.8324 4.6042
127.0000 209.0000 31.0499 26.3416 4.6042
266.0000 256.0000 23.9446 20.3137 4.6042
74.0000 127.0000 24.7232 15.3809 -65.4156
262.0000 215.0000 37.7597 32.0339 4.6042
167.0000 203.0000 33.4220 28.3540 4.6042
44.0000 202.0000 19.5308 16.5692 4.6042
220.0000 157.0000 26.0832 22.1280 4.6042
143.0000 164.0000 24.8268 21.0622 4.6042
156.0000 70.0000 27.1536 23.0361 4.6042
226.0000 229.0000 34.6604 29.4046 4.6042
32.0000 79.0000 25.7563 12.0880 -52.0947
97.0000 108.0000 37.9051 20.6155 -12.1624
36.0000 242.0000 31.2924 26.5473 4.6042
70.0000 232.0000 32.3613 27.4541 4.6042
232.0000 140.0000 26.8630 22.7896 4.6042
179.0000 110.0000 33.6301 28.5305 4.6042
36.0000 63.0000 28.1244 14.0945 -32.3819
150.0000 124.0000 18.9414 16.0691 4.6042
144.0000 264.0000 31.7811 26.9619 4.6042
80.0000 77.0000 30.4348 10.8962 -38.1064
165.0000 266.0000 27.5470 23.3698 4.6042
127.0000 32.0000 31.7353 26.9230 4.6042
278.0000 162.0000 21.0911 17.8929 4.6042
