249.0000 114.0000 37.3961 31.7254 4.6042
193.0000 77.0000 33.0018 27.9975 4.6042
59.0000 149.0000 24.5560 20.8324 4.6042
192.0000 222.0000 22.1665 18.8052 4.6042
172.0000 139.0000 34.9278 29.6314 4.6042
270.0000 32.0000 29.6611 25.1634 4.6042
112.0000 145.0000 31.4408 26.6732 4.6042
163.0000 201.0000 29.4348 24.9714 4.6042
127.0000 251.0000 23.8228 20.2104 4.6042
59.0000 200.0000 26.4375 22.4286 4.6042
93.0000 256.0000 25.3827 21.5338 4.6042
150.0000 112.0000 23.7495 20.1482 4.6042
50.0000 239.0000 21.3650 18.1253 4.6042
106.0000 217.0000 23.9446 20.3137 4.6042
235.0000 38.0000 33.2475 28.2060 4.6042
85.0000 97.0000 43.2167 20.2447 -38.4527
214.0000 191.0000 19.4114 16.4679 4.6042
232.0000 228.0000 23.2422 19.7178 4.6042
34.0000 83.0000 25.8625 12.9760 -26.5921
253.0000 249.0000 27.9660 23.7253 4.6042
110.0000 281.0000 17.8019 15.1025 4.6042
54.0000 36.0000 45.2751 19.5516 -47.5585
41.0000 147.0000 31.0406 26.3337 4.6042
260.0000 204.0000 26.6020 22.5681 4.6042
