169.0000 204.0000 28.0594 23.8045 4.6042
157.0000 253.0000 32.9312 27.9376 4.6042
174.0000 256.0000 29.1170 24.7018 4.6042
95.0000 138.0000 31.4102 27.3885 2.1182
121.0000 186.0000 25.3483 21.5046 4.6042
255.0000 94.0000 22.2712 18.8940 4.6042
91.0000 204.0000 20.7436 17.5981 4.6042
96.0000 54.0000 35.4723 14.0440 -12.7180
205.0000 60.0000 29.4249 24.9630 4.6042
163.0000 54.0000 28.8260 24.4549 4.6042
228.0000 122.0000 21.6758 18.3889 4.6042
45.0000 178.0000 25.3942 21.5435 4.6042
250.0000 154.0000 37.2403 31.5933 4.6042
37.0000 65.0000 39.9006 19.3251 -53.0765
128.0000 110.0000 29.3458 24.8959 4.6042
25.0000 202.0000 27.4941 23.3250 4.6042
84.0000 35.0000 32.3274 11.7459 -27.0726
145.0000 136.0000 26.6784 22.6329 4.6042
254.0000 49.0000 25.1757 21.3581 4.6042
222.0000 206.0000 34.6604 29.4046 4.6042
57.0000 205.0000 21.9953 18.6600 4.6042
44.0000 261.0000 32.5136 27.5833 4.6042
196.0000 27.0000 22.7491 19.2995 4.6042
57.0000 93.0000 21.5454 15.5932 -23.8053
