144.0000 137.0000 31.1228 26.4073 4.5896
54.0000 171.0000 39.0591 33.1412 4.5896
229.0000 75.0000 31.3462 26.5968 4.5896
104.0000 40.0000 34.2666 18.4198 -9.6238
153.0000 205.0000 39.1929 33.2547 4.5896
45.0000 198.0000 29.6102 25.1239 4.5896
104.0000 120.0000 30.8406 27.1945 -55.2912
145.0000 269.0000 21.0345 17.8476 4.5896
211.0000 186.0000 26.0816 22.1299 4.5896
253.0000 233.0000 38.7378 32.8686 4.5896
226.0000 244.0000 24.1124 20.4591 4.5896
67.0000 49.0000 36.7187 13.2933 -42.2143
155.0000 86.0000 31.7149 26.9097 4.5896
104.0000 230.0000 24.8253 21.0639 4.5896
228.0000 144.0000 32.1790 27.3035 4.5896
213.0000 94.0000 21.9939 18.6616 4.5896
263.0000 35.0000 23.9309 20.3051 4.5896
168.0000 265.0000 28.8242 24.4570 4.5896
104.0000 258.0000 22.6708 19.2359 4.5896
185.0000 32.0000 37.6648 31.9581 4.5896
