54.0000 76.0000 56.4997 22.2429 -48.2158
25.0000 261.0000 27.1532 23.0366 4.5986
173.0000 216.0000 45.0479 38.2184 4.5986
117.0000 39.0000 31.5016 27.0730 -48.5184
156.0000 45.0000 41.6056 35.2979 4.5986
275.0000 247.0000 32.8246 27.8482 4.5986
131.0000 156.0000 47.7547 40.5148 4.5986
270.0000 97.0000 34.1444 28.9679 4.5986
241.0000 78.0000 34.7771 29.5047 4.5986
114.0000 223.0000 38.7397 32.8665 4.5986
40.0000 46.0000 39.2293 21.6827 -50.0299
268.0000 202.0000 28.3681 24.0673 4.5986
151.0000 92.0000 34.7855 29.5118 4.5986
86.0000 163.0000 36.9576 31.3546 4.5986
226.0000 102.0000 18.3644 15.5802 4.5986
65.0000 266.0000 32.4416 27.5232 4.5986
