85.0000 71.0000 47.2041 16.6503 -16.7736
155.0000 72.0000 40.5869 34.4336 4.5986
205.0000 157.0000 39.2541 33.3029 4.5986
33.0000 193.0000 24.9783 21.1914 4.5986
255.0000 154.0000 19.4111 16.4682 4.5986
145.0000 114.0000 34.1444 28.9679 4.5986
52.0000 140.0000 40.0125 23.7579 82.9070
166.0000 229.0000 37.1850 31.5475 4.5986
228.0000 201.0000 31.7165 26.9081 4.5986
212.0000 240.0000 31.3755 26.6188 4.5986
70.0000 208.0000 26.2938 22.3075 4.5986
37.0000 102.0000 40.7590 17.1884 -66.9727
45.0000 242.0000 33.4215 28.3546 4.5986
165.0000 265.0000 30.8805 26.1988 4.5986
245.0000 111.0000 35.8475 30.4127 4.5986
98.0000 146.0000 22.4270 19.0269 4.5986
