260.0000 65.0000 37.5507 31.8578 4.5986
241.0000 246.0000 32.1806 27.3018 4.5986
137.0000 42.0000 35.5706 30.1779 4.5986
181.0000 145.0000 39.1948 33.2526 4.5986
84.0000 133.0000 41.6473 31.9174 -37.4685
121.0000 253.0000 21.5948 18.3209 4.5986
61.0000 91.0000 47.0810 17.8959 -47.7621
192.0000 182.0000 42.2780 35.8684 4.5986
249.0000 265.0000 38.2184 32.4242 4.5986
148.0000 66.0000 20.5178 17.4072 4.5986
128.0000 191.0000 37.3955 31.7261 4.5986
274.0000 107.0000 30.0793 25.5190 4.5986
44.0000 140.0000 24.2698 20.5904 4.5986
156.0000 262.0000 28.6536 24.3095 4.5986
251.0000 123.0000 24.8265 21.0626 4.5986
179.0000 30.0000 32.0720 27.2097 4.5986
