226.0000 60.0000 30.0410 25.4857 4.6042
56.0000 98.0000 30.6772 13.4014 -48.7439
50.0000 44.0000 32.1251 15.4217 -48.5259
248.0000 44.0000 28.9869 24.5914 4.6042
152.0000 176.0000 31.8176 26.9929 4.6042
196.0000 124.0000 35.3827 30.0173 4.6042
127.0000 77.0000 34.5259 29.2905 4.6042
130.0000 149.0000 34.4838 29.2548 4.6042
229.0000 170.0000 22.8765 19.4076 4.6042
125.0000 252.0000 29.3359 24.8875 4.6042
223.0000 202.0000 29.3359 24.8875 4.6042
105.0000 51.0000 28.8303 16.7982 -11.3954
33.0000 56.0000 37.1416 16.1053 -42.5593
94.0000 236.0000 33.2213 28.1837 4.6042
62.0000 132.0000 33.4528 20.0988 -74.8107
248.0000 122.0000 23.8228 20.2104 4.6042
159.0000 34.0000 25.3827 21.5338 4.6042
111.0000 178.0000 31.2924 26.5473 4.6042
256.0000 245.0000 38.3783 32.5587 4.6042
263.0000 76.0000 25.6335 21.7465 4.6042
205.0000 261.0000 21.9953 18.6600 4.6042
260.0000 184.0000 30.3683 25.7633 4.6042
195.0000 89.0000 22.7491 19.2995 4.6042
88.0000 267.0000 22.7491 19.2995 4.6042
