147.0000 235.0000 30.9636 26.2722 4.5896
176.0000 96.0000 31.8156 26.9952 4.5896
201.0000 102.0000 30.7374 26.0803 4.5896
73.0000 165.0000 33.2192 28.1861 4.5896
241.0000 173.0000 36.1526 30.6750 4.5896
150.0000 267.0000 35.1248 29.8029 4.5896
275.0000 90.0000 22.1126 18.7622 4.5896
201.0000 244.0000 34.1427 28.9697 4.5896
44.0000 99.0000 32.2175 12.9215 -46.7279
39.0000 191.0000 33.2454 28.2083 4.5896
76.0000 71.0000 45.1608 16.2339 -36.5790
94.0000 109.0000 21.3465 10.9657 -16.1907
258.0000 41.0000 37.6725 31.9647 4.5896
240.0000 199.0000 25.8014 21.8922 4.5896
232.0000 43.0000 30.3663 25.7655 4.5896
79.0000 212.0000 38.3759 32.5615 4.5896
251.0000 103.0000 18.8787 16.0183 4.5896
43.0000 32.0000 25.6708 11.1029 -47.6012
165.0000 44.0000 28.5811 24.2507 4.5896
125.0000 188.0000 20.0148 16.9823 4.5896
