49.0000 178.0000 30.6712 26.0241 4.5896
95.0000 145.0000 29.0352 24.6360 4.5896
95.0000 236.0000 41.2033 34.9605 4.5896
267.0000 186.0000 20.5168 17.4083 4.5896
58.0000 101.0000 32.7960 14.1466 -54.4741
32.0000 99.0000 43.9579 19.3041 -68.5334
45.0000 37.0000 41.8450 21.5201 -50.1211
107.0000 61.0000 34.1632 18.4662 -8.1044
134.0000 44.0000 31.8521 27.0262 4.5896
162.0000 154.0000 34.6582 29.4071 4.5896
147.0000 180.0000 27.6295 23.4433 4.5896
241.0000 174.0000 32.3592 27.4564 4.5896
50.0000 235.0000 26.5565 22.5329 4.5896
226.0000 237.0000 30.0100 25.4632 4.5896
231.0000 271.0000 22.6708 19.2359 4.5896
91.0000 204.0000 29.4330 24.9735 4.5896
195.0000 227.0000 27.2801 23.1468 4.5896
189.0000 263.0000 24.7432 20.9943 4.5896
50.0000 149.0000 19.5296 16.5706 4.5896
163.0000 82.0000 33.8692 28.7376 4.5896
