224.0000 217.0000 31.1154 26.3972 4.6042
43.0000 244.0000 29.3359 24.8875 4.6042
77.0000 155.0000 31.0406 26.3337 4.6042
149.0000 202.0000 23.9324 20.3034 4.6042
151.0000 268.0000 29.1370 24.7187 4.6042
233.0000 55.0000 21.9953 18.6600 4.6042
258.0000 199.0000 24.5915 20.8625 4.6042
87.0000 97.0000 26.0662 9.4721 -16.1070
75.0000 238.0000 28.6540 24.3090 4.6042
202.0000 42.0000 34.0084 28.8514 4.6042
102.0000 81.0000 29.1630 16.3072 -13.3864
223.0000 175.0000 30.0797 25.5185 4.6042
176.0000 93.0000 36.6659 31.1060 4.6042
103.0000 145.0000 20.1319 17.0792 4.6042
171.0000 266.0000 32.4420 27.5226 4.6042
214.0000 116.0000 28.9869 24.5914 4.6042
157.0000 169.0000 25.3483 21.5046 4.6042
29.0000 203.0000 20.7436 17.5981 4.6042
111.0000 187.0000 26.6893 22.6422 4.6042
103.0000 258.0000 22.2712 18.8940 4.6042
65.0000 60.0000 33.6224 15.3519 -52.1648
84.0000 272.0000 23.9324 20.3034 4.6042
50.0000 201.0000 18.3646 15.5799 4.6042
176.0000 190.0000 20.0160 16.9809 4.6042
