239.0000 197.0000 34.5091 29.2762 4.6042
25.0000 161.0000 20.7436 17.5981 4.6042
214.0000 187.0000 37.3027 31.6462 4.6042
244.0000 77.0000 31.8176 26.9929 4.6042
117.0000 221.0000 38.2873 32.4815 4.6042
59.0000 40.0000 36.5240 21.9468 -45.6318
69.0000 82.0000 24.7396 14.5072 42.9487
135.0000 165.0000 29.4250 24.9630 4.6042
263.0000 73.0000 36.6818 31.1194 4.6042
57.0000 204.0000 36.9188 31.3205 4.6042
194.0000 71.0000 26.8630 22.7896 4.6042
92.0000 128.0000 30.4751 24.9656 -29.6642
214.0000 233.0000 21.0911 17.8929 4.6042
97.0000 49.0000 33.8890 12.7698 -9.2347
35.0000 254.0000 32.1720 27.2935 4.6042
214.0000 128.0000 28.5829 24.2487 4.6042
143.0000 95.0000 36.4512 30.9238 4.6042
75.0000 257.0000 26.2942 22.3070 4.6042
164.0000 38.0000 33.4220 28.3540 4.6042
210.0000 31.0000 21.3650 18.1253 4.6042
248.0000 259.0000 24.8970 21.1217 4.6042
22.0000 143.0000 20.4898 17.3828 4.6042
192.0000 135.0000 27.7258 23.5215 4.6042
209.0000 274.0000 23.4910 19.9289 4.6042
