119.0000 77.0000 21.9939 18.6616 4.5896
37.0000 91.0000 46.7707 19.4848 -62.2110
87.0000 172.0000 41.2033 34.9605 4.5896
176.0000 252.0000 31.2719 26.5338 4.5896
39.0000 66.0000 41.0854 21.5095 -45.7383
231.0000 156.0000 33.7057 28.5989 4.5896
45.0000 266.0000 30.4715 25.8547 4.5896
201.0000 276.0000 24.9770 21.1927 4.5896
172.0000 99.0000 34.8422 29.5632 4.5896
110.0000 132.0000 37.3341 21.6608 8.6138
180.0000 72.0000 24.9770 21.1927 4.5896
247.0000 115.0000 33.2454 28.2083 4.5896
267.0000 168.0000 31.2905 26.5496 4.5896
149.0000 167.0000 27.4924 23.3270 4.5896
93.0000 52.0000 30.1141 13.4114 -16.7386
62.0000 273.0000 28.9851 24.5935 4.5896
229.0000 232.0000 31.4017 26.6440 4.5896
178.0000 193.0000 22.8750 19.4092 4.5896
261.0000 235.0000 31.3740 26.6204 4.5896
126.0000 47.0000 33.2454 28.2083 4.5896
