190.0000 240.0000 22.2708 18.8944 4.5986
155.0000 91.0000 37.2475 31.6006 4.5986
235.0000 255.0000 34.7771 29.5047 4.5986
124.0000 201.0000 30.7389 26.0787 4.5986
182.0000 90.0000 43.0075 36.4873 4.5986
195.0000 190.0000 39.3059 33.3469 4.5986
80.0000 220.0000 30.7389 26.0787 4.5986
259.0000 178.0000 28.8256 24.4554 4.5986
197.0000 270.0000 22.7487 19.2999 4.5986
58.0000 168.0000 41.3322 35.0659 4.5986
89.0000 128.0000 39.1937 26.0938 -45.1258
253.0000 139.0000 41.2688 35.0122 4.5986
249.0000 59.0000 30.7389 26.0787 4.5986
35.0000 115.0000 25.1973 11.4457 -85.0443
185.0000 166.0000 24.5912 20.8630 4.5986
139.0000 35.0000 29.4245 24.9636 4.5986
