267.0000 212.0000 32.5762 27.6364 4.6042
276.0000 241.0000 21.2011 17.9862 4.6042
91.0000 257.0000 35.2509 29.9056 4.6042
187.0000 251.0000 30.3683 25.7633 4.6042
68.0000 39.0000 31.0113 12.6233 -46.1939
193.0000 197.0000 35.1105 29.7864 4.6042
90.0000 200.0000 22.4273 19.0265 4.6042
47.0000 231.0000 31.1154 26.3972 4.6042
262.0000 95.0000 25.9715 22.0333 4.6042
45.0000 127.0000 26.3140 19.3284 -31.2578
196.0000 89.0000 23.4910 19.9289 4.6042
241.0000 114.0000 31.7170 26.9075 4.6042
165.0000 173.0000 25.1757 21.3581 4.6042
129.0000 205.0000 30.4734 25.8525 4.6042
211.0000 272.0000 21.5951 18.3205 4.6042
27.0000 42.0000 22.1555 9.7774 -50.8714
83.0000 105.0000 34.4586 15.3040 -43.3913
95.0000 121.0000 20.0419 11.8622 -6.3640
173.0000 94.0000 20.5181 17.4068 4.6042
93.0000 176.0000 21.0359 17.8461 4.6042
235.0000 60.0000 25.9043 21.9762 4.6042
100.0000 33.0000 23.7526 10.9251 -8.1008
41.0000 177.0000 29.1868 24.7610 4.6042
167.0000 60.0000 17.8019 15.1025 4.6042
