184.0000 206.0000 30.7772 26.1102 4.6042
81.0000 125.0000 38.6487 20.0747 -49.8454
88.0000 243.0000 22.6466 19.2125 4.6042
264.0000 239.0000 24.4135 20.7115 4.6042
268.0000 113.0000 21.0359 17.8461 4.6042
215.0000 57.0000 39.3656 33.3963 4.6042
104.0000 224.0000 33.8627 28.7279 4.6042
185.0000 51.0000 30.0119 25.4610 4.6042
142.0000 125.0000 31.3017 26.5552 4.6042
235.0000 261.0000 27.4941 23.3250 4.6042
157.0000 222.0000 24.1140 20.4574 4.6042
189.0000 139.0000 18.8799 16.0170 4.6042
199.0000 116.0000 23.4910 19.9289 4.6042
156.0000 103.0000 28.6540 24.3090 4.6042
134.0000 182.0000 25.3827 21.5338 4.6042
49.0000 108.0000 37.2737 16.6264 -59.1279
71.0000 45.0000 44.4799 15.5229 -41.4262
220.0000 177.0000 18.9414 16.0691 4.6042
46.0000 150.0000 22.1140 18.7607 4.6042
179.0000 263.0000 27.0786 22.9725 4.6042
110.0000 55.0000 31.5752 27.6750 -48.4599
251.0000 190.0000 29.7785 25.2630 4.6042
76.0000 211.0000 29.3458 24.8959 4.6042
268.0000 142.0000 22.1140 18.7607 4.6042
