217.0000 134.0000 38.3171 32.5080 4.5986
174.0000 49.0000 25.9039 21.9767 4.5986
173.0000 254.0000 41.5216 35.2267 4.5986
205.0000 117.0000 42.3741 35.9499 4.5986
254.0000 237.0000 27.9239 23.6905 4.5986
72.0000 215.0000 40.0315 33.9625 4.5986
72.0000 261.0000 24.5912 20.8630 4.5986
119.0000 120.0000 20.1316 17.0795 4.5986
115.0000 269.0000 21.9950 18.6604 4.5986
193.0000 53.0000 27.5043 23.3345 4.5986
103.0000 152.0000 25.1754 21.3586 4.5986
171.0000 222.0000 41.2406 34.9883 4.5986
122.0000 183.0000 33.7677 28.6483 4.5986
260.0000 214.0000 32.3967 27.4852 4.5986
28.0000 245.0000 22.8762 19.4080 4.5986
22.0000 257.0000 22.7487 19.2999 4.5986
