229.0000 219.0000 33.5847 28.4962 4.5896
172.0000 176.0000 26.6767 22.6348 4.5896
128.0000 152.0000 34.5237 29.2930 4.5896
127.0000 52.0000 34.1427 28.9697 4.5896
212.0000 239.0000 37.2066 31.5694 4.5896
114.0000 33.0000 26.6876 22.6441 4.5896
94.0000 89.0000 25.5616 10.2656 -11.2595
197.0000 55.0000 34.4479 29.2286 4.5896
270.0000 91.0000 34.1001 28.9335 4.5896
70.0000 160.0000 25.3926 21.5453 4.5896
252.0000 138.0000 35.3804 30.0198 4.5896
74.0000 193.0000 33.7057 28.5989 4.5896
139.0000 235.0000 41.5196 35.2289 4.5896
47.0000 188.0000 25.6319 21.7483 4.5896
205.0000 98.0000 25.8802 21.9590 4.5896
271.0000 149.0000 30.3568 25.7573 4.5896
260.0000 268.0000 25.0119 21.2223 4.5896
92.0000 278.0000 26.0258 22.0826 4.5896
56.0000 57.0000 36.5302 18.2233 -54.9956
163.0000 108.0000 25.6205 21.7387 4.5896
