266.0000 88.0000 21.5938 18.3220 4.5896
258.0000 181.0000 26.9585 22.8740 4.5896
88.0000 42.0000 28.7768 10.5944 -14.0357
142.0000 257.0000 31.0480 26.3438 4.5896
53.0000 185.0000 35.4707 30.0964 4.5896
161.0000 134.0000 25.4840 21.6229 4.5896
56.0000 108.0000 43.7159 18.3124 -69.7552
64.0000 273.0000 27.7555 23.5502 4.5896
51.0000 62.0000 43.0800 19.4559 -51.7537
25.0000 194.0000 21.5937 18.3220 4.5896
136.0000 136.0000 25.3467 21.5064 4.5896
180.0000 264.0000 35.0502 29.7397 4.5896
140.0000 66.0000 44.2645 37.5579 4.5896
228.0000 205.0000 33.7660 28.6501 4.5896
244.0000 100.0000 34.0745 28.9118 4.5896
31.0000 239.0000 27.3014 23.1649 4.5896
89.0000 104.0000 25.2549 11.2549 -20.0829
241.0000 237.0000 26.6003 22.5700 4.5896
169.0000 223.0000 32.0704 27.2114 4.5896
69.0000 241.0000 26.6876 22.6441 4.5896
