260.0000 215.0000 30.0502 25.4944 4.5986
66.0000 90.0000 39.6499 14.1687 -42.5730
219.0000 102.0000 35.9689 30.5158 4.5986
159.0000 27.0000 23.9442 20.3141 4.5986
136.0000 144.0000 34.1444 28.9679 4.5986
156.0000 70.0000 46.4211 39.3833 4.5986
228.0000 234.0000 27.7254 23.5220 4.5986
29.0000 166.0000 36.8315 31.2476 4.5986
176.0000 165.0000 49.6530 42.1252 4.5986
53.0000 68.0000 34.3764 17.2667 -52.5576
177.0000 222.0000 23.8225 20.2108 4.5986
240.0000 59.0000 34.4833 29.2554 4.5986
62.0000 203.0000 35.0519 29.7378 4.5986
74.0000 173.0000 27.9239 23.6905 4.5986
122.0000 217.0000 35.1513 29.8222 4.5986
143.0000 252.0000 28.6536 24.3095 4.5986
