158.0000 28.0000 24.1140 20.4574 4.6042
166.0000 166.0000 33.2475 28.2060 4.6042
69.0000 208.0000 33.5002 28.4203 4.6042
198.0000 164.0000 23.8228 20.2104 4.6042
132.0000 239.0000 33.8627 28.7279 4.6042
273.0000 242.0000 30.4734 25.8525 4.6042
105.0000 262.0000 31.4408 26.6732 4.6042
148.0000 274.0000 24.3300 20.6407 4.6042
246.0000 58.0000 30.2724 25.6819 4.6042
51.0000 81.0000 29.7530 13.6382 -57.7276
141.0000 102.0000 34.9278 29.6314 4.6042
72.0000 54.0000 33.7293 11.7562 -40.0160
264.0000 32.0000 27.5470 23.3698 4.6042
102.0000 127.0000 27.4178 23.4601 -52.9249
68.0000 160.0000 26.6784 22.6329 4.6042
100.0000 179.0000 24.3300 20.6407 4.6042
253.0000 228.0000 27.6313 23.4413 4.6042
124.0000 33.0000 27.7573 23.5482 4.6042
219.0000 125.0000 24.8268 21.0622 4.6042
29.0000 187.0000 20.5181 17.4068 4.6042
261.0000 126.0000 30.9655 26.2700 4.6042
30.0000 39.0000 40.5693 18.1388 -51.5878
166.0000 59.0000 27.0786 22.9725 4.6042
254.0000 171.0000 30.1955 25.6167 4.6042
