208.0000 64.0000 40.9790 34.7663 4.5986
29.0000 229.0000 25.4852 21.6215 4.5986
245.0000 213.0000 36.8315 31.2476 4.5986
45.0000 72.0000 40.0283 20.6070 -35.3928
136.0000 179.0000 45.3054 38.4368 4.5986
160.0000 139.0000 38.2184 32.4242 4.5986
226.0000 179.0000 42.0573 35.6812 4.5986
270.0000 96.0000 29.4245 24.9636 4.5986
33.0000 213.0000 22.6719 19.2347 4.5986
114.0000 116.0000 34.4580 29.2339 4.5986
67.0000 37.0000 44.1214 15.4388 -40.8847
153.0000 41.0000 37.2397 31.5939 4.5986
254.0000 117.0000 34.8106 29.5331 4.5986
71.0000 84.0000 35.3628 14.5930 -43.5977
198.0000 247.0000 29.3454 24.8964 4.5986
196.0000 277.0000 19.4111 16.4682 4.5986
