115.0000 153.0000 47.4372 36.8226 4.8483
143.0000 169.0000 43.6783 37.0564 4.5986
85.0000 43.0000 35.1310 12.4193 -18.4656
234.0000 208.0000 25.8027 21.8908 4.5986
213.0000 86.0000 31.8172 26.9935 4.5986
30.0000 175.0000 39.9515 33.8946 4.5986
113.0000 40.0000 28.2766 22.5501 11.8741
256.0000 242.0000 29.1864 24.7616 4.5986
267.0000 71.0000 29.6607 25.1640 4.5986
215.0000 259.0000 35.1513 29.8222 4.5986
34.0000 199.0000 33.4215 28.3546 4.5986
98.0000 213.0000 30.0502 25.4944 4.5986
102.0000 80.0000 26.2270 14.4587 -8.4637
246.0000 37.0000 39.1280 33.1959 4.5986
193.0000 211.0000 17.2543 14.6384 4.5986
195.0000 55.0000 34.8106 29.5331 4.5986
