45.0000 181.0000 32.5741 27.6387 4.5896
221.0000 119.0000 25.9251 21.9971 4.5896
51.0000 253.0000 32.7964 27.8274 4.5896
104.0000 254.0000 39.9568 33.9029 4.5896
187.0000 114.0000 35.7401 30.3251 4.5896
168.0000 183.0000 26.0816 22.1299 4.5896
101.0000 120.0000 21.7424 16.9845 -31.1061
227.0000 169.0000 36.5126 30.9805 4.5896
198.0000 210.0000 18.8787 16.0183 4.5896
43.0000 84.0000 43.4774 22.9805 -41.2467
96.0000 155.0000 29.1351 24.7208 4.5896
191.0000 79.0000 21.9939 18.6616 4.5896
70.0000 50.0000 30.7888 11.8556 -45.5059
273.0000 223.0000 30.5001 25.8790 4.5896
37.0000 159.0000 35.5444 30.1590 4.5896
91.0000 76.0000 30.8380 12.0639 -14.0182
269.0000 265.0000 28.9851 24.5935 4.5896
188.0000 254.0000 25.2548 21.4284 4.5896
163.0000 200.0000 28.5811 24.2507 4.5896
274.0000 160.0000 26.6767 22.6348 4.5896
