37.0000 225.0000 28.9869 24.5914 4.6042
247.0000 177.0000 30.3683 25.7633 4.6042
158.0000 172.0000 21.8095 18.5023 4.6042
32.0000 56.0000 30.6607 14.4380 26.5076
115.0000 267.0000 31.4407 26.6732 4.6042
100.0000 59.0000 32.1610 14.8533 -13.5660
217.0000 225.0000 22.2712 18.8940 4.6042
201.0000 54.0000 32.9930 27.9900 4.6042
130.0000 69.0000 22.2712 18.8940 4.6042
58.0000 104.0000 29.3556 12.5818 -67.6411
115.0000 149.0000 33.1073 28.0870 4.6042
165.0000 221.0000 22.2712 18.8940 4.6042
147.0000 264.0000 26.6020 22.5681 4.6042
40.0000 197.0000 28.5829 24.2487 4.6042
186.0000 65.0000 31.9362 27.0935 4.6042
140.0000 212.0000 19.4413 16.4933 4.6042
156.0000 145.0000 24.2702 20.5899 4.6042
228.0000 268.0000 32.7985 27.8250 4.6042
44.0000 121.0000 37.7270 16.1704 -63.2692
67.0000 158.0000 20.1319 17.0792 4.6042
224.0000 131.0000 29.7785 25.2630 4.6042
47.0000 40.0000 30.3253 12.8567 -49.4761
248.0000 104.0000 24.3181 20.6305 4.6042
102.0000 198.0000 20.6030 17.4788 4.6042
