129.0000 235.0000 23.7250 20.1274 4.6042
208.0000 186.0000 23.6882 20.0962 4.6042
106.0000 250.0000 28.1318 23.8660 4.6042
251.0000 211.0000 31.2738 26.5316 4.6042
38.0000 187.0000 32.4420 27.5226 4.6042
84.0000 167.0000 33.6301 28.5305 4.6042
152.0000 155.0000 22.7491 19.2995 4.6042
221.0000 259.0000 37.2403 31.5932 4.6042
116.0000 70.0000 32.0725 27.2091 4.6042
189.0000 117.0000 28.3685 24.0668 4.6042
241.0000 62.0000 25.6221 21.7369 4.6042
173.0000 66.0000 31.2924 26.5473 4.6042
120.0000 35.0000 25.3942 21.5435 4.6042
50.0000 239.0000 32.3972 27.4846 4.6042
239.0000 84.0000 26.0832 22.1280 4.6042
66.0000 128.0000 36.1941 15.8831 -65.3916
183.0000 221.0000 21.9953 18.6600 4.6042
173.0000 163.0000 20.7436 17.5981 4.6042
91.0000 27.0000 27.8218 10.4715 -13.9622
218.0000 131.0000 22.6466 19.2125 4.6042
272.0000 268.0000 19.4413 16.4933 4.6042
184.0000 33.0000 30.2435 25.6575 4.6042
58.0000 70.0000 29.9072 13.7212 -44.8437
74.0000 81.0000 40.4727 14.0865 -42.5985
