71.0000 237.0000 29.6117 25.1223 4.5986
236.0000 167.0000 32.9925 27.9906 4.5986
147.0000 45.0000 43.3576 36.7843 4.5986
188.0000 53.0000 25.1753 21.3586 4.5986
173.0000 159.0000 37.1850 31.5475 4.5986
211.0000 197.0000 24.5557 20.8329 4.5986
217.0000 267.0000 35.4724 30.0946 4.5986
265.0000 79.0000 32.8954 27.9083 4.5986
78.0000 220.0000 27.6309 23.4418 4.5986
191.0000 134.0000 32.3967 27.4852 4.5986
252.0000 101.0000 41.6894 35.3690 4.5986
127.0000 265.0000 35.3822 30.0180 4.5986
201.0000 245.0000 35.7012 30.2886 4.5986
115.0000 110.0000 45.4242 31.1223 -17.3671
57.0000 125.0000 44.3351 19.1840 -66.1233
35.0000 70.0000 36.4580 16.0863 -51.5126
