236.0000 249.0000 19.4400 16.4946 4.5896
253.0000 276.0000 22.6323 19.2032 4.5896
223.0000 119.0000 33.2192 28.1861 4.5896
32.0000 74.0000 23.5183 8.8584 -43.5286
211.0000 92.0000 25.8014 21.8922 4.5896
38.0000 44.0000 34.6192 15.7439 -48.9066
180.0000 237.0000 29.1351 24.7208 4.5896
179.0000 160.0000 38.2925 32.4907 4.5896
112.0000 128.0000 30.0485 26.3249 -43.9948
63.0000 247.0000 33.8606 28.7303 4.5896
136.0000 95.0000 39.1261 33.1980 4.5896
37.0000 204.0000 25.9026 21.9781 4.5896
62.0000 168.0000 24.8954 21.1235 4.5896
125.0000 220.0000 28.9851 24.5935 4.5896
186.0000 215.0000 24.7432 20.9943 4.5896
121.0000 186.0000 25.9699 22.0351 4.5896
224.0000 166.0000 25.2548 21.4284 4.5896
73.0000 96.0000 24.7066 9.4537 -44.4163
274.0000 226.0000 28.3667 24.0688 4.5896
80.0000 46.0000 42.1957 14.9993 -24.3685
