262.0000 158.0000 33.4215 28.3546 4.5986
137.0000 222.0000 36.8315 31.2476 4.5986
185.0000 157.0000 41.9466 35.5872 4.5986
252.0000 264.0000 37.3955 31.7261 4.5986
222.0000 60.0000 41.8772 35.5284 4.5986
99.0000 175.0000 28.3783 24.0760 4.5986
217.0000 209.0000 30.0502 25.4944 4.5986
159.0000 130.0000 26.4261 22.4198 4.5986
260.0000 48.0000 36.1624 30.6799 4.5986
45.0000 180.0000 31.5695 26.7834 4.5986
187.0000 110.0000 19.4410 16.4936 4.5986
61.0000 208.0000 26.9814 22.8908 4.5986
166.0000 257.0000 30.0115 25.4616 4.5986
121.0000 235.0000 38.8895 32.9936 4.5986
280.0000 140.0000 19.4111 16.4682 4.5986
253.0000 224.0000 36.1624 30.6799 4.5986
