145.0000 86.0000 35.5852 30.1936 4.5896
253.0000 259.0000 25.2548 21.4284 4.5896
212.0000 261.0000 32.0614 27.2037 4.5896
169.0000 85.0000 35.3804 30.0198 4.5896
74.0000 226.0000 32.7432 27.7822 4.5896
89.0000 121.0000 34.8835 19.4635 -29.7574
178.0000 206.0000 34.7838 29.5136 4.5896
198.0000 196.0000 26.8613 22.7915 4.5896
51.0000 151.0000 28.3051 24.0166 4.5896
55.0000 257.0000 34.5237 29.2930 4.5896
120.0000 264.0000 29.4330 24.9735 4.5896
52.0000 82.0000 46.3657 19.4604 -49.6154
260.0000 234.0000 23.0523 19.5596 4.5896
236.0000 150.0000 34.4816 29.2572 4.5896
87.0000 52.0000 41.5570 15.6031 -20.7825
230.0000 128.0000 25.9026 21.9781 4.5896
147.0000 35.0000 20.0148 16.9823 4.5896
133.0000 229.0000 23.2782 19.7512 4.5896
173.0000 136.0000 31.0386 26.3359 4.5896
220.0000 40.0000 40.0295 33.9646 4.5896
