54.0000 214.0000 33.4807 28.4080 4.5896
156.0000 197.0000 27.4924 23.3270 4.5896
115.0000 195.0000 30.0488 25.4960 4.5896
239.0000 30.0000 25.9251 21.9971 4.5896
153.0000 263.0000 24.4120 20.7133 4.5896
54.0000 118.0000 44.7603 18.1927 -66.2114
185.0000 263.0000 35.6505 30.2490 4.5896
32.0000 244.0000 30.3663 25.7655 4.5896
177.0000 119.0000 30.6901 26.0402 4.5896
245.0000 81.0000 32.6365 27.6917 4.5896
75.0000 74.0000 46.7464 16.5849 -39.1342
151.0000 118.0000 30.2128 25.6352 4.5896
231.0000 129.0000 30.7374 26.0803 4.5896
98.0000 107.0000 32.8413 16.5948 -11.7730
166.0000 79.0000 23.1906 19.6769 4.5896
51.0000 260.0000 29.6691 25.1738 4.5896
272.0000 110.0000 21.6744 18.3904 4.5896
119.0000 238.0000 17.8008 15.1038 4.5896
208.0000 208.0000 33.4459 28.3785 4.5896
280.0000 27.0000 18.3635 15.5812 4.5896
