176.0000 104.0000 38.3171 32.5080 4.5986
46.0000 22.0000 25.2328 11.4280 -58.7674
256.0000 41.0000 23.2793 19.7500 4.5986
93.0000 131.0000 40.4133 29.9047 -58.7607
30.0000 246.0000 32.0629 27.2020 4.5986
82.0000 200.0000 22.6719 19.2347 4.5986
59.0000 130.0000 33.8664 22.1667 -67.2363
134.0000 226.0000 20.1316 17.0795 4.5986
60.0000 88.0000 43.7819 16.0525 -44.0881
179.0000 132.0000 34.7771 29.5047 4.5986
270.0000 65.0000 35.1513 29.8222 4.5986
48.0000 273.0000 24.9783 21.1914 4.5986
84.0000 41.0000 40.6359 14.0684 -18.0770
86.0000 242.0000 33.1420 28.1174 4.5986
131.0000 249.0000 21.2008 17.9866 4.5986
119.0000 22.0000 20.5178 17.4072 4.5986
