0 0.20738896520146521 0.17924870268620263 0.008614922861429952 0.011486563815239936
0 0.020661630036630033 0.24554525335775332 0.008614922861429931 0.011486563815239936
0 0.4406192765567765 0.2822706807081807 0.009105942408824008 0.012141256545098678
0 0.038547390109890105 0.3976934523809524 0.00815716163790016 0.010876215517200194
0 0.1827066163003663 0.6519097222222222 0.013191884811831533 0.017589179749108712
0 0.41736778846153844 0.6929277319902319 0.011842480366619945 0.015789973822159926
0 0.5064388736263736 0.8450759310134309 0.007605129502013641 0.010140172669351522
0 0.25031478937728935 0.9748073107448106 0.013668278656237653 0.018224371541650203
0 0.32114239926739924 0.976715125152625 0.012737876183869234 0.016983834911825646
0 0.23707932692307693 0.9199576465201464 0.02175896623990614 0.029011954986541372
0 0.7314417353479854 0.8741701007326007 0.012798008112979486 0.01706401081730598
0 0.9153073489010989 0.40818643162393164 0.008157161637900368 0.010876215517200341
0 0.6452323717948718 0.12726076007326004 0.007605129502013641 0.010140172669351558
0 0.9550137362637363 0.508346688034188 0.009730905526510458 0.012974540702014092
1 0.04069368131868131 0.15325473137973136 0.012162316849816848 0.014785561660561664
1 0.158203125 0.22599015567765565 0.01824347527472525 0.023847680097680086
1 0.013686183608058606 0.32400412087912084 0.022536057692307692 0.023370726495726506
1 0.09005837912087912 0.5679658882783882 0.012877747252747263 0.018124236874236848
1 0.8026270604395604 0.41414835164835156 0.015024038461538436 0.018601190476190466
1 0.880787831959707 0.5844207875457875 0.017528044871794934 0.030048076923076945
1 0.9528674450549451 0.6898275335775335 0.012877747252747263 0.01860119047619054
1 0.9881023923992674 0.8321981837606837 0.01538175366300365 0.021939865689865723
1 0.9509000114468865 0.9030257936507935 0.014666323260073222 0.020509004884005016
