0 0.4990265978964402 0.41780440938511326 0.021770062322126027 0.02902674976283463
0 0.4399271844660194 0.5100879854368933 0.018017031773032044 0.024022709030709393
0 0.4642578125 0.5360677083333333 0.011799849583588484 0.01573313277811798
0 0.4020854001322751 0.59741512345679 0.012943508855697061 0.01725801180759608
0 0.3877211474867725 0.6720954585537918 0.009217552546700314 0.012290070062267159
0 0.615625 0.65234375 0.01197792820817356 0.015970570944231266
0 0.7091796875 0.7882812499999999 0.007694420157652981 0.010259226876870642
0 0.74970703125 0.7571614583333334 0.007873298582322663 0.010497731443096884
0 0.78310546875 0.7458333333333332 0.014247106425653744 0.01899614190087166
0 0.71005859375 0.8645833333333334 0.009104579703755 0.012139439605006666
0 0.721875 0.9402343750000001 0.012849128283904943 0.01713217104520659
0 0.78681640625 0.9552083333333333 0.02307664919959662 0.030768865599462163
0 0.902734375 0.8110677083333333 0.01672176155703431 0.022295682076045747
0 0.72919921875 0.558984375 0.005373756442264455 0.0071650085896859395
0 0.84921875 0.2805989583333333 0.008407516894543221 0.011210022526057553
0 0.801953125 0.12096354166666667 0.008916181414463598 0.011888241885951353
0 0.92861328125 0.022786458333333332 0.02422189999676183 0.03229586666234909
0 0.4833984375 0.25247395833333336 0.005287885301047179 0.007050513734729573
0 0.555078125 0.014453124999999999 0.0044538102542937 0.005938413672391456
0 0.43779296875 0.038411458333333336 0.007914374839591676 0.010552499786122238
0 0.1662109375 0.6036458333333333 0.010570358693542836 0.014093811591390448
0 0.06572265625 0.8959635416666667 0.011628887223909506 0.015505182965212564
0 0.382421875 0.8033854166666666 0.006424564141952471 0.008566085522603295
0 0.03681640625 0.9753906250000001 0.00722656249999995 0.009635416666666488
0 0.106640625 0.9686197916666667 0.005313074417474806 0.007084099223299667
0 0.20810546875 0.9279947916666668 0.0062408380111993456 0.008321117348265794
1 0.5713867187499999 0.4975260416666667 0.012109374999999978 0.009114583333333334
1 0.6363281249999999 0.6231770833333333 0.009179687499999978 0.0072916666666666225
1 0.873486328125 0.4414713541666666 0.017285156249999933 0.01653645833333332
0 0.61318359375 0.4029947916666667 0.007109482313750526 0.009479309751667367
1 0.879443359375 0.7341796875000001 0.01220703125 0.013932291666666726
1 0.875732421875 0.2290364583333333 0.015332031250000044 0.027864583333333342
1 0.43798828125 0.4004557291666666 0.006249999999999978 0.012630208333333318
1 0.38671875 0.2986328125 0.023046875000000022 0.025651041666666652
0 0.34482421875 0.27057291666666666 0.0060325957857345625 0.008043461047646083
1 0.5347656249999999 0.13352864583333335 0.009375000000000022 0.006901041666666663
1 0.214111328125 0.7639322916666668 0.009667968749999978 0.02265624999999997
1 0.43359375 0.81796875 0.0048828125 0.01093749999999997
1 0.95390625 0.4529296875 0.009375000000000022 0.011067708333333334
1 0.937744140625 0.13098958333333333 0.009667968750000089 0.018489583333333337
0 0.98193359375 0.6541666666666667 0.004894517221149197 0.006526022961532263
