0 0.4564928886217949 0.43152377136752135 0.019358030468832887 0.025810707291777184
0 0.8006813125695217 0.6533590563589174 0.02258201206233701 0.03010934941644942
0 0.46240234375 0.2786458333333333 0.013453898515073837 0.01793853135343178
0 0.34013671875 0.009505208333333333 0.01601681588560222 0.021355754514136363
0 0.13671875 0.171875 0.00953837144302716 0.012717828590702899
0 0.0529296875 0.6723958333333333 0.004453810254293478 0.005938413672391303
1 0.011914062500000001 0.5798177083333332 0.0134765625 0.010156250000000014
1 0.227880859375 0.8473307291666666 0.011035156250000011 0.011067708333333334
0 0.27939453125 0.8595052083333333 0.019504864990580573 0.02600648665410758
0 0.30546875 0.6481770833333333 0.005586074080498049 0.0074480987739973985
1 0.2306640625 0.26263020833333334 0.0068359375 0.007552083333333311
1 0.456396484375 0.7188151041666666 0.029199218750000033 0.029817708333333304
1 0.443359375 0.25917968750000003 0.010546874999999956 0.007682291666666674
1 0.5056640625 0.048177083333333336 0.021093750000000022 0.03307291666666667
0 0.53486328125 0.65625 0.005513903989645685 0.007351871986194099
0 0.56787109375 0.9328124999999999 0.00803634398884423 0.010715125318458973
1 0.52607421875 0.5307291666666667 0.007226562499999978 0.007552083333333348
1 0.736572265625 0.8235026041666668 0.01708984375 0.021484375
0 0.82822265625 0.39153645833333334 0.0052589500069673 0.007011933342623067
1 0.907666015625 0.7546874999999998 0.008691406249999978 0.007291666666666696
1 0.9020019531250001 0.9621093750000002 0.012792968750000022 0.029427083333333364
1 0.988720703125 0.15514322916666667 0.010449218749999933 0.010546875000000011
