0 0.5787109375 0.5970052083333334 0.02288742511764097 0.03051656682352129
0 0.76875 0.4798177083333333 0.009858929268846683 0.01314523902512906
0 0.626171875 0.7468750000000001 0.012079411012551722 0.016105881350068962
0 0.5755859375 0.6903645833333334 0.005875628498629437 0.007834171331505916
0 0.36591796875 0.3471354166666667 0.006310740008360738 0.00841432001114765
0 0.08095703125 0.04908854166666667 0.025684150718770726 0.0342455342916943
0 0.8296875 0.026953124999999998 0.01746928107421719 0.02329237476562281
0 0.81669921875 0.18684895833333334 0.005416181493696159 0.007221575324928213
1 0.37080078125000004 0.6604817708333334 0.02031250000000001 0.029557291666666725
1 0.273046875 0.6580729166666667 0.015039062500000033 0.023177083333333275
1 0.37358398437499996 0.28860677083333336 0.01728515624999999 0.008723958333333318
1 0.302685546875 0.2786458333333333 0.015722656250000022 0.017968750000000016
1 0.9002929687500001 0.4581380208333334 0.023828124999999978 0.030078124999999956
1 0.768017578125 0.6646484375 0.013574218749999978 0.014192708333333304
1 0.947021484375 0.8156901041666668 0.01123046875 0.011848958333333362
1 0.96220703125 0.9249348958333333 0.024218750000000067 0.029557291666666725
0 0.94140625 0.9303385416666666 0.005373756442264677 0.007165008589686235
0 0.44228515625 0.6665364583333333 0.005156397961892267 0.006875197282523023
0 0.48408203125 0.3305989583333333 0.004287987968769613 0.005717317291692781
