0 0.2931601475501114 0.1789277097253155 0.019080345385110387 0.025440460513480517
0 0.2633630289532294 0.3334957312546399 0.010743569942953557 0.014324759923938113
0 0.8365234375 0.37864583333333335 0.018096733413903943 0.02412897788520511
0 0.8079051997599451 0.55224408436214 0.009708114139656887 0.012944152186209182
0 0.68359375 0.5763020833333333 0.009011931246140081 0.012015908328186775
0 0.9201171875 0.6997395833333333 0.013350005852058588 0.017800007802744783
0 0.71435546875 0.7348958333333333 0.018851450800021263 0.025135267733361683
0 0.391015625 0.7388020833333333 0.006927401504284503 0.009236535339046151
0 0.090234375 0.3497395833333334 0.01346948410122395 0.017959312134965266
0 0.7177734375 0.28515625 0.00997815607378505 0.013304208098379991
0 0.90908203125 0.7446614583333333 0.007805172344800049 0.010406896459733398
0 0.3583984375 0.41432291666666665 0.007042092334890615 0.00938945644652082
1 0.274129953076121 0.49978819082377474 0.024235857664233584 0.03041362530413627
1 0.354052734375 0.173828125 0.018457031249999978 0.024739583333333332
1 0.44716796875 0.049674479166666674 0.013281249999999967 0.019661458333333336
1 0.646728515625 0.3017578125 0.006738281250000089 0.010286458333333304
1 0.8423828124999999 0.24928385416666665 0.011328125000000022 0.012369791666666666
1 0.9141601562499999 0.18404947916666667 0.008398437500000022 0.017317708333333348
1 0.918310546875 0.1919921875 0.010058593749999956 0.013671875
1 0.486669921875 0.7042317708333332 0.017675781249999967 0.04414062499999997
1 0.462646484375 0.9098958333333332 0.011816406250000022 0.024739583333333332
1 0.977246946643013 0.6716447188864629 0.010128104530567672 0.017342157933042095
1 0.95615234375 0.7641927083333333 0.016406249999999956 0.011458333333333274
