0 0.78203125 0.30494791666666665 0.013542918611999966 0.018057224815999806
0 0.8111328125 0.3634114583333334 0.006993169449206249 0.009324225932274999
0 0.656640625 0.341796875 0.008479802088317445 0.01130640278442326
0 0.6494140625 0.3307291666666667 0.008052940675034481 0.010737254233379456
0 0.76328125 0.5463541666666667 0.008602623259978515 0.01147016434663802
0 0.7537109375 0.8001302083333334 0.009884047600687618 0.013178730134250157
0 0.81689453125 0.8878906249999999 0.008343753657536812 0.01112500487671575
0 0.966015625 0.29843749999999997 0.010133688883650516 0.013511585178200688
0 0.8740234375 0.0390625 0.010685218255148454 0.014246957673531272
0 0.7765625 0.13346354166666666 0.007055621823510938 0.009407495764681362
0 0.40146484375 0.4243489583333333 0.007362530009754176 0.009816706679672235
0 0.1953125 0.4764322916666666 0.019478444240725756 0.025971258987634343
0 0.12158661366006257 0.43502346193952035 0.015892214525954282 0.021189619367938988
0 0.08900058654848801 0.36713590545707336 0.011385089334083054 0.015180119112110665
0 0.06201528284671533 0.38424356969064993 0.006779244728026136 0.009038992970701543
0 0.03462265380604797 0.47358359402155026 0.010484177590779551 0.013978903454372768
0 0.03126221976016684 0.7149917448731317 0.011580152645846553 0.015440203527795404
0 0.09816540667361835 0.7398385905457073 0.008387342072623621 0.011183122763498273
0 0.30283203125 0.8464843750000001 0.012033532656835488 0.016044710209113983
0 0.365625 0.7920572916666666 0.012844674255826138 0.017126232341101517
0 0.14736328125 0.21458333333333335 0.011569690015328038 0.015426253353770717
1 0.094287109375 0.4943359375 0.00732421875 0.036328125000000044
0 0.13248955973952437 0.5692006417516043 0.005767980610492107 0.007690640813989476
1 0.25859375 0.6794921874999998 0.0068359375 0.01289062499999997
1 0.303369140625 0.7650390625 0.020605468749999967 0.020963541666666696
1 0.318603515625 0.5193359375000001 0.009082031249999956 0.018359374999999956
1 0.3534486454046639 0.33612325674439875 0.02022783779149523 0.022862368541380906
1 0.43818359375 0.27760416666666665 0.0068359375 0.012760416666666644
1 0.39315063063697864 0.09666537485907552 0.015413613303269458 0.013652057497181513
0 0.47158203125 0.071484375 0.00900346138407504 0.012004615178766775
1 0.462890625 0.06165364583333333 0.009765625 0.008463541666666666
0 0.52900390625 0.4119791666666666 0.007109482313750526 0.009479309751667367
1 0.64912109375 0.3668619791666667 0.011914062499999933 0.024869791666666696
1 0.7076171875 0.6981770833333334 0.010937500000000044 0.022395833333333243
1 0.8994140625 0.7596354166666667 0.013867187500000044 0.01718750000000006
1 0.811376953125 0.9369140625 0.010449218750000044 0.034505208333333336
1 0.5667968750000001 0.9024739583333332 0.005468750000000022 0.017708333333333364
1 0.18398437499999998 0.8338541666666667 0.010156250000000006 0.010416666666666666
0 0.21279296875 0.020442708333333334 0.018268767439800937 0.02435835658640124
