0 0.155859375 0.014192708333333333 0.010225500088053452 0.013634000117404607
0 0.7998046875 0.13763020833333334 0.019284575090620537 0.025712766787494012
0 0.92080078125 0.22421875 0.007152278681094026 0.00953637157479196
0 0.97099609375 0.15286458333333333 0.01907274314958385 0.025430324199445242
0 0.7212890625 0.5065104166666666 0.019033701671414605 0.025378268895219325
0 0.687109375 0.49635416666666665 0.009814331661250897 0.01308577554833453
0 0.28232421875 0.9855468749999999 0.023074169483716656 0.03076555931162221
0 0.38916015625 0.7287760416666668 0.005744312956973641 0.007659083942631521
0 0.24638671875 0.6419270833333334 0.006385852626668687 0.008514470168891583
1 0.15335391890182185 0.4385200531376518 0.015715934969635637 0.02121815958164645
1 0.569775390625 0.6633463541666668 0.019238281249999933 0.01861979166666668
1 0.47275390625 0.7793619791666666 0.007031249999999989 0.01289062499999997
1 0.48359375 0.7864583333333334 0.014257812500000022 0.020052083333333453
1 0.223828125 0.71484375 0.010156250000000006 0.017708333333333215
1 0.376171875 0.7822916666666666 0.0107421875 0.01979166666666658
1 0.698192699535473 0.8314593890765766 0.011382231841216228 0.029692778716216228
1 0.6449931376689189 0.8296998170045046 0.008907833614864802 0.011657164977477485
1 0.822998046875 0.8154947916666666 0.02255859374999991 0.02968750000000009
1 0.878955078125 0.9636067708333332 0.021191406249999933 0.030338541666666757
1 0.8419921875 0.9510416666666668 0.0234375 0.031770833333333304
