0 0.06845703125 0.020052083333333335 0.007882982840082264 0.010510643786776339
0 0.08525390625 0.014583333333333332 0.005248058141618911 0.006997410855491891
0 0.0224609375 0.18372395833333333 0.009959022487485918 0.013278696649981233
0 0.083203125 0.24622395833333333 0.006114248375975989 0.008152331167968022
0 0.11630859375 0.5558593749999999 0.005277053158635331 0.007036070878180478
0 0.010873490021008405 0.6494003851540616 0.007755489336362495 0.01034065244848333
0 0.2982110333588957 0.7049622955010224 0.0102377345491248 0.013650312732166547
0 0.3299642925613497 0.7453029141104294 0.010185007668711554 0.013580010224948738
0 0.40615234375 0.789453125 0.005797196124865622 0.007729594833154015
0 0.37476439191093575 0.8778419767004885 0.010488748382728397 0.013984997843638011
0 0.44820213048090524 0.48692391560584625 0.015823907677267157 0.021098543569689543
0 0.57568359375 0.7463541666666668 0.009959022487485703 0.013278696649980937
0 0.7039138999388005 0.6663064820481436 0.012726468457586959 0.016968624610115945
0 0.7091732328641371 0.7034405599755201 0.006845653430651577 0.009127537907535435
0 0.9056490384615384 0.3489771133814103 0.011483600143324724 0.015311466857766446
0 0.8475482647235577 0.41282927684294873 0.004753337386220302 0.0063377831816269214
1 0.9503813244047619 0.8836495535714285 0.010463169642857206 0.008990575396825426
1 0.7496047247023809 0.9856460813492064 0.019066220238095233 0.01705109126984124
1 0.68359375 0.7523674242424242 0.012073863636363535 0.03219696969696958
1 0.5133167613636364 0.7715435606060606 0.013139204545454586 0.010890151515151528
1 0.2604054418103448 0.5738146551724138 0.01178609913793105 0.011673850574712707
1 0.11935763888888888 0.3952821869488535 0.015500992063492064 0.01653439153439155
1 0.38873661947513816 0.17481008287292818 0.022121029005524873 0.03309162062615103
1 0.6900681975138121 0.2298428867403315 0.017265193370165743 0.019423342541436444
1 0.7674442510709913 0.028014713382292902 0.013745983782129767 0.017849857201142388
1 0.40094064295977017 0.9317079741379309 0.012347341954023039 0.01870809386973186
