0 0.12236328125 0.8555989583333333 0.021525174328743818 0.0287002324383252
0 0.4205078125 0.049479166666666664 0.015054273962924358 0.020072365283899093
0 0.49150390625 0.005859375 0.006927401504284503 0.009236535339045948
0 0.8619140625 0.2334635416666667 0.022197847774069857 0.02959713036542655
0 0.29677734375 0.9537760416666666 0.007370297759419331 0.009827063679225626
1 0.049169921874999994 0.7111979166666668 0.01962890625 0.029427083333333364
1 0.25322265625 0.5809244791666667 0.0087890625 0.014713541666666682
1 0.29072265625000004 0.6179036458333332 0.01640625000000001 0.02643229166666668
1 0.495947265625 0.10227864583333333 0.013964843750000011 0.016796875000000006
1 0.567822265625 0.08346354166666665 0.01025390625 0.016927083333333325
1 0.66044921875 0.28066406250000003 0.019726562499999933 0.03476562500000002
1 0.85185546875 0.16907552083333333 0.0244140625 0.029296875
1 0.47612304687499996 0.6748697916666666 0.006152343750000011 0.010156250000000089
1 0.395556640625 0.826171875 0.03076171875 0.024479166666666607
1 0.737158203125 0.5345703125 0.01220703125 0.011067708333333334
1 0.9737792968750001 0.3518229166666667 0.017675781250000022 0.023697916666666652
0 0.05341796875 0.9635416666666666 0.005875628498629382 0.007834171331505916
