0 0.1014404296875 0.048502604166666664 0.012960165468737295 0.017280220624983064
0 0.0257568359375 0.08203125 0.014212675368972541 0.01895023382529673
1 0.13653564453125 0.400390625 0.0220947265625 0.01953125
1 0.072509765625 0.542236328125 0.00830078125 0.022298177083333332
0 0.014892578125 0.63330078125 0.018386885140393293 0.02451584685385777
1 0.072998046875 0.875244140625 0.025146484375 0.026529947916666668
0 0.053466796875 0.9625651041666666 0.0107421875 0.014322916666666666
0 0.2142333984375 0.038736979166666664 0.006029828630482625 0.008039771507310204
0 0.221923828125 0.11588541666666667 0.005615234375 0.007486979166666667
0 0.2635498046875 0.2874348958333333 0.007997236012773024 0.010662981350364031
0 0.2286376953125 0.6365559895833334 0.009115309913376224 0.012153746551168224
1 0.2818603515625 0.6231282552083334 0.017333984375 0.019368489583333332
1 0.26617431640625 0.874755859375 0.0355224609375 0.037923177083333336
1 0.28955078125 0.13557942708333334 0.005615234375 0.009765625
1 0.4700927734375 0.9278157552083334 0.017822265625 0.020670572916666668
1 0.40869140625 0.48974609375 0.008056640625 0.015625
1 0.46270751953125 0.3863118489583333 0.0167236328125 0.02294921875
0 0.4248046875 0.38525390625 0.01542922393488766 0.020572298579850212
0 0.5533447265625 0.09830729166666667 0.010057290001975527 0.01340972000263411
0 0.590087890625 0.18212890625 0.01375012484407101 0.01833349979209468
0 0.56494140625 0.2815755208333333 0.011505734050730743 0.015340978734307509
0 0.552978515625 0.9324544270833334 0.0076037165539049045 0.010138288738539872
1 0.563720703125 0.725341796875 0.006103515625 0.009928385416666666
0 0.527587890625 0.4860026041666667 0.005332111735312894 0.007109482313750526
0 0.630859375 0.19840494791666666 0.006276836002042208 0.00836911466938961
0 0.737548828125 0.2373046875 0.010767127476171812 0.014356169968229157
0 0.74072265625 0.3155924479166667 0.01491057762168202 0.019880770162242767
0 0.682861328125 0.39697265625 0.009085836946254089 0.012114449261672119
1 0.76483154296875 0.27978515625 0.0091552734375 0.008463541666666666
1 0.7569580078125 0.3024088541666667 0.006103515625 0.013020833333333334
1 0.7928466796875 0.2728678385416667 0.0234375 0.026204427083333332
0 0.8026123046875 0.09309895833333333 0.012084344405043579 0.0161124592067247
0 0.7435302734375 0.6162109375 0.010767127476171812 0.014356169968229082
0 0.8518672617028493 0.7766564902758932 0.02115604637812396 0.028208061837498615
0 0.9811922277815468 0.9448496155585708 0.011158785231209167 0.01487838030827889
0 0.9675442036974219 0.4918588873812754 0.011505837297581367 0.015341116396775009
0 0.8062745645807644 0.14819024866420058 0.007324534874839195 0.009766046499785444
0 0.8082011983662145 0.4079647040690506 0.005108759304580657 0.006811679072774357
