0 0.2642656822344322 0.3666914682539682 0.0070461723055432746 0.009394896407391032
0 0.29467147435897434 0.3552445818070818 0.005587690072620943 0.007450253430161258
0 0.058221726190476185 0.6600179334554335 0.007998755070612151 0.010665006760816276
0 0.0067107371794871765 0.7186832264957265 0.005587690072620884 0.007450253430161109
0 0.3876774267399267 0.712005876068376 0.009964792437317072 0.013286389916422614
0 0.5719007554945055 0.8851400335775335 0.010826426532753786 0.014435235377005048
0 0.2875171703296703 0.9523904914529914 0.008157161637900257 0.01087621551720049
0 0.7453926282051282 0.8217052045177043 0.010318084007165718 0.013757445342887623
0 0.8273094093406593 0.7210679945054944 0.011992798917010328 0.01599039855601377
0 0.7242874313186813 0.5760740995115995 0.012657255904414244 0.016876341205885808
0 0.6874427655677656 0.6127995268620269 0.007365806820188725 0.009821075760251633
0 0.9135187728937729 0.679573031135531 0.009328071207078015 0.01243742827610402
0 0.6327123397435898 0.45254311660561664 0.017698770714361434 0.02359836095248191
0 0.6216231684981686 0.36430670024420025 0.012897605008957091 0.017196806678609455
1 0.15051224816849818 0.5112084096459096 0.020747481684981695 0.008585164835164841
1 0.29806976877289376 0.46232066544566547 0.01824347527472525 0.03100198412698411
1 0.4198717948717948 0.4966613247863248 0.017170329670329665 0.030048076923076872
1 0.34099559294871795 0.7592242826617825 0.013235462454212421 0.021939865689865723
1 0.4445541437728937 0.8057272588522588 0.022893772893772868 0.02909416971916971
1 0.24852621336996333 0.8615308302808301 0.02432463369963364 0.02909416971916971
1 0.5572344322344323 0.9564445970695971 0.015024038461538436 0.02337072649572658
1 0.9698589171245422 0.950482677045177 0.02539777930402931 0.027663308913308853
1 0.7541566506410258 0.46971344627594624 0.012520032051282048 0.012400793650793643
1 0.9228193681318682 0.23505227411477406 0.02360920329670324 0.025755494505494525
