0 0.215139678030303 0.3618213383838384 0.024666981515358344 0.03288930868714438
0 0.007102272727272727 0.42179608585858586 0.010078945529075756 0.013438594038767645
0 0.0870028409090909 0.43876262626262624 0.009921315467708441 0.013228420623611292
0 0.17193418560606058 0.5007102272727272 0.009707161142789245 0.012942881523718993
0 0.012724905303030302 0.1720328282828283 0.008798572885486817 0.011731430513982418
0 0.8087713068181818 0.8487215909090908 0.02012310606060619 0.02683080808080825
1 0.38722182765151514 0.045572916666666664 0.017459753787878785 0.022490530303030304
1 0.32374526515151514 0.41785037878787873 0.01953125 0.02209595959595963
1 0.19679214015151514 0.7250236742424242 0.020123106060606077 0.03827335858585856
1 0.19220525568181818 0.9623579545454545 0.023378314393939392 0.02840909090909083
1 0.6884765625 0.354324494949495 0.02456202651515149 0.025252525252525304
1 0.7266512784090908 0.38253630050505044 0.021602746212121215 0.027225378787878746
1 0.7495857007575757 0.6441366792929292 0.01775568181818188 0.024068813131313076
1 0.6609552556818181 0.6397964015151515 0.013316761363636354 0.020912247474747476
1 0.7313861268939393 0.7423847853535354 0.013316761363636465 0.020912247474747403
1 0.09071232722355771 0.3434995993589744 0.018075796274038464 0.027231069711538474
