0 0.04330041273584906 0.2907366071428571 0.010252243774295844 0.013669658365727791
0 0.07778280828840971 0.31828742699910145 0.010659775486078882 0.014213033981438509
0 0.30835102059248554 0.21822690871868977 0.014958905346820872 0.019945207129094495
0 0.22158203125 0.04010416666666667 0.00553117275722903 0.0073748970096386935
0 0.34365234375 0.011458333333333334 0.004106210164380619 0.005474946885840826
0 0.5229629088785046 0.07970697040498442 0.006663935577226221 0.008885247436301527
0 0.7858906073046432 0.06237613250283126 0.010492055869223638 0.013989407825631591
0 0.8653535120147874 0.17736733672211955 0.014042752381857149 0.018723669842476125
0 0.5904152054108216 0.19620230043420175 0.011493335780957237 0.015324447707943131
0 0.7413017805232558 0.6479984253875969 0.026606500985328685 0.03547533464710506
0 0.7004902474832215 0.9406110178970918 0.014117986595885368 0.018823982127847156
0 0.42029526654411764 0.7699737881263616 0.019025554739569128 0.02536740631942565
0 0.02583092485549135 0.631924373795761 0.0154467407663358 0.020595654355114384
1 0.25495968476676384 0.2615555150631681 0.017367438046647227 0.02201773566569487
1 0.46621606231778423 0.46047436831875604 0.02647822521865889 0.027332361516034947
1 0.4999544460641399 0.42611910835762873 0.01309675655976672 0.03378583576287656
1 0.29069105320699706 0.665656887755102 0.009110787172011636 0.020878887269193402
1 0.2325808502906977 0.9096919412144704 0.015519016472868213 0.026748223514211873
1 0.7615391522988506 0.923057351532567 0.024694683908045967 0.02020474137931035
