0 0.1590576171875 0.158203125 0.013569036358974884 0.01809204847863316
1 0.14990234375 0.4344889322916667 0.011474609375 0.023600260416666668
0 0.00634765625 0.6180013020833334 0.009392277373862959 0.012523036498483927
1 0.03759765625 0.650146484375 0.01171875 0.011881510416666666
1 0.1514892578125 0.7806803385416666 0.009521484375 0.015787760416666668
1 0.241943359375 0.3165690104166667 0.013671875 0.021809895833333332
1 0.21539306640625 0.5388997395833334 0.0079345703125 0.009440104166666666
0 0.279052734375 0.6783854166666666 0.011670330471403423 0.015560440628537897
1 0.2681884765625 0.7806803385416666 0.015625 0.019368489583333332
1 0.4052734375 0.8448893229166666 0.01513671875 0.025716145833333332
0 0.3414306640625 0.65478515625 0.01482639301825095 0.0197685240243346
0 0.3623046875 0.51904296875 0.011516090249092503 0.015354786998790004
0 0.298095703125 0.65087890625 0.004864467491496938 0.00648595665532925
0 0.3701171875 0.0771484375 0.006463965964293772 0.008618621285725084
0 0.4432373046875 0.5869140625 0.007147109945461194 0.009529479927281592
1 0.5179443359375 0.534423828125 0.014892578125 0.01904296875
0 0.572265625 0.3932291666666667 0.005803156408205501 0.007737541877607186
0 0.4866943359375 0.07926432291666667 0.0233215004572056 0.031095333942940766
1 0.55609130859375 0.14884440104166666 0.0103759765625 0.01220703125
1 0.48883056640625 0.787841796875 0.0123291015625 0.018717447916666668
1 0.5509033203125 0.15901692708333334 0.007568359375 0.013020833333333334
0 0.7059326171875 0.6285807291666666 0.021353583599287074 0.028471444799049284
1 0.7760009765625 0.08577473958333333 0.0078125 0.011067708333333334
0 0.8162841796875 0.33447265625 0.00814859339271412 0.010864791190285605
0 0.843505859375 0.9353841145833334 0.0068359375 0.009114583333333334
1 0.8204345703125 0.8951009114583334 0.0107421875 0.016764322916666668
1 0.912841796875 0.5382486979166666 0.010009765625 0.020182291666666668
1 0.93145751953125 0.098388671875 0.0316162109375 0.03564453125
0 0.991455078125 0.96630859375 0.014511485450892092 0.019348647267856123
0 0.9722900390625 0.9915364583333334 0.008235902242887283 0.010981202990516378
1 0.973388671875 0.926025390625 0.008056640625 0.016438802083333332
