0 0.2800925925925926 0.16242283950617284 0.009994164374520054 0.013325552499360035
0 0.15969481924643586 0.34526158350305497 0.00820055058557484 0.010934067447433193
0 0.08450317382812503 0.30021158854166674 0.008501213548086 0.011334951397448037
0 0.18276977539062503 0.42553710937500006 0.01287538031599672 0.01716717375466222
0 0.628326416015625 0.15087890625000008 0.012700593290212892 0.016934124386950522
0 0.697601318359375 0.16674804687500008 0.022975500762596024 0.03063400101679477
0 0.4977972743610224 0.4877279685835996 0.009772151909049176 0.01302953587873216
0 0.43134110423322686 0.529744076144835 0.010488054309337302 0.013984072412449736
0 0.3149354370415648 0.4737163814180929 0.01205248076876142 0.01606997435834856
0 0.41015625 0.7576884920634921 0.009240879723492634 0.012321172964656846
0 0.43957903400157233 0.7044762185534591 0.0070898415270092 0.009453122036012118
0 0.6372215870596206 0.7822944896115628 0.008982555655316915 0.011976740873755887
0 0.7053397042410714 0.9668743799603176 0.01276186895467113 0.01701582527289484
1 0.19364316239316237 0.8655849358974358 0.011128917378917386 0.016693376068376065
1 0.27822293447293445 0.8717058404558404 0.020588497150997143 0.030419040835707605
1 0.2625675982496698 0.7193072985468957 0.00657921895640684 0.00791226332012318
1 0.3992808948863636 0.29630287247474746 0.009913589015151492 0.011047979797979815
1 0.9062947707736388 0.2908234837631327 0.013990866762177645 0.028727913085004775
1 0.8678198871776504 0.025556649952244506 0.017628492120343897 0.03469734957020057
1 0.8202509401862463 0.7252865329512893 0.010912876074498645 0.020146848137535905
0 0.9544233524355301 0.796919770773639 0.014024404645126332 0.018699206193501777
0 0.9703729405444126 0.9845839302769818 0.021273479818172625 0.0283646397575635
1 0.5486046553203662 0.20112271167048054 0.026369422196796277 0.025624523264683452
1 0.375048828125 0.5707682291666667 0.02001953125 0.024088541666666668
1 0.392919921875 0.6320963541666667 0.01826171874999999 0.018098958333333304
1 0.5044695502021563 0.5894085523360287 0.014214117250673841 0.018952156334231862
