0 0.18369140625 0.05091145833333333 0.014218964627500996 0.01895861950333468
0 0.19755859375 0.18346354166666667 0.011057171761498563 0.01474289568199801
0 0.1685546875 0.16588541666666667 0.007746301568379632 0.010328402091172861
0 0.28759765625 0.32330729166666666 0.020011669569161783 0.026682226092215672
0 0.47099609375 0.266796875 0.006337883101401487 0.00845051080186865
0 0.43740234375 0.24244791666666665 0.01943138531735611 0.025908513756474887
0 0.77314453125 0.7416666666666667 0.018165112536853822 0.02422015004913843
0 0.232421875 0.5549479166666667 0.009171372563963942 0.012228496751951923
0 0.22373046875 0.5005208333333333 0.006016766328417744 0.008022355104556992
0 0.10771484375 0.49049479166666665 0.008205449819375016 0.01094059975916665
0 0.3982421875 0.6018229166666667 0.008140103900068252 0.010853471866757669
0 0.4537109375 0.9110677083333334 0.01168125512055107 0.015575006827401575
0 0.07353515625 0.8325520833333333 0.008242557752347307 0.010990077003129706
0 0.08564453125 0.8364583333333333 0.007186863083193024 0.009582484110924069
0 0.5807040522997032 0.6485302299703264 0.004535792563780339 0.006047723418373785
1 0.02560763888888889 0.7940538194444445 0.025173611111111112 0.03515625
1 0.46005859375 0.07063802083333333 0.02031250000000001 0.022526041666666663
1 0.484375 0.23072916666666665 0.006054687500000044 0.010937500000000008
1 0.57880859375 0.29726562500000003 0.007226562499999978 0.009895833333333326
1 0.413671875 0.3438151041666666 0.009960937499999989 0.012630208333333318
1 0.696875 0.3282552083333333 0.06621093749999996 0.03359375000000001
1 0.7892578125 0.29876302083333334 0.021679687499999933 0.028255208333333354
1 0.775146484375 0.5901692708333334 0.01572265624999991 0.016276041666666668
1 0.551025390625 0.7391276041666667 0.01611328125 0.02773437499999994
1 0.307421875 0.7829427083333332 0.022070312500000022 0.02708333333333342
1 0.483642578125 0.879296875 0.010058593749999956 0.014583333333333245
1 0.640576171875 0.9518880208333332 0.015917968750000067 0.021484375
1 0.9442101226993864 0.13879569274028628 0.016176188650306678 0.027160020449897754
