0 0.09538517441860464 0.09423449612403106 0.0072546848314855306 0.009672913108647374
0 0.15410870016611294 0.12062223145071989 0.020703197847726063 0.027604263796968082
0 0.3364436254152824 0.25472383720930236 0.007018696679293002 0.009358262239057261
0 0.4743303571428571 0.22703834440753048 0.005875846876386981 0.007834462501849234
0 0.19920577242524914 0.4589043466223699 0.009580579747348383 0.012774106329797844
0 0.1862281976744186 0.7971864617940199 0.007398355904142062 0.009864474538855935
0 0.22645867940199335 0.8586136489479511 0.007567161408385259 0.010089548544513605
0 0.6054038621262458 0.5609946013289037 0.009037835001287409 0.01205044666838336
0 0.7423172757475083 0.5285506644518273 0.009646275920965675 0.012861701227954084
0 0.6712650539867109 0.18248200442967888 0.0075671614083852035 0.010089548544513605
0 0.7257708679401993 0.18594269102990035 0.012481431726063752 0.016641908968085
0 0.6887847799003322 0.1353301495016612 0.009014511517240642 0.012019348689654152
0 0.9431452450166112 0.11413344407530461 0.02206187707641205 0.02941583610188266
0 0.9314654277408637 0.6427533222591363 0.0068976755948495505 0.009196900793132734
0 0.38381177325581395 0.38882544296788485 0.01973487635712412 0.026313168476165494
1 0.08159650124584716 0.5566687430786269 0.01005762043189369 0.018168604651162806
1 0.23716517857142855 0.5808935492801772 0.017519725913621276 0.024224806201550358
1 0.39873598421926904 0.6635174418604651 0.01103093853820597 0.014707918050941219
1 0.5285117317275747 0.9555128737541528 0.008435423588039948 0.019898947951273598
1 0.7891987645348837 0.9860101744186046 0.01589752906976749 0.01773601882613522
1 0.6191925352990033 0.6557308970099668 0.023684073920265836 0.019033776301218126
