0 0.1909722222222222 0.24710648148148148 0.016378439465376093 0.021837919287168123
0 0.2795138888888889 0.13657407407407407 0.008003076785844554 0.010670769047792739
0 0.4548611111111111 0.06597222222222222 0.008593311576919893 0.011457748769226525
0 0.6458333333333334 0.10185185185185186 0.016584178102901692 0.022112237470535517
0 0.4049479166666667 0.2916666666666667 0.008003076785844443 0.010670769047792591
0 0.4049479166666667 0.4415509259259259 0.01016032978361081 0.013547106378147747
0 0.1875 0.49884259259259256 0.006610914154395797 0.008814552205861137
0 0.6171875 0.47627314814814814 0.0241188263705725 0.03215843516076348
0 0.5972222222222222 0.5185185185185185 0.005558267567216113 0.007411023422954817
0 0.059027777777777776 0.5694444444444444 0.01921522883782876 0.02562030511710504
0 0.0724826388888889 0.7546296296296297 0.008189219732687991 0.010918959643584062
0 0.6236979166666666 0.7766203703703703 0.009062766066762595 0.012083688089016794
0 0.6970486111111112 0.8854166666666666 0.0071581694889195635 0.009544225985226085
0 0.4544270833333333 0.9172453703703703 0.009389456446520783 0.01251927526202786
0 0.9253472222222222 0.7609953703703703 0.008549355730725905 0.011399140974301206
0 0.7990451388888888 0.5885416666666666 0.011284722222222321 0.01504629629629628
0 0.9526909722222222 0.4305555555555556 0.009062766066762595 0.012083688089016794
1 0.3348524305555556 0.11863425925925926 0.023003472222222265 0.020833333333333332
1 0.3843315972222222 0.36111111111111116 0.01171875 0.02314814814814814
1 0.5744357638888888 0.3318865740740741 0.02039930555555547 0.02025462962962965
1 0.3114149305555556 0.47222222222222227 0.016059027777777735 0.020833333333333332
1 0.2513020833333333 0.6380208333333334 0.01128472222222221 0.01793981481481488
1 0.626953125 0.9366319444444443 0.02647569444444442 0.02951388888888884
1 0.869140625 0.8833912037037037 0.08550347222222232 0.057291666666666664
1 0.8483072916666667 0.40914351851851855 0.01519097222222221 0.026620370370370388
1 0.931640625 0.27980324074074076 0.02907986111111116 0.029513888888888912
1 0.7708333333333333 0.06626157407407407 0.02690972222222221 0.03182870370370371
