0 0.3963632509689922 0.03266311369509047 0.006641143471251665 0.008854857961668822
0 0.5196069525193798 0.1335998062015504 0.021584645575577488 0.02877952743410317
0 0.8898665048543689 0.11402710355987054 0.012335752402374611 0.016447669869832777
0 0.7461316747572816 0.12768001618122976 0.018764133611731015 0.025018844815641206
0 0.890625 0.2027710355987055 0.007556454355723385 0.0100752724742977
0 0.3725709033613446 0.4474789915966386 0.019454552243844625 0.025939402991792832
0 0.30514705882352944 0.44362745098039214 0.005991913975370133 0.007989218633826844
0 0.15796685987903228 0.379872311827957 0.007347469625561098 0.009796626167414798
0 0.6157835421760391 0.5262454156479218 0.0230507304136367 0.030734307218182415
0 0.7108133404645477 0.5096908109209454 0.008160150276319333 0.010880200368425927
0 0.7240221325167038 0.3146198728656273 0.0066576889028631125 0.00887691853715089
0 0.9011760954381753 0.44892957182873144 0.009578846327194412 0.012771795102925884
0 0.4297937580958549 0.9273127158894646 0.017173901745139775 0.022898535660186365
0 0.3442812904792746 0.9451910621761659 0.005769184267219618 0.007692245689626158
0 0.025429110221674933 0.8646346469622331 0.021939951991593598 0.029253269322124947
0 0.6644358915441176 0.9012459150326797 0.021435176525388844 0.028580235367185125
0 0.7479702818627451 0.8016748366013071 0.012204684420938694 0.01627291256125159
0 0.5974168964460784 0.7359323937908496 0.0071806066176471894 0.00957414215686292
0 0.6591701133578431 0.9401807598039215 0.010831905349058646 0.014442540465411527
0 0.9898313492063491 0.9288607804232805 0.023610407694270474 0.03148054359236063
1 0.1397859318592058 0.2888556708784597 0.007403542418772585 0.023973375451263507
1 0.32487449232851984 0.3203501052948255 0.010929038808664249 0.012691787003610103
1 0.3174709499097473 0.5664297533092659 0.012339237364620947 0.016922382671480163
