0 0.40498046875 0.325 0.011134525635733805 0.014846034180978332
0 0.36357421875 0.21210937500000002 0.010129923812414066 0.013506565083218755
0 0.11611328125 0.4608072916666666 0.015201788064289151 0.02026905075238557
0 0.23466796875 0.7566406250000001 0.022898256247150195 0.030531008329533666
0 0.067578125 0.7881510416666666 0.006406726354240944 0.008542301805654517
0 0.15615234375 0.7755208333333333 0.0048828125 0.006510416666666667
0 0.81796875 0.04973958333333334 0.006833146751771713 0.009110862335695727
0 0.72763671875 0.25729166666666664 0.005277053158635248 0.0070360708781804044
0 0.58935546875 0.46315104166666665 0.004555431167847956 0.006073908223797127
0 0.9052734375 0.7682291666666666 0.005440776670775138 0.007254368894366851
0 0.6442097479423868 0.28720582561728397 0.005274403914450776 0.007032538552601109
1 0.24208984374999998 0.5232421875000001 0.013281249999999994 0.009505208333333348
1 0.029443359375 0.7835286458333334 0.01416015625 0.017057291666666547
1 0.370703125 0.8258463541666666 0.008007812499999989 0.011067708333333334
1 0.315087890625 0.3126953125 0.005566406249999989 0.010807291666666682
1 0.416796875 0.24726562499999996 0.007421875000000022 0.007291666666666659
1 0.852490234375 0.28828125 0.013574218749999978 0.012760416666666682
1 0.072705078125 0.0939453125 0.02197265625 0.019921874999999995
0 0.1453125 0.10625 0.004979511243742907 0.006639348324990579
0 0.550390625 0.07864583333333333 0.004723979149393598 0.006298638865858149
