0 0.35969966193931396 0.0700376539138083 0.027932944906142065 0.03724392654152275
0 0.49342946075197885 0.2370066512752859 0.02607928126830472 0.03477237502440622
0 0.6279778587443946 0.05984912182361734 0.015532290368350798 0.020709720491134436
0 0.44589147980279903 0.7487807463952502 0.012479007165920986 0.016638676221227833
0 0.6293753075787402 0.9852772309711285 0.01866577893383714 0.024887705245116187
0 0.745451447147651 0.7064544882550335 0.02072591796985357 0.02763455729313809
1 0.17499751194267518 0.3109076433121019 0.02550258757961782 0.026539278131634814
1 0.3451559460116731 0.13496068417639426 0.023179109922178975 0.020772535667963683
1 0.4156432392996109 0.2778351977950713 0.014439445525291805 0.02178583009079116
1 0.3635852383268482 0.3538322795071336 0.014439445525291805 0.010639591439688697
1 0.2651690175097276 0.705445444228275 0.013679474708171213 0.017732652399481186
1 0.7245713764591439 0.9230504215304799 0.0235590953307393 0.027358949416342426
1 0.014250578703703727 0.613329475308642 0.01808449074074074 0.0270061728395062
0 0.8968436762971698 0.16276041666666666 0.009485213499582645 0.012646951332776879
0 0.8445682668329177 0.7324916874480465 0.008520133106947325 0.011360177475929767
