0 0.30341796875 0.624609375 0.009379068127768009 0.012505424170357346
0 0.4291015625 0.539453125 0.008309393510227636 0.011079191346970182
0 0.1115234375 0.8009114583333333 0.009697024677583155 0.01292936623677754
0 0.02060546875 0.8830729166666668 0.004389102549657041 0.005852136732875953
0 0.7603515625 0.7055989583333333 0.00828640759202992 0.011048543456039894
0 0.83359375 0.5885416666666666 0.011746386682621068 0.015661848910161275
0 0.48046875 0.3001302083333333 0.007902315751618705 0.010536421002158347
0 0.65732421875 0.09479166666666666 0.004894517221148975 0.006526022961532041
0 0.70029296875 0.108203125 0.01934284125490615 0.025790455006541462
0 0.237890625 0.24492187499999998 0.005978604634771123 0.007971472846361497
0 0.8189453125 0.14205729166666667 0.005596308117927551 0.0074617441572366605
0 0.90263671875 0.1734375 0.007584565562088974 0.0101127540827853
0 0.96728515625 0.11666666666666665 0.018281291733392546 0.02437505564452343
0 0.7783203125 0.8739583333333334 0.0073209628179653485 0.009761283757287131
0 0.60419921875 0.9002604166666667 0.0059498227389562786 0.007933096985275037
0 0.58486328125 0.9567708333333332 0.004389102549657187 0.005852136732876249
0 0.28896484375 0.35520833333333335 0.0059626318447163484 0.00795017579295513
1 0.30439453125000004 0.4137369791666667 0.01738281250000001 0.024088541666666668
1 0.06123046875 0.2694010416666666 0.018749999999999996 0.017708333333333326
1 0.8252929687499999 0.4194010416666667 0.016015624999999978 0.019270833333333348
1 0.53564453125 0.21608072916666665 0.008203125000000089 0.011588541666666674
1 0.5643554687500001 0.1864583333333333 0.006249999999999978 0.013541666666666674
1 0.55712890625 0.5606770833333333 0.01171875 0.01171875
1 0.77939453125 0.9649088541666666 0.0234375 0.027213541666666636
1 0.030126953125 0.8268229166666666 0.007910156249999998 0.014322916666666666
