0 0.4369140625 0.6203124999999999 0.02369407091620257 0.03159209455493676
0 0.45888671875 0.6065104166666667 0.007503661215741642 0.010004881620988856
0 0.442578125 0.6389322916666667 0.006067275221487978 0.008089700295317304
0 0.5224609375 0.5222656250000001 0.025194555463432966 0.03359274061791062
0 0.48349609375 0.55625 0.007250277809871197 0.009667037079828264
0 0.3255859375 0.7039062500000001 0.009953275239250714 0.013271033652334433
0 0.39404296875 0.7971354166666668 0.01463801712699353 0.019517356169324707
0 0.4345703125 0.8384114583333333 0.005156397961892156 0.006875197282523023
0 0.70546875 0.62890625 0.008675481372856675 0.011567308497142234
0 0.61123046875 0.22278645833333333 0.008123685290267746 0.010831580387023735
0 0.21748046875 0.3235677083333333 0.008102526762770124 0.010803369017026832
0 0.37060546875 0.252734375 0.008849617780632202 0.011799490374176195
0 0.2033203125 0.05690104166666667 0.011445379159362223 0.015260505545816297
0 0.0544921875 0.6463541666666667 0.0044964314192271065 0.0059952418923027535
1 0.325732421875 0.7748697916666667 0.02392578125 0.02734375
1 0.5556640625 0.8604166666666666 0.0068359375 0.010416666666666666
1 0.6041015625 0.9787109375000002 0.0224609375 0.02226562500000003
0 0.72607421875 0.8509114583333334 0.005240784322265046 0.006987712429686728
1 0.6468750000000001 0.475390625 0.022851562499999978 0.03307291666666671
1 0.404052734375 0.4729817708333333 0.012011718749999956 0.017838541666666725
1 0.5134765625 0.4190104166666666 0.005468750000000022 0.011458333333333348
1 0.578125 0.3103515625 0.006640624999999956 0.011588541666666674
0 0.97138671875 0.14726562499999998 0.012795577620436926 0.017060770160582456
1 0.705908203125 0.09042968749999998 0.00634765625 0.012630208333333337
1 0.39912109375000004 0.03919270833333333 0.014453125000000011 0.01770833333333333
1 0.0505859375 0.15677083333333333 0.011914062499999996 0.020833333333333332
1 0.11220703125 0.2246744791666667 0.010351562500000008 0.011328125000000022
1 0.08940429687500001 0.5117838541666666 0.010058593749999997 0.006901041666666681
