0 0.46362385797342187 0.17469545957918053 0.010135809899172954 0.013514413198897271
0 0.6365500415282391 0.5795957918050941 0.007813534688273727 0.010418046251031635
0 0.7127932931893687 0.2949543189368771 0.006680615488078301 0.00890748731743766
0 0.6884603405315614 0.26467331118493914 0.009646275920965675 0.012861701227954159
0 0.9087546719269103 0.09769518272425255 0.011697827798821558 0.015597103731762041
0 0.9603405315614617 0.23136420265780733 0.01692068730586227 0.022560916407816434
1 0.0126531353820598 0.12494808970099673 0.016870847176079735 0.012112403100775196
1 0.28793993978405313 0.24910022148394248 0.010057620431893732 0.012112403100775215
1 0.18914815199335547 0.5080028377630122 0.011679817275747517 0.016870847176079746
1 0.11906924833887042 0.702017580287929 0.015573089700996676 0.029415836101882736
1 0.6501764950166112 0.8897598283499445 0.024657392026578018 0.0320113510520487
1 0.5369471553156145 0.5030281007751939 0.013626453488372103 0.014707918050941368
1 0.6333056478405314 0.2960357834994463 0.01622196843853818 0.028118078626799565
1 0.9231922238372092 0.014854997231450782 0.017844165282391966 0.026387735326688814
1 0.856844372923588 0.11997335271317837 0.012328696013289009 0.014275332225913614
1 0.8769596137873754 0.5086517165005537 0.012977574750830612 0.018168604651162806
1 0.8860439161129567 0.7052619739756367 0.006488787375415361 0.016870847176079746
1 0.7356662686877076 0.7876695736434108 0.016546407807308983 0.019898947951273598
1 0.7869276889534883 0.7904813815060908 0.007462105481727654 0.012544988925802988
