0 0.20732421875 0.29830729166666664 0.022501661451244104 0.030002215268325545
0 0.27998046875 0.13294270833333333 0.010397524729848562 0.01386336630646475
0 0.8580078125 0.6389322916666667 0.020796883804468536 0.0277291784059579
0 0.011283432392273434 0.12901266097077763 0.012077830171970675 0.01610377356262756
0 0.27607421875 0.090625 0.007044800311277966 0.009393067081703918
0 0.03583984375 0.4321614583333333 0.008291009873746577 0.011054679831662048
0 0.00595703125 0.6223958333333334 0.007162937820661054 0.00955058376088136
0 0.23935546875 0.550390625 0.005744312956973807 0.007659083942631669
0 0.317578125 0.7830729166666667 0.009698991420261871 0.012931988560349161
0 0.8884290261243386 0.17016644620811286 0.008347539693599026 0.011130052924798609
0 0.8644024884259259 0.29382991622574955 0.009314936950913566 0.012419915934551348
0 0.7240234375 0.24153645833333334 0.007952841043555647 0.010603788058074123
0 0.88271484375 0.4186197916666667 0.010128040751925305 0.013504054335900259
0 0.96279296875 0.4369791666666667 0.009062584186031453 0.01208344558137527
0 0.884375 0.7506510416666666 0.005527723319564304 0.0073702977594190715
0 0.859765625 0.7179687499999999 0.008161165006162596 0.010881553341550129
0 0.64169921875 0.8662760416666666 0.008452767581399456 0.011270356775199275
1 0.307421875 0.408203125 0.0205078125 0.03541666666666673
1 0.256787109375 0.5851562499999999 0.009667968749999978 0.011197916666666622
1 0.332958984375 0.5674479166666667 0.010839843750000022 0.013541666666666638
1 0.395947265625 0.8191406250000001 0.012597656249999978 0.014062499999999941
1 0.699658203125 0.5949218749999999 0.014550781249999978 0.008333333333333378
1 0.9661550843694493 0.3404196269982238 0.01977408969804617 0.029140763765541717
1 0.905517578125 0.7491536458333333 0.011621093750000089 0.009765625
1 0.83447265625 0.6670572916666666 0.007617187499999956 0.01302083333333326
1 0.63740234375 0.8190755208333332 0.022656249999999933 0.025390625
