0 0.54697265625 0.573828125 0.015214329761054968 0.020285773014739956
0 0.6751953125 0.5983072916666666 0.008389348279263409 0.011185797705684545
0 0.66884765625 0.5875 0.006768641973110778 0.009024855964147704
0 0.69609375 0.49609375 0.00785632240668721 0.010475096542249466
0 0.8010090587478559 0.5534412521440824 0.013637122398322044 0.018182829864429245
0 0.21641975864553312 0.6919353386167146 0.014731462005023455 0.0196419493400312
0 0.24878422190201727 0.1650981628242075 0.009367861230802688 0.01249048164107027
0 0.4947265625 0.8381510416666668 0.004823862904385967 0.006431817205847956
0 0.3212890625 0.988671875 0.018459872879797445 0.024613163839730074
0 0.0603515625 0.987890625 0.005524271728019899 0.00736569563735993
0 0.37216796875 0.5950520833333334 0.004419417382415913 0.005892556509887885
0 0.57025160077951 0.07783790367483298 0.007575025563434368 0.010100034084579249
1 0.46045376997336884 0.02233827119396363 0.02418650133155792 0.020112072791833115
1 0.53408203125 0.23255208333333335 0.008007812500000044 0.008593749999999992
1 0.554931640625 0.32708333333333334 0.02060546874999991 0.031770833333333304
1 0.7594908946513002 0.5180629432624113 0.016737773345153695 0.027703900709219836
1 0.593408203125 0.6550130208333333 0.00927734375 0.011067708333333334
1 0.91533203125 0.6372395833333333 0.021484375 0.020052083333333377
