0 0.0552978515625 0.08577473958333333 0.010753279074973254 0.014337705433297673
1 0.18609619140625 0.14217122395833334 0.0220947265625 0.028157552083333332
0 0.1436767578125 0.37451171875 0.007646708868830954 0.010195611825108012
0 0.040283203125 0.7101236979166666 0.023012763172408166 0.03068368422987759
0 0.007568359375 0.8396809895833334 0.015020105874289084 0.02002680783238553
0 0.027099609375 0.9222005208333334 0.01782895315455055 0.023771937539400767
0 0.353759765625 0.4348958333333333 0.011477206321819478 0.01530294176242597
1 0.25201416015625 0.575439453125 0.0108642578125 0.012532552083333334
0 0.240234375 0.810546875 0.00788086542557076 0.010507820567427828
0 0.3931884765625 0.21451822916666666 0.011309799630762174 0.015079732841016233
0 0.438720703125 0.4749348958333333 0.011744153780083644 0.015658871706778193
0 0.4371337890625 0.50341796875 0.014894579143232112 0.019859438857642814
1 0.47247314453125 0.049886067708333336 0.0179443359375 0.022623697916666668
0 0.554443359375 0.055501302083333336 0.008669570754181954 0.011559427672242642
0 0.6011962890625 0.4716796875 0.006486977663860527 0.008649303551814036
0 0.599853515625 0.9417317708333334 0.009771726609467457 0.013028968812623276
1 0.71881103515625 0.5055338541666666 0.0086669921875 0.0185546875
0 0.7386474609375 0.6847330729166666 0.006123015724601721 0.008164020966135629
1 0.77740478515625 0.8285319010416666 0.0086669921875 0.014485677083333334
0 0.777099609375 0.3390299479166667 0.012209472412158195 0.01627929654954426
0 0.8531494140625 0.982421875 0.014536109029887001 0.019381478706516003
1 0.860107421875 0.8767903645833334 0.011962890625 0.013020833333333334
0 0.91162109375 0.3460286458333333 0.012603427245254206 0.01680456966033894
0 0.9833984375 0.06575520833333333 0.011309799630762285 0.015079732841016233
