0 0.5947119384359402 0.4267713533000555 0.022806502261234707 0.030408669681646423
0 0.6545321912650602 0.26527986947791166 0.020310942796536224 0.027081257062048152
0 0.6737104668674698 0.26402484939759036 0.007836420277365752 0.010448560369821003
0 0.45732681492842536 0.6307408827539195 0.01728120818378065 0.023041610911707533
0 0.36626086400818 0.6485812883435583 0.021453299146849125 0.0286043988624655
0 0.16597973296324656 0.7738721924451251 0.011259050909694812 0.015012067879593083
0 0.15401572071209801 0.7433639612046963 0.006358959736752545 0.0084786129823368
0 0.08924468224789917 0.7065716911764706 0.008878957543486748 0.01183861005798222
0 0.018936820652173936 0.5902022946859904 0.017329288796437886 0.023105718395250552
0 0.16471354166666669 0.40338164251207737 0.006840492512225127 0.00912065668296691
0 0.35493093297101447 0.38413345410628025 0.005340795477840055 0.007121060637120073
0 0.05268673780487807 0.3548441734417344 0.005855909843300852 0.007807879791067822
0 0.6578715310167911 0.4681183924129353 0.009311547005582899 0.012415396007443865
0 0.2230505428403756 0.2768730438184664 0.012647735314089747 0.016863647085452998
0 0.11092509920634921 0.06390542328042331 0.025423517278733737 0.03389802303831165
1 0.10701234879032259 0.12801369287634404 0.010238155241935484 0.013650873655913979
1 0.445068359375 0.06920992943548383 0.007481728830645185 0.013650873655913979
1 0.5446934853830645 0.26557249663978494 0.01929498487903225 0.03045194892473117
1 0.544496597782258 0.301799815188172 0.01496345766129037 0.016801075268817207
1 0.6740486391129032 0.3469527049731182 0.01732610887096775 0.022051411290322582
1 0.13038244912790697 0.5781149063307494 0.010976865310077508 0.019682655038759655
1 0.057995589214380826 0.8840365623612962 0.01118300599201065 0.007975477141588971
1 0.5629456158980582 0.6134329490291263 0.019436438106796183 0.02717940938511328
1 0.6326323574029127 0.5189370954692557 0.008059010922330079 0.02275485436893206
1 0.8397517179319371 0.6607152595986038 0.015849967277486887 0.022837587260034892
1 0.29827448326771655 0.7732324475065617 0.023222194881889757 0.026656824146981634
1 0.8068629319105691 0.2573920828493999 0.013837470963995346 0.011190960123886984
