0 0.0108642578125 0.16861979166666666 0.008115610419235676 0.010820813892314244
0 0.1058349609375 0.24886067708333334 0.007184540512481519 0.009579387349975358
0 0.1829833984375 0.3723958333333333 0.010500885335745391 0.014001180447660596
0 0.169189453125 0.7540690104166666 0.006338259270384339 0.0084510123605126
0 0.0513916015625 0.6414388020833334 0.010500885335745391 0.014001180447660596
0 0.037109375 0.5341796875 0.0077589104404642145 0.010345213920618898
1 0.0111083984375 0.1943359375 0.0048828125 0.013020833333333334
1 0.0618896484375 0.51806640625 0.009521484375 0.013020833333333334
1 0.05731201171875 0.9706217447916666 0.0311279296875 0.034993489583333336
1 0.1849365234375 0.5442708333333334 0.02099609375 0.026692708333333332
0 0.249755859375 0.5670572916666666 0.008631674575031112 0.011508899433374816
0 0.20751953125 0.7683919270833334 0.010540543527794377 0.014054058037059095
1 0.3658447265625 0.5735677083333334 0.03076171875 0.043294270833333336
1 0.42657470703125 0.15681966145833334 0.0137939453125 0.01611328125
0 0.4039306640625 0.72119140625 0.007344535623286741 0.009792714164382469
0 0.3927001953125 0.85302734375 0.025051493066084674 0.03340199075477942
1 0.36907958984375 0.7904459635416666 0.0098876953125 0.008626302083333334
0 0.5565185546875 0.4231770833333333 0.011296616505136026 0.015062155340181368
0 0.4996337890625 0.7464192708333334 0.00895367227582633 0.011938229701101774
0 0.521484375 0.6497395833333334 0.005940197783494305 0.00792026371132574
0 0.5087890625 0.6258138020833334 0.005577958817771345 0.0074372784236952745
0 0.459228515625 0.05810546875 0.00634765625 0.008463541666666666
0 0.63330078125 0.5597330729166666 0.009658222873463185 0.012877630497950765
0 0.734619140625 0.3024088541666667 0.005746387839814293 0.0076618504530857985
0 0.75732421875 0.7921549479166666 0.00818508526085937 0.01091344701447916
0 0.7728271484375 0.7884114583333334 0.0072588226305265735 0.009678430174035432
1 0.760009765625 0.9185384114583334 0.019287109375 0.025553385416666668
1 0.815185546875 0.17350260416666666 0.01025390625 0.017903645833333332
1 0.8736572265625 0.5199381510416666 0.009765625 0.010904947916666666
1 0.847412109375 0.6722005208333334 0.00732421875 0.015299479166666666
0 0.9920654296875 0.5304361979166666 0.01197285140160087 0.015963801868801013
