0 0.095458984375 0.047037760416666664 0.01563262753279504 0.020843503377060053
0 0.0926513671875 0.060872395833333336 0.0132399871708557 0.01765331622780762
0 0.147705078125 0.045572916666666664 0.009344560160646775 0.012459413547529066
0 0.160400390625 0.19547526041666666 0.007147109945461139 0.009529479927281518
0 0.1605224609375 0.21744791666666666 0.007827743916934304 0.01043699188924574
1 0.01995849609375 0.3763020833333333 0.0140380859375 0.011067708333333334
1 0.0267333984375 0.17513020833333334 0.02099609375 0.02734375
0 0.30517578125 0.058430989583333336 0.00900346138407504 0.012004615178766775
0 0.331787109375 0.3699544270833333 0.012976252212810846 0.017301669617081128
1 0.23638916015625 0.504150390625 0.0093994140625 0.00927734375
0 0.4498291015625 0.3064778645833333 0.012893306568858343 0.01719107542514438
0 0.4503173828125 0.291015625 0.006875062422035505 0.00916674989604734
0 0.3837890625 0.35595703125 0.007425247229367993 0.009900329639157324
0 0.4639892578125 0.007161458333333333 0.007344535623286741 0.009792714164382372
1 0.3714599609375 0.24568684895833334 0.009521484375 0.010579427083333334
1 0.4364013671875 0.41455078125 0.013671875 0.018880208333333332
0 0.45703125 0.9306640625 0.0072834149854376085 0.009711219980583627
0 0.4827880859375 0.6931966145833334 0.007213518897799864 0.009618025197066634
1 0.4017333984375 0.8177083333333334 0.013671875 0.017252604166666668
0 0.389892578125 0.6105143229166666 0.008082492850218226 0.010776657133624301
0 0.5533447265625 0.4095052083333333 0.006276836002042208 0.00836911466938961
1 0.638916015625 0.3295084635416667 0.014404296875 0.018391927083333332
1 0.743408203125 0.025227864583333332 0.01416015625 0.012044270833333334
0 0.7235107421875 0.15608723958333334 0.00929659802961913 0.012395464039492024
0 0.96484375 0.37841796875 0.01294866270134376 0.01726488360179183
0 0.933837890625 0.5236002604166666 0.015944083854741997 0.02125877847298918
0 0.8243408203125 0.4781901041666667 0.0067525960380563355 0.009003461384075115
0 0.9791259765625 0.7000325520833334 0.006463965964293772 0.008618621285725029
1 0.82916259765625 0.85498046875 0.0159912109375 0.034830729166666664
1 0.97705078125 0.5553385416666666 0.0068359375 0.010416666666666666
