0 0.41012985641891897 0.1621621621621622 0.022845317787565822 0.030460423716754503
0 0.34414590371621623 0.27231137387387394 0.019409603368718553 0.025879471158291405
0 0.3581345016891892 0.3778856981981982 0.02153949088165452 0.028719321175539363
0 0.45895798141891897 0.41554054054054057 0.009339002329473267 0.012452003105964357
0 0.95224609375 0.3079427083333333 0.016770737294303117 0.022360983059070822
0 0.5177734375 0.16484374999999998 0.016774148869987293 0.02236553182664987
0 0.6142578125 0.5149739583333334 0.010150614422020476 0.013534152562694116
0 0.9137556175099867 0.6986934087882823 0.018111773204976922 0.02414903093996923
0 0.8707140479360852 0.7956127940523747 0.014362830051061204 0.019150440068081604
0 0.7561532539946738 0.7869437971593433 0.009562654123070446 0.012750205497427261
0 0.59853515625 0.7537760416666667 0.010292431348636999 0.013723241798182665
0 0.2171875 0.8188802083333333 0.02028713109309155 0.027049508124121917
0 0.237109375 0.8024739583333332 0.017661477724419228 0.023548636965892378
0 0.2505859375 0.8697916666666666 0.009154720035357694 0.012206293380476888
0 0.04326171875 0.7018229166666666 0.01354573506593719 0.018060980087916196
0 0.03203125 0.7468750000000001 0.008673282543427571 0.011564376724569966
1 0.08030902294853964 0.7660306560037089 0.01616285639777469 0.010503592953175675
1 0.10041072670375523 0.6739431212331942 0.007741872392211399 0.016841968011126696
1 0.19256617263560502 0.7711919042651831 0.018743480528511824 0.015393196569309117
1 0.27802734375 0.6303385416666667 0.010156249999999978 0.017708333333333288
1 0.308251953125 0.6516927083333334 0.006738281250000033 0.02031250000000003
1 0.5447265625 0.26608072916666664 0.008984374999999933 0.011067708333333334
1 0.5705078125 0.4342447916666667 0.012890624999999933 0.01796874999999994
1 0.202294921875 0.047526041666666664 0.02314453124999999 0.013020833333333334
