0 0.4613667582417582 0.4034168956043956 0.011175380145241887 0.014900506860322515
0 0.23886790293040294 0.6189999236874236 0.007605129502013697 0.010140172669351669
0 0.06966861263736264 0.5832284035409036 0.006154365031938752 0.00820582004258504
0 0.10150526556776557 0.6724187271062271 0.007738563005374288 0.010318084007165792
0 0.2900211767399267 0.7701942155067155 0.013742969259599946 0.018323959012800078
0 0.8616500686813188 0.792134081196581 0.02246497033554773 0.029953293780730306
0 0.6556061126373627 0.5379178113553114 0.0070461723055432746 0.009394896407390885
0 0.6749227335164836 0.4458657661782662 0.008343280527193908 0.011124374036258397
0 0.9188845009157509 0.2760702838827838 0.005723443223443203 0.007631257631257604
1 0.5724373282967034 0.5114468864468864 0.009658310439560447 0.017647283272283227
1 0.39107572115384615 0.7907032203907204 0.02253605769230771 0.034340659340659364
1 0.34510931776556775 0.8779857295482295 0.025755494505494525 0.029571123321123178
1 0.6194768772893773 0.6163766788766788 0.012162316849816834 0.012877747252747188
1 0.8981370192307693 0.5069158272283273 0.007869734432234488 0.015262515262515283
1 0.6421917925824177 0.4072325244200245 0.01538175366300365 0.019078144078144083
