1 0.0565185546875 0.008951822916666666 0.009765625 0.015625
0 0.0057373046875 0.055501302083333336 0.015289519835792166 0.020386026447722878
0 0.1531982421875 0.2586263020833333 0.006463965964293827 0.008618621285725103
0 0.0958251953125 0.3525390625 0.01126491405767513 0.015019885410233543
0 0.1004638671875 0.3649088541666667 0.012697659789009608 0.01693021305201281
0 0.1754150390625 0.7908528645833334 0.008873428635442493 0.01183123818059014
0 0.2664794921875 0.62109375 0.007184540512481519 0.009579387349975358
1 0.3297119140625 0.327392578125 0.025146484375 0.023600260416666668
0 0.3330078125 0.22867838541666666 0.006408400756057975 0.008544534341410634
1 0.437255859375 0.3279622395833333 0.00439453125 0.01171875
1 0.42926025390625 0.508544921875 0.0147705078125 0.01220703125
0 0.383544921875 0.4876302083333333 0.009524613868716392 0.012699485158288523
0 0.3641357421875 0.7400716145833334 0.008115610419235697 0.010820813892314263
0 0.4744873046875 0.81884765625 0.005179004745018645 0.00690533966002486
1 0.4718017578125 0.7442220052083334 0.00537109375 0.022623697916666668
0 0.573974609375 0.7106119791666666 0.008669570754181954 0.011559427672242606
0 0.5377197265625 0.3902994791666667 0.013918157044667145 0.01855754272622301
0 0.6419677734375 0.3157552083333333 0.009190200305038365 0.012253600406717894
0 0.6456298828125 0.130859375 0.008030705177440645 0.010707606903254266
0 0.632568359375 0.71630859375 0.012025010113305479 0.01603334681774064
0 0.614013671875 0.8141276041666666 0.009190200305038365 0.01225360040671782
1 0.72406005859375 0.13728841145833334 0.0137939453125 0.01904296875
1 0.7672119140625 0.17838541666666666 0.016357421875 0.028645833333333332
1 0.97613525390625 0.5987955729166666 0.0133056640625 0.007161458333333333
