0 0.7255859375 0.49570312499999997 0.018751017225010935 0.025001356300014432
0 0.65546875 0.43268229166666666 0.00899286283845413 0.011990483784605358
0 0.29326171875 0.46445312499999997 0.0067939559105180125 0.009058607880690683
0 0.565234375 0.2125 0.006445312500000133 0.008593750000000178
0 0.6671875 0.25677083333333334 0.006325833883086496 0.008434445177448735
0 0.687109375 0.6657552083333333 0.006057836882527701 0.00807711584337012
0 0.74638671875 0.6985677083333334 0.009285050253128757 0.012380067004171677
0 0.5923828125 0.777734375 0.008479802088317223 0.011306402784422964
0 0.03173828125 0.7654947916666667 0.0052878853010472175 0.007050513734729573
0 0.58388671875 0.9680989583333334 0.007694420157653203 0.010259226876870938
0 0.8849609375 0.5847656250000001 0.005447783469133549 0.007263711292177917
0 0.91748046875 0.826171875 0.0060829732431240124 0.008110630990832016
0 0.28466796875 0.6110677083333333 0.005200596467068053 0.006934128622757403
0 0.993359375 0.06940104166666666 0.013167307648971338 0.01755641019862832
1 0.54501953125 0.5762369791666667 0.0107421875 0.01054687500000003
1 0.44580078125 0.6168619791666666 0.009179687499999978 0.007942708333333362
1 0.350537109375 0.6425130208333334 0.01123046875 0.013932291666666652
1 0.731201171875 0.6238932291666667 0.01025390625 0.031901041666666664
1 0.396533203125 0.09654947916666667 0.019628906250000022 0.014973958333333334
1 0.595751953125 0.15208333333333335 0.01318359375 0.01927083333333333
1 0.55009765625 0.0064453125000000005 0.009375000000000022 0.011848958333333333
