0 0.4591796875 0.467578125 0.009720599326663582 0.01296079910221811
0 0.23740234375 0.5276041666666667 0.009028847133848661 0.012038462845131548
0 0.0525390625 0.14635416666666667 0.01362715901758782 0.01816954535678376
1 0.055810546875 0.4787109375 0.016308593750000003 0.010546874999999956
0 0.0765625 0.9343750000000001 0.00975194354126549 0.013002591388353876
0 0.134765625 0.9916666666666667 0.012768718069282148 0.01702495742570953
0 0.21455078125 0.9524739583333334 0.005160095630321437 0.006880127507095324
1 0.208251953125 0.2596354166666666 0.02099609375 0.021354166666666674
1 0.219140625 0.7041015625 0.009570312500000011 0.009505208333333274
0 0.3123046875 0.7979166666666666 0.006634878027915292 0.00884650403722039
0 0.383984375 0.8332031249999999 0.0073521602440307365 0.009802880325374316
1 0.36469726562500004 0.49095052083333335 0.008105468750000011 0.01445312500000003
1 0.3857421875 0.5154296875000001 0.006054687500000044 0.013411458333333348
0 0.28994140625 0.6986979166666667 0.004788144793801297 0.006384193058401877
1 0.43867187500000004 0.8964192708333334 0.008593750000000011 0.013151041666666696
0 0.49326171875 0.9309895833333334 0.006927401504284392 0.009236535339045856
1 0.45322265625 0.7425130208333334 0.006640625000000011 0.012890625000000119
0 0.42060546875 0.7024739583333334 0.006289547729728451 0.008386063639637934
0 0.41162109375 0.6417968749999999 0.005330993774982806 0.007107991699977075
0 0.41083984375 0.302734375 0.00368514887970961 0.0049135318396128875
0 0.5189453125 0.16458333333333333 0.011864330116005739 0.015819106821341116
0 0.52734375 0.10494791666666665 0.009260366868070191 0.01234715582409355
0 0.55361328125 0.1046875 0.006448271101257452 0.008597694801676603
1 0.495849609375 0.12246093750000002 0.014355468750000044 0.023046875000000005
1 0.5767578125 0.3382161458333333 0.025195312499999956 0.020442708333333354
0 0.6 0.340625 0.006468943422530904 0.008625257896707872
0 0.62529296875 0.6598958333333333 0.008488794457851778 0.011318392610469186
0 0.62998046875 0.9067708333333333 0.0060829732431242345 0.008110630990832313
0 0.6474609375 0.45286458333333335 0.0083277365645813 0.011103648752775067
1 0.663671875 0.5400390625 0.017382812499999956 0.022005208333333304
0 0.72119140625 0.5906250000000001 0.01319046406633051 0.017587285421774013
1 0.744384765625 0.5813151041666668 0.009472656250000044 0.016015625000000016
0 0.609375 0.016145833333333335 0.009858929268846905 0.013145239025129221
0 0.7892578125 0.9877604166666667 0.017121900737455453 0.02282920098327394
1 0.7975097656250001 0.9576171875 0.011621093749999978 0.028255208333333243
1 0.877392578125 0.8192708333333334 0.01318359375 0.012760416666666755
1 0.824951171875 0.4697265625 0.013378906250000044 0.01601562499999994
0 0.84921875 0.43046875 0.013055292943022101 0.0174070572573628
0 0.86416015625 0.4356770833333334 0.004064189852868161 0.005418919803824214
0 0.90322265625 0.49127604166666666 0.012984976670777026 0.01731330222770285
0 0.912890625 0.7744791666666666 0.009524363547059878 0.012699151396079836
1 0.947216796875 0.3162760416666667 0.005957031250000022 0.014322916666666666
0 0.98857421875 0.29518229166666665 0.004207160005573973 0.005609546674098483
0 0.949609375 0.024479166666666666 0.006253051013118016 0.008337401350824022
