0 0.5205078125 0.5390625 0.01080415366089027 0.014405538214520211
0 0.5515625 0.6247395833333333 0.009303519815480277 0.012404693087306887
0 0.357421875 0.6330729166666667 0.009212872199274025 0.012283829599032034
0 0.68330078125 0.2994791666666667 0.023450517218443157 0.03126735629125762
0 0.60712890625 0.31614583333333335 0.012844674255825916 0.017126232341101295
0 0.90537109375 0.5652343750000001 0.009618025197066338 0.012824033596088599
0 0.95009765625 0.6756510416666667 0.009062584186031453 0.01208344558137527
0 0.91572265625 0.6457031249999999 0.005826731988350042 0.007768975984466871
0 0.9083984375 0.9608072916666667 0.005596308117927551 0.007461744157236734
0 0.98720703125 0.9877604166666667 0.008488794457851778 0.011318392610469038
0 0.9919921875 0.03958333333333333 0.00933626437712265 0.01244835250283031
0 0.7138671875 0.06588541666666667 0.01403262886459844 0.018710171819464678
1 0.493017578125 0.7655598958333334 0.018261718750000044 0.024348958333333243
1 0.46787109375 0.8589192708333334 0.006054687499999989 0.009244791666666696
1 0.5447265625 0.3668619791666667 0.014843749999999933 0.026692708333333332
1 0.368212890625 0.27057291666666666 0.010644531249999978 0.014583333333333356
1 0.299267578125 0.14772135416666668 0.020410156249999978 0.024088541666666668
1 0.027392578124999997 0.455859375 0.023925781249999997 0.029427083333333288
1 0.2287109375 0.4555338541666667 0.0052734375000000056 0.011067708333333334
1 0.073193359375 0.8131510416666666 0.010839843749999994 0.012239583333333451
1 0.088720703125 0.9229817708333333 0.02392578125 0.029296875
0 0.0677734375 0.9274739583333332 0.0052589500069673 0.007011933342623067
1 0.6153808593750001 0.9259765624999999 0.024316406249999978 0.021484375
1 0.953173828125 0.4884765625 0.019238281249999933 0.024869791666666623
