0 0.040879360465116275 0.12235257475083063 0.014796711808284083 0.019728949077712093
0 0.42282006048387094 0.34700682382133996 0.013369566361792207 0.017826088482389608
0 0.3968914779776675 0.5020936724565757 0.012038366885443352 0.016051155847257803
0 0.8892690535071942 0.12622714328537168 0.012786838693795932 0.01704911825839465
0 0.9129805530575539 0.4299685251798561 0.008676012417960788 0.011568016557280902
0 0.8837407178217821 0.6201010726072607 0.0069425082600229615 0.009256677680030467
0 0.802843956270627 0.6173078245324531 0.00682936910208376 0.009105825469444865
0 0.28254739958033576 0.7581434852118306 0.006305695451999327 0.008407593935999103
0 0.012631213803088804 0.821971525096525 0.007588008188607779 0.01011734425147696
1 0.09493638096816975 0.17942501105216624 0.019427635941644553 0.017614389920424373
1 0.46194721739969136 0.035529996141975335 0.010699990354938294 0.02290702160493827
1 0.6561995316537468 0.3310723514211886 0.014888162144702788 0.018168604651162806
1 0.6329840923772609 0.5302540913006029 0.012364744832041308 0.012785314384151572
1 0.4303536821705426 0.4976178940568475 0.013374111757105955 0.021533161068044853
1 0.4637889615633075 0.4651499246339363 0.009084302325581384 0.009084302325581403
1 0.7769450500645995 0.6848554586563308 0.019682655038759655 0.026579995693367813
1 0.531921229005168 0.7110989987080103 0.017159237726098175 0.034654931093884546
0 0.5046351796163849 0.8283146402254009 0.00704314888647084 0.00939086518196112
1 0.273974609375 0.7705078125 0.005957031250000022 0.008203124999999941
1 0.047998046875 0.8423828125 0.012402343750000003 0.014973958333333334
0 0.13293542395104896 0.9496588480963482 0.011002190753928609 0.014669587671904813
