0 0.11494140625 0.7153645833333333 0.013678848667885296 0.01823846489051384
0 0.43984375 0.7763020833333334 0.02187587191342677 0.029167829217902508
0 0.46748046875 0.8084635416666667 0.008562621178430874 0.011416828237907831
0 0.53115234375 0.1734375 0.011316332763180448 0.015088443684240616
0 0.30693359375 0.05182291666666666 0.010981009997555136 0.014641346663406885
0 0.56044921875 0.109375 0.007706804553495594 0.010275739404660903
0 0.46796875 0.12473958333333333 0.0065276464715111615 0.008703528628681512
0 0.96591796875 0.43385416666666665 0.010150614422020476 0.013534152562694116
0 0.87177734375 0.13203125000000002 0.00861370198093736 0.011484935974583258
0 0.08310546875 0.10989583333333335 0.0197178585376937 0.026290478050258265
0 0.11650390625 0.28020833333333334 0.006501295694177067 0.008668394258902756
1 0.0376953125 0.5460937499999999 0.0087890625 0.021354166666666712
1 0.10698242187500001 0.5015625 0.006542968750000003 0.01250000000000003
1 0.05400390625 0.337890625 0.0078125 0.007031249999999971
1 0.261376953125 0.3515625 0.006152343750000011 0.011197916666666696
1 0.617431640625 0.44733072916666666 0.02724609375000009 0.025390625
1 0.20419921875000002 0.921875 0.023046874999999994 0.012499999999999881
1 0.546240234375 0.3149739583333333 0.010058593749999956 0.01223958333333334
