1 0.04815673828125 0.032307942708333336 0.0074462890625 0.015787760416666668
0 0.0208740234375 0.22054036458333334 0.018089485891447953 0.024119314521930574
1 0.13031005859375 0.3758138020833333 0.0228271484375 0.031901041666666664
0 0.0811767578125 0.9694010416666666 0.00989296854948965 0.013190624732652978
1 0.189208984375 0.6814778645833334 0.01123046875 0.010091145833333334
0 0.237060546875 0.23258463541666666 0.008628221214390774 0.011504294952521033
0 0.281982421875 0.2942708333333333 0.005393242684173516 0.007190990245564614
1 0.337646484375 0.8894856770833334 0.009765625 0.014322916666666666
0 0.4007568359375 0.6402994791666666 0.013569036358974884 0.018092048478633178
0 0.4278564453125 0.029947916666666668 0.01034649418965683 0.013795325586209042
0 0.4215087890625 0.48046875 0.008115610419235697 0.010820813892314263
0 0.5760498046875 0.4308268229166667 0.006276836002042208 0.00836911466938961
1 0.54229736328125 0.4236653645833333 0.0125732421875 0.036458333333333336
0 0.5836181640625 0.7692057291666666 0.00723002582761767 0.00964003443682356
0 0.5985107421875 0.265625 0.009682876960474651 0.012910502613966127
0 0.57373046875 0.2955729166666667 0.005940197783494305 0.007920263711325815
1 0.5552978515625 0.08976236979166667 0.01708984375 0.021647135416666668
1 0.5692138671875 0.12638346354166666 0.0068359375 0.00634765625
1 0.63421630859375 0.024332682291666668 0.0299072265625 0.03857421875
1 0.746337890625 0.27880859375 0.00927734375 0.012369791666666666
0 0.7691650390625 0.60546875 0.007109482313750526 0.009479309751667367
0 0.64599609375 0.64453125 0.00537109375 0.007161458333333333
0 0.901611328125 0.3728841145833333 0.010664223470625789 0.014218964627501052
0 0.8861083984375 0.41064453125 0.0087890625 0.01171875
1 0.876953125 0.6543782552083334 0.008544921875 0.01416015625
1 0.900634765625 0.68408203125 0.0205078125 0.02734375
1 0.9295654296875 0.6319173177083334 0.021728515625 0.026204427083333332
0 0.95654296875 0.68798828125 0.007389036108604197 0.009852048144805595
0 0.9637451171875 0.6671549479166666 0.006573687508709014 0.008764916678278759
1 0.9588623046875 0.642822265625 0.0107421875 0.01416015625
0 0.9244384765625 0.5558268229166666 0.011254326730093966 0.015005768973458474
1 0.9410400390625 0.18977864583333334 0.012939453125 0.010091145833333334
1 0.87884521484375 0.785888671875 0.0103759765625 0.015462239583333334
