0 0.45313930860805857 0.2679620726495726 0.016345666865264175 0.021794222487018972
0 0.1358459249084249 0.3127957112332112 0.006787168741776262 0.009049558322368348
0 0.04319768772893772 0.2741624694749694 0.006787168741776234 0.009049558322368275
0 0.43847298534798534 0.33568948412698413 0.005208411951465597 0.006944549268620796
0 0.5082274496336997 0.41247901404151405 0.011535968618787917 0.015381291491717223
0 0.42380666208791207 0.6218616452991453 0.004524779161184211 0.006033038881578949
0 0.3046875 0.684342567155067 0.008644578449515383 0.011526104599353696
0 0.3429630265567765 0.7368074633699634 0.006595942405915878 0.008794589874554504
0 0.2091775412087912 0.873693147130647 0.02537509708529101 0.03383346278038809
0 0.7114096840659341 0.798334478021978 0.02094391192809142 0.02792521590412189
0 0.6445169413919414 0.5302865537240538 0.022589934472079465 0.030119912629439288
0 0.9678914835164836 0.1682787698412698 0.004524779161184211 0.006033038881578874
0 0.9199576465201466 0.3170882936507936 0.006595942405915878 0.008794589874554429
0 0.8974215888278388 0.6991281288156288 0.013307774752273849 0.017743699669698465
0 0.9714686355311356 0.9748073107448106 0.007154304029304059 0.00953907203907208
1 0.3932220123626373 0.15015453296703293 0.01395089285714285 0.028617216117216127
1 0.4293512477106227 0.41581768925518925 0.02110519688644691 0.03338675213675213
1 0.5232514880952381 0.5424488705738706 0.009300595238095233 0.016693376068376065
1 0.4588627518315018 0.674803495115995 0.016454899267399237 0.016216422466422447
1 0.4391884157509157 0.9612141330891331 0.009300595238095233 0.020509004884004867
1 0.7330514537545787 0.8431681166056165 0.024682348901098883 0.030525030525030566
