0 0.29862569404897493 0.6924176632498101 0.019896675483162984 0.02652890064421746
0 0.20820985991379315 0.6420318486590039 0.01178556460884217 0.01571408614512289
0 0.07490234375 0.7739583333333333 0.0062986388658582415 0.008398185154477803
0 0.093359375 0.2256510416666667 0.008212420328761183 0.010949893771681577
0 0.301171875 0.8770833333333333 0.006821972342411331 0.009095963123215256
0 0.33876953125 0.8898437499999999 0.015235626951762837 0.020314169269017118
0 0.38876953125 0.42578125 0.009391261937633733 0.012521682583511643
0 0.4048828125 0.45625 0.009858929268846794 0.01314523902512906
0 0.30673828125 0.41171874999999997 0.020537552840106277 0.02738340378680837
0 0.32939453125 0.24583333333333335 0.00914846752236742 0.012197956696489968
0 0.466796875 0.4760416666666667 0.007778245215523394 0.010370993620697858
1 0.455224609375 0.5038411458333334 0.006152343750000011 0.007421874999999985
1 0.37763671875000004 0.6016276041666667 0.013867187499999989 0.01445312500000003
1 0.475634765625 0.7352864583333334 0.02099609375 0.021354166666666636
1 0.483544921875 0.8168619791666666 0.01220703125 0.019661458333333364
1 0.107177734375 0.16334635416666668 0.01630859374999999 0.022265624999999994
1 0.206103515625 0.24433593750000002 0.013964843749999983 0.023046874999999984
1 0.15703125 0.08678385416666667 0.0078125 0.014453125000000002
0 0.2447265625 0.17994791666666665 0.00553117275722903 0.007374897009638707
1 0.503369140625 0.9291015625 0.02080078125000001 0.033203125
0 0.57060546875 0.831640625 0.009959022487485925 0.013278696649981233
1 0.612255859375 0.8653645833333333 0.010058593750000067 0.016927083333333332
0 0.63486328125 0.7683593750000001 0.004835710313726427 0.006447613751635235
0 0.61748046875 0.2177083333333333 0.01036629258571553 0.013821723447620634
0 0.69150390625 0.32786458333333335 0.005826731988350042 0.007768975984466723
0 0.6150390625 0.97890625 0.006376885827076073 0.00850251443610143
0 0.68544921875 0.912109375 0.0059786046347709565 0.007971472846361275
0 0.6732421875 0.5037760416666667 0.004630183434035207 0.006173577912046794
1 0.7435546875 0.6029296875 0.009570312499999956 0.011328124999999986
1 0.7529296875 0.4535807291666667 0.010937500000000044 0.020963541666666623
0 0.81162109375 0.7893229166666668 0.005500049937628315 0.007333399916837753
1 0.80595703125 0.8779296875 0.015429687500000067 0.016536458333333393
0 0.9140625 0.8615885416666668 0.011057171761498452 0.014742895681997936
0 0.86845703125 0.4083333333333334 0.013976789580324223 0.018635719440432297
0 0.92841796875 0.7190104166666668 0.005078125000000044 0.0067708333333333925
0 0.95498046875 0.4955729166666667 0.0062986388658583525 0.008398185154477803
0 0.88212890625 0.5216145833333333 0.004752158226795755 0.006336210969060859
1 0.9322265624999999 0.20442708333333334 0.019140625000000022 0.025260416666666636
0 0.840234375 0.20364583333333333 0.005111817315743172 0.0068157564209909705
