0 0.4562909526209677 0.04295824932795695 0.007471359139132772 0.009961812185510307
0 0.5803301411290323 0.28814894153225806 0.013388356854838745 0.017851142473118253
0 0.16647240423387097 0.41048177083333326 0.01623576748998895 0.02164768998665186
0 0.047946068548387094 0.560641381048387 0.007875504032258104 0.010500672043010825
0 0.4251827116935484 0.434633316532258 0.011193194307232757 0.014924259076310342
0 0.40864415322580644 0.4577347950268817 0.011276005751698293 0.015034674335597723
0 0.33618951612903225 0.5632665490591398 0.005568822306471599 0.007425096408628799
0 0.4531407510080645 0.5853179603494624 0.007087953629032251 0.009450604838709667
0 0.5641853578629032 0.4986874159946236 0.007044064949281115 0.009392086599041486
0 0.3338268649193548 0.7942813340053764 0.00479048208346311 0.006387309444617332
0 0.04400831653225806 0.9465410786290321 0.007429735644575858 0.009906314192767773
0 0.7697360131048387 0.6598727318548386 0.007260855954899226 0.009681141273198968
0 0.8228956653225806 0.5364898353494624 0.020806837219037977 0.02774244962538412
0 0.7606791834677419 0.20099336357526879 0.012452265231887916 0.016603020309183814
0 0.6642042590725806 0.17159148185483866 0.016613393956124822 0.02215119194149967
0 0.6984627016129032 0.01093119959677416 0.006349434340582993 0.008465912454110555
0 0.09480531754032258 0.3459026377688172 0.02206547020873531 0.029420626944980415
1 0.6417590725806451 0.910313760080645 0.01968876008064524 0.04515288978494617
1 0.644712386592742 0.5582787298387096 0.024020287298387122 0.030976982526881747
1 0.6279769405241935 0.06238449260752685 0.02677671370967738 0.028351814516129042
1 0.18773626512096775 0.4532720094086021 0.014963457661290314 0.028876848118279508
1 0.04676474294354838 0.594768565188172 0.013388356854838704 0.03570228494623658
1 0.1928553427419355 0.7496534778225806 0.02047631048387097 0.027301747311827846
1 0.22711378528225806 0.9680674563172044 0.015751008064516125 0.03360215053763449
