0 0.1076171875 0.28020833333333334 0.019477465006165623 0.025969953341554202
0 0.2595703125 0.3989583333333333 0.007536633352177691 0.010048844469570254
0 0.45654296875 0.8122395833333332 0.013398494442299014 0.017864659256398536
0 0.90556640625 0.8138020833333334 0.013728954508429592 0.01830527267790612
0 0.27275390625 0.68359375 0.007229201376297456 0.009638935168396756
0 0.33037109375 0.6251302083333333 0.007873298582322774 0.010497731443097033
0 0.958984375 0.25390625 0.015114966729645296 0.020153288972860322
0 0.73095703125 0.6407552083333333 0.007077215207809795 0.009436286943746394
0 0.528336473108747 0.3949344956658786 0.005771645981087481 0.007695527974783308
0 0.12932135558583108 0.7588201067211626 0.00606786138187132 0.008090481842495242
0 0.21226040942280947 0.8393747102457118 0.006747513010895156 0.008996684014526876
0 0.02744140625 0.7703125000000001 0.006358914295351355 0.008478552393801722
1 0.191015625 0.08522135416666667 0.02421875000000001 0.027473958333333336
1 0.51787109375 0.14973958333333334 0.013867187499999933 0.023177083333333348
1 0.575439453125 0.19055989583333333 0.01845703125000009 0.025390625
1 0.53076171875 0.30670572916666666 0.025390625 0.017057291666666658
1 0.339111328125 0.36516927083333334 0.018457031249999978 0.024088541666666668
1 0.88662109375 0.102734375 0.010937500000000044 0.013281250000000003
1 0.6561523437500001 0.7069010416666667 0.006249999999999978 0.011458333333333274
1 0.820654296875 0.9550130208333334 0.022753906249999956 0.02122395833333342
1 0.7789191632231405 0.9912109375 0.014478951446280863 0.014973958333333334
1 0.7594490131578947 0.9929687500000001 0.007960526315789362 0.011458333333333274
1 0.213330078125 0.9361328125 0.017871093749999983 0.03085937499999991
1 0.820361328125 0.24088541666666666 0.005761718749999978 0.010677083333333318
1 0.9337188805710306 0.683140378365831 0.015777332869080785 0.017772168059424203
