0 0.49541015625 0.5134114583333333 0.008425646332079206 0.011234195109438941
0 0.3546875 0.7688802083333334 0.005677516349120504 0.007570021798827338
0 0.39755859375 0.8859374999999999 0.009546366726445266 0.012728488968593688
0 0.247265625 0.9356770833333333 0.014740595518838523 0.01965412735845125
0 0.74326171875 0.14309895833333333 0.006608954810815693 0.00881193974775433
0 0.8277964369158878 0.020839417834890964 0.011831823308323886 0.01577576441109843
0 0.19560546875 0.2203125 0.010468822877544859 0.013958430503393146
0 0.1890625 0.4510416666666666 0.01275377165415198 0.017005028872202566
0 0.101953125 0.5302083333333333 0.008029220621521255 0.010705627495361636
0 0.78505859375 0.7429687500000001 0.005677516349120504 0.007570021798827338
0 0.81953125 0.8093750000000001 0.005066844441825147 0.006755792589100196
0 0.9462890625 0.7899739583333334 0.007055621823510938 0.00940749576468125
0 0.96484375 0.7214843750000001 0.004007477447008467 0.005343303262677956
1 0.44951171874999996 0.6143229166666667 0.02031250000000001 0.022916666666666696
1 0.498046875 0.7005208333333334 0.014843750000000044 0.017708333333333215
1 0.736328125 0.4345703125 0.013476562499999956 0.019401041666666636
1 0.757470703125 0.35638020833333334 0.01123046875 0.017708333333333364
1 0.689208984375 0.2947916666666667 0.01025390625 0.016927083333333332
1 0.596923828125 0.34108072916666665 0.013769531249999911 0.017057291666666658
1 0.35209960937499996 0.4639973958333334 0.006542968749999989 0.006640624999999956
1 0.765966796875 0.8132812499999998 0.014355468750000044 0.05546875000000003
1 0.907666015625 0.7861979166666666 0.01318359375 0.01588541666666658
1 0.9517578124999999 0.0958984375 0.021874999999999978 0.02200520833333332
1 0.676708984375 0.07233072916666666 0.014550781249999978 0.023307291666666664
1 0.663671875 0.15462239583333334 0.0068359375 0.011848958333333326
1 0.40927734375 0.08763020833333333 0.010156250000000033 0.013802083333333326
1 0.469482421875 0.016536458333333334 0.018652343750000022 0.021093750000000005
0 0.99482421875 0.4627604166666666 0.01563598246845732 0.02084797662460976
