0 0.33447265625 0.3716145833333333 0.012079411012551833 0.01610588135006911
0 0.4201171875 0.4139322916666666 0.004894517221149086 0.006526022961532115
0 0.32880859375 0.46875 0.008560393359691942 0.01141385781292259
0 0.10856521885069817 0.30782872359470104 0.008015982971327329 0.010687977295103105
0 0.15304337686567163 0.6012605243015691 0.008722306588501316 0.011629742118001829
0 0.35673828125 0.6393229166666666 0.008052940675034481 0.010737254233379309
0 0.357797005480167 0.8668776096033403 0.0037592740643320743 0.005012365419109284
0 0.99208984375 0.9484374999999999 0.013441133229754154 0.01792151097300554
0 0.899609375 0.3865885416666666 0.013125232512821494 0.017500310017095327
0 0.86083984375 0.23411458333333335 0.007462880146305695 0.009950506861741074
0 0.53984375 0.123828125 0.012317082051115369 0.016422776068153826
0 0.9427734375 0.26419270833333336 0.006228601062149286 0.008304801416198973
1 0.23081054687500002 0.6455729166666666 0.012792968749999994 0.02630208333333332
0 0.2181640625 0.6743489583333333 0.013402764425232638 0.017870352566976777
1 0.15087890625 0.6716796875000001 0.008593750000000011 0.013671875
1 0.5488258826061998 0.8833536643704553 0.009642293340987318 0.013454362801377684
1 0.172412109375 0.7762369791666667 0.021582031249999994 0.033203125
1 0.39506835937499996 0.9747395833333333 0.02275390625000001 0.015625
1 0.898388671875 0.3524088541666666 0.01904296875 0.027734375000000016
1 0.809619140625 0.09127604166666665 0.007128906250000067 0.014843749999999989
1 0.94072265625 0.17167968749999998 0.017382812500000067 0.025390625
1 0.99267578125 0.16641701911027573 0.0126953125 0.021636121553884797
