0 0.59775390625 0.442578125 0.00953036945215291 0.01270715926953736
0 0.65166015625 0.4895833333333333 0.004719939833435438 0.0062932531112472505
0 0.4578125 0.5572916666666666 0.009959022487485925 0.013278696649981233
0 0.44970703125 0.7145833333333332 0.021356151457557204 0.02847486861007642
0 0.559765625 0.7552083333333334 0.013604745911928173 0.01813966121590423
0 0.73173828125 0.6221354166666667 0.007503661215741753 0.010004881620989003
0 0.03720703125 0.5578124999999999 0.014365762147213523 0.01915434952961803
0 0.0263671875 0.13229166666666667 0.00991679865217665 0.0132223982029022
0 0.04931640625 0.022786458333333332 0.006640624999999997 0.00885416666666667
0 0.1919921875 0.09765625 0.005940197783494361 0.007920263711325815
0 0.52939453125 0.28867187499999997 0.006652104049190033 0.008869472065586562
0 0.49013671875 0.06588541666666667 0.013261129059975008 0.01768150541330001
0 0.5509765625 0.05182291666666666 0.004225255400934325 0.005633673867912396
0 0.47275390625 0.003515625 0.0038915739931975057 0.0051887653242632965
0 0.6771484375 0.287890625 0.004462367054217209 0.005949822738956205
0 0.6587890625 0.22708333333333333 0.0038669902096140074 0.005155986946151862
0 0.3970703125 0.9617187500000001 0.005513903989645685 0.007351871986194247
0 0.9732421875 0.5326822916666667 0.007462880146305695 0.009950506861740926
0 0.21201171875 0.027604166666666666 0.018248919729372037 0.024331892972496022
0 0.69755859375 0.9480468750000001 0.006858222603937314 0.009144296805249752
1 0.2032011664345404 0.20320116643454042 0.027202298050139267 0.022668581708449393
1 0.356103515625 0.21562500000000004 0.016503906250000033 0.027864583333333342
1 0.322607421875 0.3158854166666667 0.02216796874999999 0.039062500000000035
1 0.43349609375 0.7624348958333332 0.0146484375 0.01783854166666658
1 0.36372070312500004 0.9044270833333333 0.009082031250000011 0.011979166666666726
1 0.55439453125 0.15813802083333334 0.007226562499999978 0.012369791666666666
0 0.66396484375 0.9438802083333333 0.004542852870942582 0.006057137161256776
1 0.009228515625000001 0.08509114583333333 0.01826171875 0.036588541666666675
