0 0.0830078125 0.09586588541666667 0.01025390625 0.013671875
0 0.028564453125 0.23404947916666666 0.010066175843793115 0.013421567791724135
1 0.10028076171875 0.3221842447916667 0.0133056640625 0.015462239583333334
1 0.02691650390625 0.312744140625 0.0133056640625 0.016764322916666668
0 0.069580078125 0.46630859375 0.00781631376639752 0.010421751688530101
0 0.0106201171875 0.6240234375 0.01711772279585752 0.02282363039447673
0 0.07470703125 0.9072265625 0.007180391196217162 0.009573854928289549
0 0.181396484375 0.9615885416666666 0.007489190258875955 0.009985587011834754
0 0.2279052734375 0.74560546875 0.019152205720171067 0.025536274293561572
1 0.204833984375 0.5794270833333334 0.00927734375 0.011393229166666666
0 0.339111328125 0.015299479166666666 0.00843257619100124 0.011243434921334986
1 0.2283935546875 0.74560546875 0.018310546875 0.025390625
1 0.45281982421875 0.155517578125 0.0137939453125 0.02001953125
1 0.47833251953125 0.304443359375 0.0072021484375 0.01318359375
1 0.47149658203125 0.403076171875 0.0113525390625 0.013509114583333334
0 0.38916015625 0.5056966145833334 0.007997236012773024 0.010662981350364031
0 0.59765625 0.509765625 0.01567261117744545 0.020896814903260452
1 0.5614013671875 0.5574544270833334 0.02294921875 0.026041666666666668
1 0.56732177734375 0.6741536458333334 0.0220947265625 0.024088541666666668
0 0.7484130859375 0.6217447916666666 0.0070463230906552266 0.009395097454206969
0 0.6890869140625 0.658203125 0.010744961467121783 0.014326615289495711
0 0.666015625 0.7708333333333334 0.008429041260562542 0.011238721680750055
0 0.6610107421875 0.9842122395833334 0.00634765625 0.008463541666666666
0 0.7794189453125 0.70703125 0.007646708868831009 0.010195611825108012
1 0.806884765625 0.13720703125 0.009765625 0.026041666666666668
1 0.7744140625 0.9359537760416666 0.008056640625 0.007975260416666666
