0 0.0155029296875 0.01806640625 0.009328600182882228 0.012438133577176304
0 0.1614990234375 0.12060546875 0.008527465428014136 0.011369953904018848
0 0.0587158203125 0.18929036458333334 0.010811323156974861 0.014415097542633148
1 0.08074951171875 0.31494140625 0.0084228515625 0.0078125
1 0.166259765625 0.4444173177083333 0.017333984375 0.026204427083333332
1 0.05889892578125 0.504638671875 0.0125732421875 0.01611328125
0 0.0296630859375 0.4630533854166667 0.01036376234218317 0.013818349789577558
0 0.0633544921875 0.6796875 0.009814331661250869 0.01308577554833453
0 0.0814208984375 0.8330078125 0.008060338876571871 0.010747118502095828
0 0.28125 0.008138020833333334 0.012697659789009608 0.01693021305201282
1 0.3133544921875 0.09212239583333333 0.010986328125 0.011067708333333334
1 0.39678955078125 0.212890625 0.0177001953125 0.0234375
0 0.4022216796875 0.31787109375 0.010708843847393235 0.01427845846319098
1 0.38671875 0.440673828125 0.011474609375 0.01416015625
0 0.4776611328125 0.7281901041666666 0.00830078125 0.011067708333333334
0 0.349853515625 0.3375651041666667 0.006717195552830901 0.008956260737107832
0 0.5645751953125 0.7335611979166666 0.025157148451784073 0.033542864602378764
1 0.533935546875 0.8118489583333334 0.02392578125 0.031901041666666664
0 0.5460205078125 0.4417317708333333 0.00881952727938895 0.011759369705851785
0 0.5184326171875 0.13167317708333334 0.012246031449203665 0.016328041932271404
1 0.5244140625 0.11319986979166667 0.01123046875 0.009928385416666666
1 0.71405029296875 0.9842936197916666 0.0135498046875 0.02783203125
0 0.7308349609375 0.044108072916666664 0.006181146924400416 0.008241529232533962
0 0.980224609375 0.052083333333333336 0.0126953125 0.016927083333333332
0 0.904052734375 0.08626302083333333 0.014020560561876172 0.018694080749168267
1 0.82232666015625 0.20247395833333334 0.0179443359375 0.0263671875
1 0.88165283203125 0.3257649739583333 0.0089111328125 0.008951822916666666
1 0.95086669921875 0.5458984375 0.0084228515625 0.019205729166666668
0 0.8929443359375 0.6365559895833334 0.020003149261483832 0.026670865681978295
0 0.876708984375 0.923828125 0.011670330471403423 0.015560440628537897
0 0.93212890625 0.9671223958333334 0.01087727998532495 0.014503039980433266
1 0.952392578125 0.8795572916666666 0.02392578125 0.026041666666666668
