0 0.37887864399293286 0.3929255005889281 0.02071600460993217 0.02762133947990956
0 0.40579450088339225 0.3459952885747939 0.012966744580979461 0.017288992774639283
0 0.3915812423500612 0.15487619849041204 0.00780524581037445 0.010406994413832674
0 0.2557016016713092 0.2141727599814299 0.005764063615407711 0.007685418153877022
0 0.31245981224279834 0.15592581875857345 0.005185622388022337 0.006914163184029857
0 0.1737890164899882 0.23465106007067138 0.007086886134767656 0.009449181513023541
0 0.22451636904761904 0.345734126984127 0.006158089790642474 0.008210786387523298
0 0.4052098619263607 0.4488504980434009 0.005723690225514555 0.00763158696735274
0 0.45190143076307365 0.43231390074706505 0.004004088162082087 0.005338784216109449
0 0.028296909041394338 0.2392826343500363 0.016419680505833624 0.021892907341111528
0 0.0896484375 0.5696614583333334 0.004509139211177793 0.006012185614903724
0 0.5939453125 0.23945312500000002 0.006385852626668687 0.008514470168891508
0 0.61142578125 0.21562499999999998 0.0037314400731529584 0.004975253430870463
0 0.750856061214653 0.29974694730077117 0.008568669749094315 0.011424892998792346
0 0.84619140625 0.015234375 0.007001347003490199 0.00933512933798688
0 0.77802734375 0.05481770833333333 0.005440776670775138 0.00725436889436674
0 0.65205078125 0.43580729166666665 0.004367320268554353 0.005823093691405656
0 0.81826171875 0.5736979166666667 0.01378441405358899 0.018379218738118503
0 0.8923828125 0.5851562499999999 0.006588721794309915 0.008784962392413073
0 0.91708984375 0.58359375 0.011172148160996098 0.014896197547994946
0 0.8498883928571429 0.7853422619047619 0.010963662223431037 0.014618216297908049
0 0.7162663016732284 0.9647002132545932 0.012517547825494857 0.016690063767326475
0 0.5738350234547461 0.860582229580574 0.018057042969933157 0.024076057293244208
1 0.042410714285714274 0.5830853174603176 0.024181547619047616 0.03100198412698411
1 0.296781994047619 0.3747519841269842 0.026971726190476164 0.035962301587301626
1 0.7631301879882812 0.5167643229166666 0.0141143798828125 0.017293294270833332
