0 0.22095107182628063 0.2369269673348181 0.02005225252577969 0.026736336701039587
0 0.32687221603563477 0.4028048440979955 0.02029145286346501 0.027055270484620014
0 0.27075793429844097 0.3265358203414996 0.008872180389742468 0.011829573852989958
0 0.5663494731104651 0.380390019379845 0.00940253404437641 0.012536712059168545
0 0.30517578125 0.10260416666666666 0.0059498227389561675 0.00793309698527489
0 0.3201171875 0.11640625 0.01864083619169976 0.02485444825559961
0 0.34912109375 0.14075520833333333 0.008434696438159861 0.011246261917546444
0 0.05978954081632653 0.11608261725742929 0.005506681637858599 0.007342242183811483
0 0.3317413613172542 0.6210285250463822 0.020511032725656464 0.02734804363420862
0 0.5403645833333333 0.591299019607843 0.011666319095992472 0.015555092127990111
0 0.6711433946488294 0.5935583890746934 0.009949536352769517 0.013266048470359504
0 0.6842077759197325 0.635364409141583 0.006943813893143025 0.0092584185241907
0 0.8449964155370178 0.265168795620438 0.01142146351408524 0.015228618018780319
0 0.9651306865609349 0.4249704368391764 0.011756414582455132 0.01567521944327351
0 0.3078860457371226 0.9364176287744228 0.01658306283680766 0.022110750449077027
1 0.1103167887611276 0.3087135262116716 0.011156574554896145 0.023568867457962422
1 0.5132354624542125 0.4608898046398046 0.022893772893772812 0.030048076923076872
1 0.475212737183755 0.5910244673768309 0.006631782623169102 0.010056036395916568
1 0.48938654710386154 0.6006470539280959 0.006371712716378153 0.009535896582334669
1 0.9236540302924792 0.35598740714948934 0.018769585654596077 0.026476903435468897
1 0.303466796875 0.8514973958333334 0.016308593750000044 0.01783854166666658
1 0.6179424894957983 0.8882998511904763 0.015592174369747913 0.018327643557422963
