0 0.2583512931034483 0.38990660919540227 0.021076729519470566 0.028102306025960793
0 0.20824353448275862 0.3805675287356322 0.017541832538900515 0.023389110051867352
0 0.3513671875 0.8123697916666667 0.0083277365645813 0.011103648752775067
0 0.12548828125 0.7138020833333334 0.00953036945215302 0.012707159269537213
0 0.69970703125 0.6238281250000001 0.01967234194491474 0.02622978925988632
0 0.959765625 0.106640625 0.019572222648796656 0.026096296865062135
0 0.69296875 0.3670572916666666 0.010669140846677916 0.01422552112890374
0 0.48974609375 0.346875 0.0066807153814402165 0.008907620508586955
0 0.10673828125 0.17213541666666665 0.009104579703755222 0.012139439605006963
0 0.2005859375 0.14283854166666668 0.00664349662175584 0.008857995495674453
0 0.0013612689393939434 0.04487786519036523 0.012019575668746438 0.016026100891661916
0 0.22080328525641024 0.006938374125874165 0.006628887938228911 0.008838517250971891
0 0.08763567162004662 0.11043730574980577 0.006125083791827718 0.008166778389103624
0 0.99140625 0.71328125 0.013900158866139156 0.01853354515485221
0 0.66767578125 0.6772135416666667 0.008029220621521116 0.010705627495361488
1 0.22841796875 0.5375651041666667 0.01738281250000001 0.025651041666666652
1 0.23647460937499998 0.562109375 0.011816406249999994 0.016927083333333332
1 0.3046875 0.7968098958333334 0.015234375000000022 0.022005208333333304
1 0.4478515625 0.9237630208333334 0.0126953125 0.019401041666666636
1 0.552685546875 0.6613932291666667 0.012402343749999933 0.014192708333333304
1 0.55966796875 0.6291015624999999 0.007031250000000044 0.014713541666666682
1 0.622021484375 0.20703125 0.018457031249999978 0.02630208333333332
1 0.9142578125 0.5434895833333333 0.009765625 0.021354166666666712
1 0.6609375 0.04283854166666667 0.0126953125 0.024739583333333332
