0 0.18681640625 0.4868489583333333 0.017160845809756853 0.02288112774634247
0 0.75908203125 0.15247395833333333 0.022927391548170695 0.030569855397560852
0 0.64931640625 0.23619791666666667 0.008856081288089568 0.01180810838411935
0 0.1365234375 0.18216145833333333 0.008425646332079262 0.011234195109439016
0 0.20322265625 0.037890625000000004 0.008567075077914599 0.011422766770552761
0 0.34912109375 0.7294270833333334 0.010642291192050957 0.014189721589401275
0 0.68134765625 0.8671875 0.012148688703190746 0.016198251604254327
0 0.6751953125 0.49127604166666666 0.007226562500000089 0.009635416666666638
0 0.57666015625 0.10013020833333335 0.005171172771435195 0.006894897028580112
0 0.86396484375 0.2471354166666667 0.004831764405020644 0.0064423525400275254
0 0.9828125 0.13749999999999998 0.012946729233731746 0.01726230564497559
1 0.773681640625 0.5771484375 0.01669921874999991 0.01679687499999997
1 0.48330078125 0.44342447916666666 0.02226562500000001 0.026692708333333332
1 0.5330078125 0.5188802083333334 0.009375000000000022 0.010677083333333393
1 0.4359375 0.35292968750000003 0.008007812499999989 0.011848958333333362
1 0.430615234375 0.18216145833333333 0.006933593750000022 0.013020833333333334
1 0.638427734375 0.23509114583333335 0.01650390625000009 0.024088541666666668
1 0.655712890625 0.26848958333333334 0.009863281250000022 0.007291666666666659
1 0.822216796875 0.1953125 0.008691406249999978 0.013020833333333334
1 0.234521484375 0.9811197916666666 0.02080078125000001 0.029947916666666668
1 0.119580078125 0.6074869791666666 0.010644531250000006 0.01653645833333332
1 0.0525390625 0.7407552083333333 0.008398437500000001 0.015364583333333274
