0 0.6029296875 0.20078125 0.005904772053840324 0.007873029405120358
0 0.8244140625 0.07994791666666666 0.011759369705851785 0.015679159607802473
0 0.79326171875 0.6619791666666667 0.01339849444229868 0.017864659256398314
0 0.7653563387008733 0.7698695642285297 0.01368953066941403 0.018252707559218706
0 0.1572265625 0.8915364583333334 0.010312795923784313 0.01375039456504575
0 0.10078125 0.42799479166666665 0.00699316944920636 0.009324225932275146
0 0.2287109375 0.7088541666666667 0.010128040751925138 0.01350405433590011
1 0.17158203125 0.16165364583333333 0.025390625 0.027734375000000016
1 0.097314453125 0.3538411458333333 0.016894531249999997 0.02304687500000006
1 0.212109375 0.35312499999999997 0.0087890625 0.014322916666666666
1 0.556787109375 0.07408854166666667 0.01123046875 0.01640625
1 0.211279296875 0.5514973958333332 0.02177734375000001 0.02434895833333332
1 0.30952148437500004 0.8712890625000002 0.012011718750000011 0.019661458333333364
