0 0.1761474609375 0.14322916666666666 0.008849887187691363 0.011799849583588448
0 0.1217041015625 0.455078125 0.005332111735312867 0.007109482313750526
1 0.1041259765625 0.5948893229166666 0.012451171875 0.0068359375
0 0.216064453125 0.88525390625 0.008843149548962315 0.011790866065283012
0 0.3165283203125 0.7451171875 0.006123015724601832 0.008164020966135629
0 0.33642578125 0.75390625 0.005126953125 0.0068359375
0 0.349853515625 0.7314453125 0.006717195552830901 0.008956260737107868
0 0.318115234375 0.4464518229166667 0.008060338876571871 0.010747118502095828
1 0.33709716796875 0.5077311197916666 0.0064697265625 0.02490234375
0 0.3583984375 0.19270833333333334 0.008474880350444192 0.011299840467258996
1 0.40081787109375 0.6622721354166666 0.0179443359375 0.0185546875
1 0.46142578125 0.48095703125 0.02392578125 0.025716145833333332
1 0.40240478515625 0.28662109375 0.0093994140625 0.011393229166666666
0 0.50732421875 0.3981119791666667 0.006463965964293772 0.008618621285725029
0 0.533447265625 0.17122395833333334 0.008115610419235697 0.010820813892314244
0 0.5718994140625 0.7802734375 0.008030705177440645 0.010707606903254193
0 0.5174560546875 0.8878580729166666 0.007568359375 0.010091145833333334
0 0.6279296875 0.8606770833333334 0.006663742218728563 0.008884989624971418
0 0.70849609375 0.7874348958333334 0.008843149548962259 0.011790866065283012
1 0.72796630859375 0.806884765625 0.0194091796875 0.033040364583333336
0 0.7117919921875 0.8956705729166666 0.009941051304444448 0.013254735072592597
0 0.719970703125 0.7034505208333334 0.013847315344225786 0.01846308712563438
1 0.73016357421875 0.5243326822916666 0.0172119140625 0.018391927083333332
0 0.7257080078125 0.17903645833333334 0.00900346138407504 0.012004615178766795
0 0.7625732421875 0.26904296875 0.008052940675034481 0.010737254233379309
1 0.71661376953125 0.106689453125 0.0123291015625 0.027180989583333332
0 0.8792724609375 0.045084635416666664 0.011539357712984755 0.015385810283979784
0 0.86474609375 0.7941080729166666 0.010256812274218818 0.013675749698958425
0 0.8863525390625 0.8434244791666666 0.014088416060794362 0.018784554747725817
0 0.90625 0.92578125 0.018380400610076952 0.024507200813435936
0 0.9183349609375 0.7140299479166666 0.023651418376432254 0.031535224501909674
0 0.9342041015625 0.08870442708333333 0.010568779698199915 0.014091706264266516
1 0.25312500000000004 0.4283854166666667 0.006054687499999989 0.0078125
