0 0.32314161129568103 0.10158845514950172 0.01224301953391893 0.016324026045225277
0 0.25176495016611294 0.09856035437430793 0.012396810874262115 0.016529081165682784
0 0.09635849252491693 0.23179678848283503 0.011964732736312433 0.01595297698174991
0 0.32119497508305644 0.2378529900332226 0.011929490442567858 0.01590598725675722
0 0.3458523671096345 0.497404485049834 0.008130427277656227 0.010840569703541636
0 0.3364436254152824 0.44289867109634556 0.0063907144166555074 0.008520952555540676
0 0.23392078488372092 0.6903377630121815 0.011201383734966763 0.014935178313288944
0 0.12263808139534885 0.7072086101882613 0.006680615488078148 0.008907487317437438
0 0.09830512873754152 0.9083610188261351 0.008460343652931107 0.01128045820390818
0 0.662829630398671 0.7028827519379844 0.007398355904142173 0.00986447453885623
0 0.5268895348837209 0.2179540420819491 0.005803747865188225 0.007738330486917781
0 0.9528784260797342 0.024155592469546017 0.013548985814096914 0.01806531441879594
0 0.8477600705980066 0.9637320044296788 0.010482956824519496 0.013977275766025995
1 0.23992291320598003 0.04491971207087492 0.022386316445182713 0.03201135105204872
1 0.22094321013289034 0.31853024640088595 0.024657392026578073 0.027252906976744207
1 0.3314148151993355 0.33172411406423036 0.013950892857142905 0.016438261351052086
1 0.2404095722591362 0.4178086932447398 0.014924210963455142 0.019898947951273522
1 0.07997430440199335 0.8287652270210408 0.011355377906976744 0.019033776301218126
1 0.1662751764950166 0.9170127353266887 0.021737437707641194 0.03028100775193791
1 0.22094321013289037 0.8826221622369879 0.008435423588039864 0.03157876522702111
1 0.6806737956810631 0.6358319490586933 0.023359634551494923 0.030281007751937983
1 0.6625051910299002 0.4400868632336656 0.013626453488372103 0.017736018826135142
1 0.5388937915282392 0.165827450166113 0.016870847176079784 0.02119670542635656
1 0.9838623857973421 0.5627249446290145 0.013950892857142905 0.0320113510520487
1 0.9556361607142856 0.7035316306755259 0.019790801495016663 0.02379222037652277
1 0.9759136212624584 0.7638773532668881 0.014275332225913706 0.034606866002214964
