0 0.4030591804029304 0.166847909035409 0.02024807076763524 0.02699742769018032
0 0.5522264194139195 0.006114545177045146 0.01110646655810732 0.014808622077476324
0 0.3976934523809524 0.37289186507936506 0.01016817651353008 0.013557568684706775
0 0.42487980769230765 0.46780563186813184 0.008614922861429952 0.011486563815239936
0 0.45135073260073255 0.501192384004884 0.007998755070612207 0.010665006760816276
0 0.526470924908425 0.5832284035409036 0.009410017769835965 0.012546690359781287
0 0.5500801282051282 0.4291723901098901 0.007295987170319318 0.00972798289375909
0 0.577981913919414 0.650955815018315 0.007998755070612207 0.010665006760816276
0 0.13870764652014653 0.2846554487179487 0.006154365031938724 0.008205820042584966
0 0.04069368131868131 0.6271081349206349 0.007605129502013724 0.010140172669351669
0 0.4534970238095238 0.9390357905982905 0.008157161637900145 0.010876215517200194
0 0.6620449862637363 0.37193795787545786 0.011799180476240956 0.015732240634987942
0 0.6438015109890111 0.9762381715506715 0.01569061369581415 0.020920818261085532
1 0.2365427541208791 0.3504750457875458 0.009658310439560419 0.014308608058608044
1 0.3157766712454212 0.3359279609279609 0.007154304029304004 0.012877747252747299
1 0.562242445054945 0.6752804487179486 0.012877747252747151 0.03147893772893758
1 0.49320341117216115 0.7682864010989011 0.010731456043956034 0.013354700854700882
1 0.7693595467032968 0.9407051282051281 0.026470924908424953 0.03195589133089127
1 0.6634758470695971 0.6979357448107447 0.012162316849816834 0.0138316544566545
1 0.9278273809523809 0.6285389957264957 0.01788576007326015 0.017170329670329682
