0 0.37548828125 0.22734374999999998 0.012080989917337637 0.016107986556450182
0 0.56328125 0.18502604166666667 0.011535018015807363 0.015380024021076558
0 0.51640625 0.08111979166666666 0.010848198497655392 0.014464264663540486
0 0.5689453125 0.35130208333333335 0.008719341517792856 0.011625788690390326
0 0.6099609375 0.37330729166666665 0.005126720604846424 0.006835627473128418
0 0.4873046875 0.26848958333333334 0.006167052110877758 0.00822273614783701
0 0.71025390625 0.030859374999999998 0.023111337285687705 0.03081511638091682
0 0.79423828125 0.11796875 0.0212603734446013 0.028347164592801805
0 0.90078125 0.511328125 0.008651263511855412 0.011535018015807363
0 0.1498046875 0.10338541666666667 0.008745552022358605 0.01166073602981151
0 0.176171875 0.1203125 0.009618025197066449 0.012824033596088635
0 0.2259765625 0.13177083333333334 0.00987053028788537 0.013160707050513828
0 0.11953125 0.6654947916666667 0.00961008953136136 0.012813452708481776
0 0.23759765625 0.5247395833333334 0.01319046406633051 0.017587285421774013
0 0.201171875 0.9307291666666666 0.01170083265683608 0.015601110209114921
1 0.227099609375 0.6408203124999999 0.0069335937499999944 0.009505208333333348
1 0.24384765625 0.45696614583333334 0.013671875 0.015755208333333364
1 0.410546875 0.5964843750000001 0.018945312500000033 0.019270833333333348
1 0.397509765625 0.9120442708333334 0.015527343749999978 0.01835937500000003
1 0.479248046875 0.7744791666666666 0.010449218750000044 0.007552083333333422
0 0.50732421875 0.3411458333333333 0.005313074417474972 0.007084099223299815
1 0.614892578125 0.2323567708333333 0.02197265625 0.03294270833333331
1 0.812109375 0.5258463541666667 0.013867187500000044 0.022786458333333332
1 0.842724609375 0.5027994791666667 0.007519531249999933 0.010286458333333378
1 0.89912109375 0.22630208333333335 0.0166015625 0.03281250000000002
1 0.306396484375 0.3579427083333333 0.005957031250000022 0.014843750000000044
1 0.9376953125 0.8352213541666668 0.0126953125 0.008203125000000089
1 0.703857421875 0.9635416666666666 0.006152343749999956 0.011979166666666726
