0 0.05936554939516128 0.1957430275537634 0.010595407043121306 0.01412720939082838
0 0.32516381048387094 0.29549941196236557 0.008910115690354714 0.011880154253806285
0 0.05818422379032258 0.5196887600806451 0.007429735644575816 0.009906314192767773
0 0.7146074848790323 0.2025684643817204 0.012452265231887694 0.01660302030918374
0 0.6232516381048386 0.036132812499999965 0.012988613991991027 0.01731815198932149
0 0.8977129536290323 0.1427146337365591 0.010238155241935498 0.013650873655913961
0 0.918976814516129 0.2970745127688172 0.0077963512290604164 0.010395134972080555
0 0.9575667842741935 0.6194451444892473 0.01776794697057471 0.02369059596076628
0 0.9303962953629032 0.8504599294354839 0.008371775621168087 0.011162367494890782
0 0.8803868447580645 0.18681745631720428 0.017697994151843144 0.023597325535790786
0 0.12510117539414417 0.9014756944444443 0.005369578589410007 0.00715943811921349
1 0.3109559755067568 0.08180837087087088 0.010117539414414456 0.011730480480480468
1 0.35285578547297297 0.4434004316816817 0.009017806869369371 0.011730480480480457
1 0.22242750563063063 0.7979542042042042 0.02353427646396397 0.03460491741741745
1 0.44578318552927926 0.9579286317567567 0.0101175394144144 0.017302458708708723
1 0.3681420678490991 0.891064893018018 0.016276041666666685 0.02551379504504503
1 0.5001099732545045 0.8165763419669668 0.008797860360360343 0.013783314564564572
1 0.3799092060810811 0.8017666103603602 0.009457699887387427 0.01524962462462461
1 0.47844524211711714 0.25923188813813813 0.01869545326576577 0.04750844594594594
1 0.6214104729729729 0.10131029466966966 0.01121727195945943 0.016715934684684686
1 0.660670924831081 0.8797743055555555 0.012317004504504458 0.014076576576576608
1 0.9404428842905406 0.8819737706456457 0.0193552927927928 0.0202350788288288
1 0.793628589527027 0.6912068318318317 0.0160560951576576 0.02404748498498499
1 0.730833861204955 0.36832535660660665 0.017595720720720798 0.02698010510510514
1 0.903931763795045 0.3857744463213213 0.009677646396396344 0.012023742492492495
1 0.781421558277027 0.20321884384384384 0.014076576576576572 0.01524962462462461
1 0.9916904208896395 0.9576353697447447 0.007478181306306286 0.010850694444444345
