0 0.1324462890625 0.2862955729166667 0.008188725503539274 0.010918300671385698
0 0.0872802734375 0.375 0.012567907886947033 0.016757210515929415
0 0.1734619140625 0.4462890625 0.018633224514738478 0.02484429935298464
0 0.056396484375 0.52099609375 0.015930994239331503 0.02124132565244204
0 0.1014404296875 0.6964518229166666 0.007096895436400713 0.009462527248534395
1 0.18359375 0.9536946614583334 0.017822265625 0.02587890625
0 0.2689208984375 0.45703125 0.01729956419732115 0.0230660855964282
0 0.2142333984375 0.5777994791666666 0.010154606612834682 0.013539475483779503
1 0.29864501953125 0.5625813802083334 0.0203857421875 0.032063802083333336
1 0.36102294921875 0.2567545572916667 0.0201416015625 0.023600260416666668
0 0.394775390625 0.6184895833333334 0.009892968549489622 0.01319062473265283
1 0.5040283203125 0.66357421875 0.02392578125 0.026041666666666668
0 0.5360107421875 0.962890625 0.011272848027944482 0.015030464037259309
0 0.552978515625 0.9461263020833334 0.0065963164482940595 0.008795088597725412
1 0.54864501953125 0.892333984375 0.0084228515625 0.009602864583333334
1 0.6805419921875 0.5185546875 0.015625 0.0263671875
1 0.67132568359375 0.7577311197916666 0.0059814453125 0.011555989583333334
0 0.8438720703125 0.2989908854166667 0.01222898416637519 0.016305312221833585
1 0.77362060546875 0.4361979166666667 0.0218505859375 0.027669270833333332
1 0.834228515625 0.4591471354166667 0.02587890625 0.031901041666666664
0 0.789794921875 0.8092447916666666 0.006029828630482736 0.008039771507310315
1 0.845703125 0.9152018229166666 0.010986328125 0.01171875
0 0.8447265625 0.18522135416666666 0.00723002582761767 0.009640034436823486
1 0.96832275390625 0.51318359375 0.0081787109375 0.009114583333333334
