0 0.351953125 0.14596354166666667 0.008240243402237946 0.01098699120298389
0 0.59931640625 0.13658854166666667 0.010481568644530093 0.013975424859373567
0 0.54228515625 0.4048177083333333 0.0073209628179653485 0.009761283757287279
0 0.496484375 0.4622395833333333 0.008560393359691831 0.011413857812922442
0 0.568359375 0.5989583333333334 0.015862453518942887 0.021149938025257182
0 0.46015625 0.8256510416666667 0.005807058104421281 0.007742744139228226
0 0.44892578125 0.9430989583333332 0.010481568644530315 0.013975424859373753
0 0.35341796875 0.8483072916666666 0.006634878027915181 0.00884650403722039
0 0.65693359375 0.41367187499999997 0.00580705810442117 0.007742744139228375
0 0.269140625 0.6944010416666666 0.004542852870942471 0.006057137161256776
0 0.93818359375 0.8998697916666667 0.01112081316053648 0.014827750880715307
0 0.90869140625 0.9798177083333334 0.006935656603345608 0.009247542137794143
0 0.97939453125 0.9723958333333332 0.005677516349120726 0.007570021798827635
0 0.81708984375 0.6828124999999999 0.006501295694177012 0.008668394258902682
0 0.84892578125 0.6884114583333334 0.005826731988350264 0.007768975984467019
0 0.549609375 0.329296875 0.010490663282809232 0.013987551043745716
1 0.545068359375 0.44440104166666666 0.017285156250000044 0.015104166666666696
1 0.614404296875 0.4839843750000001 0.012988281249999956 0.015885416666666652
1 0.32294921875 0.5923177083333333 0.012109374999999978 0.011197916666666622
1 0.373193359375 0.6651041666666666 0.011621093750000033 0.006770833333333319
1 0.29692382812499996 0.3994140625 0.007128906250000011 0.011588541666666638
1 0.265234375 0.3076171875 0.009960937499999989 0.010026041666666652
0 0.1841796875 0.3190104166666667 0.004597110271851501 0.0061294803624686684
1 0.010351562500000001 0.6257161458333333 0.0052734375 0.008463541666666666
0 0.31513671875 0.42890625 0.004823862904386189 0.006431817205848252
1 0.3265625 0.9172526041666668 0.008984374999999989 0.007942708333333362
1 0.539111328125 0.9173828125 0.024511718750000022 0.029817708333333304
1 0.464892578125 0.9725260416666667 0.018457031249999978 0.020572916666666607
1 0.6055664062499999 0.8162109375000001 0.029882812500000022 0.02695312500000006
1 0.824560546875 0.7646484375 0.009082031249999956 0.018880208333333332
1 0.7666015625 0.04218750000000001 0.013085937500000089 0.01901041666666667
1 0.41767578125000004 0.2518229166666666 0.005664062500000011 0.013541666666666674
0 0.46123046875 0.634765625 0.00345543086190514 0.004607241149206853
1 0.306982421875 0.12239583333333333 0.008691406250000033 0.005729166666666674
0 0.17158203125 0.9885416666666668 0.006880435528831441 0.009173914038441922
