0 0.1724853515625 0.14208984375 0.011477206321819478 0.01530294176242597
1 0.051513671875 0.2989908854166667 0.012939453125 0.022135416666666668
1 0.1451416015625 0.2989095052083333 0.0068359375 0.013834635416666666
0 0.012451171875 0.5504557291666666 0.023721877061574678 0.03162916941543292
1 0.31451416015625 0.4589029947916667 0.0203857421875 0.02880859375
1 0.25146484375 0.81005859375 0.025634765625 0.019856770833333332
0 0.2928466796875 0.78369140625 0.007360748745938173 0.009814331661250897
0 0.2587890625 0.9182942708333334 0.006948363999393359 0.009264485332524627
0 0.405517578125 0.7604166666666666 0.010429692071920793 0.01390625609589454
0 0.4249267578125 0.3683268229166667 0.008115610419235697 0.010820813892314263
0 0.4593505859375 0.2314453125 0.00594521272553028 0.007926950300706967
0 0.4552001953125 0.11197916666666667 0.0052191304507890335 0.006958840601052081
0 0.458740234375 0.7180989583333334 0.006991123566052915 0.009321498088070554
1 0.459716796875 0.6751302083333334 0.015625 0.030598958333333332
0 0.4827880859375 0.4373372395833333 0.01452175034957326 0.019362333799431013
0 0.48486328125 0.4747721354166667 0.00841842756326494 0.011224570084353255
0 0.587890625 0.50537109375 0.00924194005407597 0.01232258673876796
1 0.60821533203125 0.32666015625 0.0189208984375 0.023111979166666668
0 0.6353759765625 0.4205729166666667 0.008056640625 0.0107421875
0 0.6365966796875 0.24235026041666666 0.017837309040632743 0.02378307872084351
0 0.6639404296875 0.171875 0.012704699053962543 0.016939598738616796
0 0.7138671875 0.19970703125 0.012809823849946111 0.01707976513326163
0 0.741455078125 0.2760416666666667 0.007758910440464284 0.01034521392061897
1 0.83880615234375 0.12711588541666666 0.0223388671875 0.033854166666666664
1 0.8765869140625 0.173583984375 0.00927734375 0.009928385416666666
1 0.9066162109375 0.9347330729166666 0.022705078125 0.029622395833333332
0 0.962890625 0.97509765625 0.006905339660024934 0.009207119546699912
0 0.963134765625 0.9747721354166666 0.007816313766397576 0.010421751688530101
0 0.9832763671875 0.2942708333333333 0.009841623227903495 0.013122164303871328
1 0.51865234375 0.1181640625 0.012499999999999956 0.017578125
