1 0.1856689453125 0.08048502604166667 0.01806640625 0.027180989583333332
1 0.0078125 0.16756184895833334 0.0078125 0.008626302083333334
0 0.113525390625 0.5270182291666666 0.012884057423787842 0.017178743231717124
0 0.1766357421875 0.857421875 0.006238736493740571 0.008318315324987502
0 0.296875 0.22705078125 0.0070463230906552266 0.009395097454206894
0 0.2059326171875 0.23421223958333334 0.008115610419235697 0.010820813892314263
1 0.21875 0.17325846354166666 0.015625 0.02392578125
1 0.32769775390625 0.4352213541666667 0.0118408203125 0.016276041666666668
1 0.2176513671875 0.8015950520833334 0.00732421875 0.013346354166666666
0 0.2032470703125 0.7314453125 0.013950238893712552 0.018600318524949994
0 0.2890625 0.7762044270833334 0.008315130061487541 0.01108684008198324
0 0.4307861328125 0.19710286458333334 0.011905454433824847 0.015873939245099722
0 0.3572998046875 0.13590494791666666 0.014460051655235229 0.019280068873646933
0 0.3709716796875 0.5787760416666666 0.007584094026859889 0.010112125369146518
0 0.4342041015625 0.6219075520833334 0.006366408598830753 0.008488544798441003
0 0.3929443359375 0.9602864583333334 0.011029645505934105 0.014706194007911991
0 0.5374755859375 0.09016927083333333 0.011809947873484106 0.015746597164645614
0 0.5548095703125 0.07356770833333333 0.0072588226305265735 0.009678430174035487
0 0.5753173828125 0.09261067708333333 0.004979511243742962 0.006639348324990617
1 0.55072021484375 0.019856770833333332 0.0086669921875 0.009440104166666666
1 0.54815673828125 0.54541015625 0.0235595703125 0.041015625
1 0.51776123046875 0.667236328125 0.0179443359375 0.015462239583333334
0 0.4947509765625 0.8333333333333334 0.02256815653981764 0.030090875386423594
1 0.54852294921875 0.9169108072916666 0.0062255859375 0.007649739583333333
1 0.73797607421875 0.280029296875 0.0235595703125 0.034342447916666664
0 0.646240234375 0.7823893229166666 0.0065963164482940595 0.008795088597725412
1 0.7213134765625 0.96240234375 0.019287109375 0.0224609375
1 0.847900390625 0.041748046875 0.01123046875 0.012532552083333334
1 0.97308349609375 0.3745930989583333 0.0118408203125 0.028483072916666668
1 0.95391845703125 0.8936360677083334 0.0147705078125 0.014485677083333334
0 0.9761962890625 0.25048828125 0.0059851809922515375 0.007980241323002124
