0 0.21103515625 0.4231770833333333 0.010749287426419563 0.014332383235226084
0 0.2837890625 0.51328125 0.006666425064795312 0.008888566753060415
0 0.30009765625 0.5286458333333334 0.010834123631530135 0.014445498175373514
0 0.068359375 0.619140625 0.009085705741885164 0.012114274322513552
0 0.21806640625 0.8102864583333332 0.011894835920769564 0.015859781227692753
1 0.0880859375 0.6628906250000001 0.021875000000000006 0.011458333333333348
0 0.29638671875 0.695703125 0.010953183510007847 0.014604244680010462
0 0.30029296875 0.311328125 0.012659203455545942 0.016878937940727996
0 0.38837890625 0.27890624999999997 0.008434696438159861 0.011246261917546407
1 0.2060546875 0.15592447916666666 0.01640625000000001 0.02981770833333332
0 0.44287109375 0.09309895833333333 0.008343753657536701 0.011125004876715527
1 0.53212890625 0.03795572916666667 0.007617187499999956 0.014713541666666663
1 0.36171875 0.4169921875 0.020898437500000033 0.019401041666666636
1 0.36767578125 0.43007812500000003 0.007421875000000022 0.010416666666666666
0 0.35302734375 0.7878906250000001 0.01930533405179924 0.025740445402398986
0 0.42197265625 0.808203125 0.004509139211177793 0.006012185614903724
1 0.531640625 0.6276041666666666 0.0126953125 0.0234375
1 0.5734375 0.6048828125 0.023632812499999933 0.024088541666666668
1 0.6865016284119106 0.6509608922663358 0.016962624069478904 0.03925635856079405
0 0.7121878877171215 0.6319789081885856 0.011722032628768586 0.015629376838357967
1 0.528662109375 0.24609375 0.007519531250000044 0.011979166666666652
1 0.609326171875 0.20091145833333335 0.01025390625 0.01953125
1 0.5887207031249999 0.1314453125 0.010839843750000022 0.010026041666666671
1 0.76826171875 0.031445312499999996 0.018945312499999978 0.026432291666666663
1 0.8826171875 0.20559895833333333 0.013281250000000022 0.025781250000000016
0 0.7855002214068826 0.7269420546558704 0.01732083660153494 0.023094448802046585
0 0.931640625 0.14960937500000002 0.014327206980541574 0.01910294264072217
0 0.90400390625 0.080859375 0.0046301834340349846 0.006173577912046517
1 0.9341796875 0.4826171875 0.017578125 0.010026041666666652
0 0.84580078125 0.7899739583333334 0.023408999598595104 0.031211999464793472
0 0.9556640625 0.9380208333333333 0.00937703428449832 0.012502712379331093
