0 0.46201171875 0.06744791666666666 0.011541630236479805 0.01538884031530637
0 0.5798828125 0.03619791666666667 0.007313142666737882 0.009750856888983925
0 0.5541015625 0.37799479166666666 0.00610175755930209 0.00813567674573612
0 0.63251953125 0.4513020833333334 0.016694363786217137 0.02225915171495633
0 0.74091796875 0.4356770833333334 0.015898485488256675 0.021197980651009047
0 0.80908203125 0.558203125 0.009110862335695913 0.012147816447594403
0 0.88408203125 0.5434895833333333 0.005002440810494502 0.006669921080659187
0 0.86142578125 0.5549479166666667 0.00555182437638746 0.007402432501849798
0 0.29560546875 0.330859375 0.008789062500000111 0.011718750000000075
0 0.28115234375 0.3515625 0.008309393510227747 0.01107919134697033
0 0.09521484375 0.4966145833333333 0.004917843090630536 0.006557124120840789
0 0.14716796875 0.6389322916666667 0.014680953494504878 0.019574604659339762
0 0.03662109375 0.6121093750000001 0.008843149548962273 0.011790866065283012
0 0.8900390625 0.7360677083333332 0.010672715697120472 0.014230287596160629
0 0.89287109375 0.8097656249999999 0.005189582131088333 0.006919442841451111
0 0.18671875 0.19140625 0.006608954810815915 0.008811939747754552
0 0.21865234375 0.15950520833333334 0.02000404317042087 0.026672057560561162
0 0.67294921875 0.5868489583333333 0.014701725989499037 0.0196023013193322
1 0.680126953125 0.22330729166666666 0.010449218749999933 0.016145833333333304
1 0.692822265625 0.4236979166666666 0.010839843750000022 0.015885416666666652
1 0.753369140625 0.5198567708333334 0.010839843750000022 0.009765625
1 0.923681640625 0.8884765624999998 0.020214843750000044 0.025911458333333304
1 0.7222656249999999 0.7434895833333334 0.012304687500000022 0.0078125
0 0.348828125 0.4350260416666667 0.0075391636975072895 0.010052218263343052
