0 0.5232568641618497 0.45475072254335264 0.022317163047437028 0.02975621739658285
0 0.6478515625 0.3822916666666667 0.01031464525508663 0.013752860340115506
0 0.2396484375 0.5623697916666667 0.010927031820858912 0.01456937576114529
0 0.13349609375 0.34283854166666666 0.011185797705684675 0.014914396940912974
0 0.1099609375 0.3274739583333333 0.007931226759471471 0.010574969012628591
0 0.312890625 0.7527343750000001 0.009011931246140081 0.012015908328186775
0 0.31025390625 0.7748697916666667 0.008823716404747328 0.011764955206329772
0 0.72275390625 0.6437499999999999 0.008400708268596402 0.011200944358128536
0 0.4826171875 0.5953125 0.00872808709824402 0.011637449464325359
0 0.7779296875 0.10546875 0.019339882804570774 0.025786510406094216
0 0.8546875 0.4630208333333334 0.011160191114969908 0.014880254819959879
0 0.7970703125 0.5079427083333333 0.01855777112534307 0.02474369483379076
1 0.75390625 0.5112630208333333 0.0087890625 0.014453124999999956
1 0.878466796875 0.48769531250000003 0.005957031250000022 0.00898437499999997
0 0.8880377149098083 0.6520692408868846 0.009052108930688973 0.012069478574252113
0 0.1599609375 0.7513020833333334 0.009131773224657025 0.01217569763287596
1 0.12827148437500002 0.7412109375 0.023339843750000006 0.026692708333333332
1 0.03505859375 0.5936197916666667 0.0109375 0.011458333333333348
1 0.509033203125 0.05970052083333333 0.015917968749999956 0.023046875000000005
1 0.42564027939464494 0.09019087116802482 0.014779176367869629 0.010307528133488545
