0 0.2138671875 0.21497395833333333 0.018814991529363 0.025086655372484
0 0.40078125 0.29661458333333335 0.017906013101072538 0.023874684134763385
0 0.4759765625 0.7665364583333334 0.028460053942502617 0.03794673859000349
0 0.20302734375 0.7985677083333332 0.020752814779905537 0.027670419706540567
0 0.42724609375 0.8602864583333334 0.011207942762033962 0.014943923682711949
0 0.41845703125 0.8341145833333333 0.007181553246425776 0.00957540432856785
0 0.6923828125 0.5528645833333333 0.014171937448181016 0.018895916597574686
0 0.6369140625 0.6066406249999999 0.01099663145332741 0.014662175271103214
0 0.6236328125 0.644921875 0.013299906473619671 0.017733208631492896
0 0.807421875 0.4903645833333334 0.008452767581399456 0.011270356775199128
0 0.78310546875 0.6144531249999999 0.013542918611999966 0.018057224815999806
0 0.86318359375 0.6454427083333333 0.015930844581566683 0.021241126108755577
0 0.49794921875 0.14296875 0.01721078855473457 0.02294771807297939
0 0.10439453125 0.390625 0.009181765057455632 0.012242353409940806
0 0.053515625 0.9588541666666667 0.012134550442975914 0.016179400590634607
1 0.450244140625 0.8294921875 0.008886718750000022 0.014973958333333334
1 0.31743164062499996 0.6695963541666666 0.006152343750000011 0.009765625
1 0.23642578125000002 0.7533203125 0.011328124999999994 0.01731770833333342
1 0.59921875 0.3488932291666667 0.007031250000000044 0.012630208333333318
1 0.6207031249999999 0.3709635416666666 0.010156249999999978 0.010156250000000014
1 0.5400105199634655 0.4407783141962422 0.023343717379958218 0.02881437021572723
