0 0.10543724798387097 0.3322517641129032 0.004980906092755144 0.006641208123673488
0 0.08023563508064517 0.34485257056451607 0.003937752016129004 0.005250336021505338
0 0.3932869203629032 0.2986496135752688 0.00848217743059243 0.011309569907456574
0 0.5385899697580645 0.308625252016129 0.009961812185510288 0.01328241624734705
0 0.6047442036290323 0.3947307627688172 0.00945060483870952 0.012600806451612842
0 0.09992439516129033 0.03140751008064513 0.008805081186601366 0.01174010824880182
0 0.5354397681451613 0.46823546706989244 0.01551294386623625 0.020683925154981814
0 0.12788243447580647 0.6572475638440859 0.013388356854838732 0.017851142473118326
0 0.25467804939516125 0.665123067876344 0.009483362666009604 0.012644483554679434
0 0.11291897681451614 0.7738050235215054 0.013457667189575112 0.01794355625276693
0 0.47243573588709675 0.790081065188172 0.008663054435483764 0.011550739247311684
0 0.049521169354838704 0.8095073084677419 0.005733453478831141 0.007644604638441521
0 0.7024004536290323 0.7407279065860215 0.010238155241935276 0.013650873655913701
0 0.7803679435483871 0.7475533434139785 0.009516007728700204 0.012688010304933606
0 0.9134639616935484 0.6567225302419354 0.008222267600893618 0.010963023467858157
0 0.8803868447580645 0.40050613239247307 0.01056609742392145 0.014088129898562082
0 0.8406155493951613 0.21726940524193547 0.015148834473972528 0.02019844596529663
0 0.7748550907258064 0.26714759744623656 0.010238155241935498 0.013650873655914072
0 0.735871345766129 0.18471732190860213 0.010711843583618652 0.014282458111491389
0 0.8492786038306451 0.08496093749999999 0.01232711366124195 0.016436151548322602
1 0.7654044858870968 0.7780052923387096 0.023626512096774244 0.026251680107526838
1 0.6458937121975806 0.7444031418010754 0.020082535282258007 0.03045194892473117
1 0.8860965851814516 0.6743111559139784 0.016144783266129004 0.01837617607526883
1 0.9853279359879032 0.5761298723118279 0.011419480846774133 0.022576444892473086
1 0.5202794228830645 0.5467279905913979 0.01771988407258074 0.01207577284946241
1 0.7571352066532258 0.410219254032258 0.016538558467741882 0.022576444892473162
1 0.41730720766129026 0.2330204133064516 0.014963457661290314 0.015751008064516125
1 0.5511907762096775 0.16030325940860213 0.008663054435483875 0.01732610887096775
1 0.16824439264112903 0.03849546370967739 0.021657636088709686 0.02992691532258065
1 0.33008600050403225 0.417044690860215 0.013782132056451624 0.014175907258064502
1 0.08141696068548387 0.6740486391129031 0.01732610887096775 0.028351814516129004
1 0.01959425403225806 0.8328713037634409 0.025201612903225805 0.025726646505376333
1 0.14737430695564518 0.951266381048387 0.01535723286290322 0.03675235215053766
