0 0.11904296875 0.20572916666666666 0.012903934889967883 0.01720524651995718
0 0.0998046875 0.3723958333333333 0.010775870487604478 0.014367827316805895
0 0.10283203125 0.46718750000000003 0.006465994280174553 0.008621325706899441
0 0.32490234375 0.37916666666666665 0.01346948410122395 0.017959312134965266
0 0.4849609375 0.423046875 0.01588288167102503 0.021177175561366706
0 0.44248046875 0.4485677083333333 0.005240784322265046 0.006987712429686728
0 0.5053095456932774 0.3277092086834734 0.008850468836217651 0.011800625114956978
0 0.56220703125 0.021744791666666666 0.011228345587347421 0.014971127449796569
0 0.471875 0.019270833333333334 0.008567075077914543 0.01142276677055278
0 0.82841796875 0.8739583333333334 0.013905646493224566 0.01854086199096609
0 0.1849609375 0.9285156250000001 0.013559808560710651 0.018079744747614274
0 0.4148339023109244 0.651451987044818 0.005700352871196301 0.007600470494928402
0 0.32822265625 0.748046875 0.0056942889598099455 0.007592385279746594
1 0.73125 0.13300781250000002 0.012109374999999978 0.015234375000000003
1 0.714990234375 0.27955729166666665 0.008496093750000044 0.01119791666666666
1 0.9266601562500001 0.7097656249999998 0.020898437499999978 0.030729166666666696
1 0.43703854739010994 0.5067965888278388 0.013414320054945084 0.014022435897435903
1 0.46601347870879123 0.48197115384615374 0.013628949175824134 0.0150240384615384
1 0.5101197630494505 0.5399925595238094 0.013414320054945139 0.02890338827838823
1 0.465283203125 0.7438151041666666 0.01318359375 0.015494791666666785
1 0.461328125 0.9475260416666668 0.022070312499999967 0.02265624999999997
1 0.07286129948680353 0.8119654203323559 0.01030975073313782 0.011073435972629516
1 0.0527429664589443 0.9192631964809385 0.011312087609970677 0.0179466031280547
