0 0.15014488868464054 0.3146701388888889 0.007849758652630212 0.010466344870173616
0 0.4988586272040302 0.288944426952141 0.00840680469273214 0.011209072923642852
0 0.770311530707196 0.24878515301902396 0.020175498503895106 0.02690066467186029
0 0.6914652865239295 0.6992482682619646 0.021941025583455565 0.02925470077794075
0 0.5537133973551637 0.7284385495382031 0.009740529495249284 0.012987372660332378
0 0.48459146725440805 0.785835170025189 0.005229723813727216 0.0069729650849694735
0 0.8442424648102815 0.7984273000815993 0.010618704250742406 0.014158272334323208
0 0.9107421875 0.8260416666666667 0.008567075077914543 0.011422766770552725
0 0.78525390625 0.7432291666666666 0.004719939833435438 0.0062932531112472505
1 0.679595947265625 0.6845296223958334 0.0115966796875 0.020751953125
1 0.830047607421875 0.7681477864583334 0.0201416015625 0.015462239583333334
1 0.19920836103723402 0.8248282358156028 0.019219581117021267 0.036015070921985824
1 0.06640625 0.9301470588235293 0.011029411764705878 0.018382352941176478
1 0.11581255640794225 0.9652809115523465 0.014454535198555954 0.019272713598074514
1 0.6414807862190812 0.19462234982332158 0.017943904593639592 0.015643404004711425
1 0.5607332155477032 0.0991515753828033 0.015183303886925792 0.025305506478209654
