0 0.54814453125 0.6298177083333333 0.0077831479863950115 0.01037753064852683
0 0.8604639725719424 0.1259929556354916 0.009948152441059399 0.013264203254745829
0 0.66640625 0.23580729166666667 0.007627196949127502 0.01016959593217015
0 0.91015625 0.23645833333333333 0.006768641973110778 0.00902485596414763
1 0.8883243039609643 0.7895468570608495 0.02063002296211247 0.030945034443168762
1 0.951055270522388 0.839776478185993 0.0072877798507463565 0.022573430922311417
1 0.9843548184557978 0.8426915901262916 0.010875609931113694 0.01943407960198999
1 0.715380859375 0.7005208333333334 0.013378906249999933 0.014062499999999941
1 0.35283203124999996 0.7584635416666666 0.02558593749999999 0.020572916666666607
1 0.34648437499999996 0.8235026041666668 0.009960937499999989 0.018880208333333332
1 0.29345703125 0.6701171874999999 0.015039062499999978 0.017838541666666652
1 0.254443359375 0.5123697916666666 0.010839843750000022 0.022395833333333393
1 0.23515625 0.5547526041666666 0.012109375000000006 0.019140624999999984
1 0.625146484375 0.521484375 0.00732421875 0.01171875
1 0.57529296875 0.4090494791666666 0.0205078125 0.031901041666666664
1 0.376171875 0.19759114583333334 0.021874999999999978 0.03346354166666665
1 0.21225585937500002 0.06328125 0.017675781249999994 0.032552083333333336
1 0.706982421875 0.3658854166666667 0.00830078125 0.009635416666666638
1 0.8191320398351649 0.08261790293040289 0.02360920329670335 0.025612408424908428
1 0.777601304945055 0.11824633699633695 0.015667925824175866 0.013593177655677654
1 0.7575871394230769 0.12010645604395599 0.008692479395604358 0.016168727106227115
1 0.8482421875 0.4312500000000001 0.022265624999999956 0.015885416666666652
1 0.9901367187500001 0.30266927083333334 0.009179687499999978 0.010026041666666688
