0 0.4701171875 0.32265625000000003 0.01571385866055519 0.020951811547406923
0 0.131640625 0.07239583333333334 0.009829866822001265 0.01310648909600165
0 0.5521484375 0.18919270833333335 0.007313142666737882 0.009750856888983916
0 0.93701171875 0.3419270833333334 0.022697463861027556 0.030263285148036778
0 0.8962890625 0.43671875 0.023640075072090205 0.031520100096120274
0 0.85546875 0.9695312500000001 0.014925760292611612 0.019901013723482148
0 0.483984375 0.6026041666666667 0.007258165693774243 0.009677554258365658
0 0.25263671875 0.749609375 0.012352647110032672 0.01647019614671012
0 0.0650390625 0.9184895833333333 0.007258165693774195 0.009677554258365658
0 0.7640625 0.8372395833333334 0.010635119835985973 0.01418015978131463
0 0.15826363073110286 0.4649873502684841 0.0056500820602582436 0.007533442747010917
0 0.15791015625 0.3716145833333333 0.006608954810815915 0.008811939747754552
0 0.20361328125 0.240625 0.00497184455521793 0.006629126073623907
1 0.92626953125 0.7690755208333333 0.007226562500000089 0.021484375
1 0.964111328125 0.7709635416666667 0.007128906249999956 0.010156249999999941
1 0.981201171875 0.78125 0.00830078125 0.022135416666666668
1 0.58759765625 0.7099609375 0.01953125 0.03346354166666673
1 0.854541015625 0.612890625 0.009082031250000067 0.00859375000000003
1 0.298486328125 0.537109375 0.007519531249999989 0.012760416666666607
1 0.345263671875 0.5658203125 0.006933593750000022 0.012369791666666666
1 0.3107421875 0.444140625 0.012304687500000022 0.016927083333333332
1 0.7867187499999999 0.7331380208333332 0.011132812499999978 0.017057291666666696
1 0.102197265625 0.4305338541666666 0.00927734375 0.010286458333333378
1 0.4015625 0.22825520833333335 0.012304687500000022 0.01510416666666666
1 0.474267578125 0.25240885416666664 0.007519531249999989 0.016276041666666668
