0 0.28857421875 0.5307291666666667 0.01038100177024881 0.01384133569366508
0 0.6140625 0.6365885416666667 0.009953275239250603 0.013271033652334138
0 0.80517578125 0.7151041666666668 0.01179823305510852 0.01573097740681136
0 0.8126953125 0.7644531250000001 0.005240784322265046 0.006987712429686728
0 0.85322265625 0.8895833333333334 0.01640741253321698 0.021876550044289306
0 0.84228515625 0.14700520833333333 0.009060479300580626 0.012080639067440871
0 0.94501953125 0.07825520833333333 0.007851465329000717 0.010468620438667614
0 0.90234375 0.044270833333333336 0.005797196124865511 0.0077295948331541076
0 0.697265625 0.018619791666666666 0.02004214614432076 0.026722861525760967
0 0.49091796875 0.04270833333333333 0.005373756442264677 0.007165008589686231
0 0.97216796875 0.9052083333333334 0.006858222603937314 0.009144296805249752
0 0.81318359375 0.39999999999999997 0.007851465329000717 0.010468620438667623
1 0.38369140625 0.37200520833333334 0.01777343749999999 0.022135416666666668
1 0.453857421875 0.18632812499999998 0.01611328125 0.03541666666666665
1 0.55361328125 0.18391927083333334 0.021679687500000044 0.025911458333333304
1 0.626171875 0.36093749999999997 0.021874999999999978 0.028645833333333332
1 0.70029296875 0.3919270833333333 0.010546874999999956 0.016145833333333304
1 0.6048828125000001 0.4147135416666667 0.013085937499999978 0.009114583333333334
1 0.490869140625 0.5986979166666667 0.019824218749999956 0.03203125000000003
1 0.1619140625 0.5217447916666667 0.021289062499999983 0.035677083333333304
1 0.46044921875 0.8643229166666666 0.023242187499999956 0.024739583333333332
1 0.6485839843750001 0.8848958333333333 0.005761718749999978 0.013281250000000059
1 0.436181640625 0.5238932291666667 0.006933593749999967 0.009244791666666622
