0 0.15478515625 0.1884765625 0.017505070088128294 0.023340093450837724
1 0.182373046875 0.032958984375 0.007080078125 0.013509114583333334
0 0.0633544921875 0.3181966145833333 0.009719740838571474 0.012959654451428623
0 0.1885986328125 0.6355794270833334 0.005126953125 0.0068359375
0 0.0811767578125 0.4991861979166667 0.0052589500069673 0.007011933342623067
0 0.0115966796875 0.1201171875 0.0064223371279130415 0.008563116170550722
0 0.014892578125 0.12337239583333333 0.005699520278285524 0.007599360371047359
0 0.355224609375 0.5 0.023927026833010956 0.03190270244401461
0 0.20751953125 0.4464518229166667 0.01222898416637519 0.016305312221833585
0 0.209228515625 0.5164388020833334 0.007948642869189282 0.010598190492252376
0 0.2142333984375 0.349609375 0.01514459220631914 0.02019278960842552
1 0.29901123046875 0.4345703125 0.0054931640625 0.013020833333333334
0 0.3304443359375 0.017740885416666668 0.00450173069203752 0.006002307589383388
1 0.3739013671875 0.15543619791666666 0.0234375 0.02734375
0 0.476318359375 0.19059244791666666 0.009765625 0.013020833333333334
0 0.376708984375 0.3873697916666667 0.009328600182882174 0.012438133577176233
0 0.428466796875 0.6142578125 0.005879684852925893 0.00783957980390119
0 0.470458984375 0.6248372395833334 0.011741615875401457 0.01565548783386861
1 0.38262939453125 0.7083333333333334 0.0128173828125 0.017252604166666668
0 0.47412109375 0.8185221354166666 0.007425247229367993 0.009900329639157176
1 0.57598876953125 0.3295084635416667 0.0098876953125 0.022623697916666668
1 0.61834716796875 0.7498372395833334 0.0115966796875 0.025065104166666668
1 0.5162929080310881 0.9830729166666666 0.022101683937823857 0.03125
0 0.6510009765625 0.9736328125 0.006663742218728563 0.008884989624971418
0 0.7618408203125 0.18082682291666666 0.008429041260562542 0.011238721680750055
0 0.67529296875 0.19124348958333334 0.012025010113305479 0.016033346817740563
1 0.886962890625 0.24755859375 0.010498046875 0.013997395833333334
0 0.931396484375 0.9638671875 0.004864467491496827 0.006485956655329102
1 0.94610595703125 0.770263671875 0.0084228515625 0.021321614583333332
1 0.9488525390625 0.78955078125 0.01171875 0.017903645833333332
0 0.8807373046875 0.6220703125 0.005241921521871085 0.006989228695828113
