0 0.0380859375 0.058268229166666664 0.011053936936202907 0.014738582581603876
0 0.1668701171875 0.08968098958333333 0.009914033449339332 0.013218711265785776
1 0.17181396484375 0.050211588541666664 0.0206298828125 0.03076171875
0 0.0850830078125 0.3935546875 0.006181146924400471 0.008241529232533887
1 0.130615234375 0.6958821614583334 0.010009765625 0.01025390625
1 0.05474853515625 0.8875325520833334 0.0113525390625 0.015299479166666666
1 0.01568603515625 0.4423014322916667 0.0069580078125 0.00830078125
0 0.2149658203125 0.2594401041666667 0.017448797251177373 0.02326506300156983
0 0.2742919921875 0.21809895833333334 0.00732421875 0.009765625
0 0.3590087890625 0.3336588541666667 0.009033203125 0.012044270833333334
0 0.223388671875 0.5652669270833334 0.014680953494504767 0.019574604659339762
0 0.27392578125 0.6101888020833334 0.008886852892188157 0.01184913718958421
0 0.205322265625 0.5310872395833334 0.0078010475139992375 0.010401396685332317
0 0.487548828125 0.35791015625 0.014666736617065967 0.019555648822754623
0 0.5211181640625 0.619140625 0.009829502997654949 0.013106003996873264
0 0.38232421875 0.6964518229166666 0.011241078548067662 0.014988104730756882
0 0.470947265625 0.045247395833333336 0.01583153597350928 0.02110871463134567
0 0.25048828125 0.12874348958333334 0.006103515625 0.008138020833333334
0 0.5377197265625 0.669921875 0.006840295764708015 0.009120394352943947
0 0.56494140625 0.96630859375 0.004864467491496827 0.006485956655329102
0 0.6025390625 0.5869140625 0.006276836002042208 0.00836911466938961
1 0.72467041015625 0.07340494791666667 0.0118408203125 0.017252604166666668
1 0.70501708984375 0.3951009114583333 0.0120849609375 0.028157552083333332
0 0.742431640625 0.5266927083333334 0.013674054653262102 0.018232072871016136
1 0.39453125 0.6890462239583334 0.011474609375 0.00732421875
0 0.937255859375 0.6842447916666666 0.010154606612834627 0.013539475483779503
0 0.9324951171875 0.5081380208333334 0.012498950914228812 0.01666526788563827
0 0.9031982421875 0.466796875 0.011070101610112015 0.014760135480149206
1 0.8245849609375 0.5315755208333334 0.015625 0.015299479166666666
1 0.95489501953125 0.3187662760416667 0.0074462890625 0.008951822916666666
0 0.9326171875 0.19254557291666666 0.011601176143082759 0.015468234857443678
0 0.889892578125 0.021484375 0.011272848027944482 0.015030464037259368
0 0.783984375 0.8110677083333333 0.005911228886883446 0.007881638515844594
0 0.95576171875 0.8375 0.006448271101257452 0.008597694801676603
