0 0.1102294921875 0.2906901041666667 0.00847488035044422 0.011299840467258996
0 0.040283203125 0.3453776041666667 0.004796602222751092 0.006395469630334845
0 0.1373291015625 0.7762044270833334 0.014812315734489767 0.01974975431265295
0 0.03173828125 0.9303385416666666 0.022402479974520436 0.029869973299360513
0 0.2177734375 0.011555989583333334 0.008802615418613269 0.011736820558151007
1 0.33990478515625 0.20084635416666666 0.0181884765625 0.029296875
1 0.32476806640625 0.23380533854166666 0.0159912109375 0.015462239583333334
0 0.34912109375 0.4554036458333333 0.011639645938535392 0.01551952791804719
1 0.403564453125 0.7975260416666666 0.039306640625 0.040690104166666664
0 0.54052734375 0.7189127604166666 0.007666171127005628 0.01022156150267417
0 0.556640625 0.27294921875 0.02475590752892254 0.03300787670523012
0 0.517578125 0.32958984375 0.007758910440464284 0.010345213920618934
1 0.4237060546875 0.2989095052083333 0.01025390625 0.01611328125
0 0.5201416015625 0.013997395833333334 0.007758910440464284 0.010345213920618948
1 0.53851318359375 0.11808268229166667 0.0111083984375 0.021321614583333332
0 0.5908203125 0.8248697916666666 0.012089275784316289 0.016119034379088387
0 0.62158203125 0.19938151041666666 0.013454341536577097 0.017939122048769313
0 0.7142333984375 0.02099609375 0.010009765625 0.013346354166666666
0 0.75439453125 0.24283854166666666 0.007080078125 0.009440104166666666
1 0.8541259765625 0.18717447916666666 0.012451171875 0.011067708333333334
1 0.87744140625 0.24178059895833334 0.010498046875 0.010579427083333334
1 0.98602294921875 0.6841634114583334 0.0203857421875 0.02392578125
0 0.9267578125 0.5345052083333334 0.01139904055657115 0.015198720742094718
0 0.9617919921875 0.5703125 0.018310546875 0.0244140625
1 0.95709228515625 0.5906575520833334 0.0177001953125 0.022786458333333332
0 0.90869140625 0.050618489583333336 0.019288654506937286 0.025718206009249584
