0 0.2781192555147059 0.21531181917211328 0.010906867526191744 0.01454249003492225
0 0.3517578125 0.12565104166666666 0.009578281121280674 0.012771041495040825
0 0.41005859375 0.7917968750000001 0.009110862335695802 0.01214781644759455
0 0.46581320505822416 0.712639495390587 0.008990281739470918 0.011987042319294558
0 0.43466796875 0.6378906249999999 0.009028847133848661 0.012038462845131548
0 0.41328125 0.6200520833333333 0.004120121701118973 0.005493495601491964
0 0.6326171875 0.7782552083333334 0.005373756442264677 0.007165008589686235
0 0.8388671875 0.9209635416666666 0.015240633730390307 0.020320844973853742
0 0.7847114997314715 0.5286654135338346 0.004605787291911634 0.006141049722548845
1 0.9505946114088821 0.008474508677896885 0.010318960566615631 0.0109670112302195
1 0.7492253302067382 0.11026831291475242 0.018245118683001604 0.01674961715160798
1 0.5620320638020834 0.13088650173611113 0.01373291015625 0.018988715277777773
1 0.5467732747395834 0.19632975260416666 0.00864664713541674 0.016276041666666668
1 0.4003491370506536 0.05563640386710239 0.012127246732026142 0.016807938453159043
1 0.22802734375 0.20826822916666665 0.011132812499999978 0.007942708333333326
1 0.204248046875 0.25429687500000003 0.01123046875 0.012499999999999992
1 0.13020833333333331 0.35942476114649674 0.010159567409766451 0.021977839702760054
1 0.33053768382352944 0.2863051470588235 0.020105698529411742 0.024509803921568613
1 0.4561139929149798 0.49973642037786775 0.01047728997975711 0.010543184885290158
1 0.4587890625 0.6732421875 0.008398437500000022 0.01289062499999997
1 0.5844938150303141 0.7095930593392344 0.009236537896028296 0.018749252838559105
1 0.363489861481976 0.813063251001335 0.00886598798397864 0.01564586114819762
1 0.21862090728274175 0.8296645501835984 0.011474908200734407 0.01147490820073438
1 0.8916343669250646 0.6118445844099915 0.01993499677002586 0.024561261843238553
