0 0.37569669397865857 0.02421557418699187 0.00548991547809452 0.007319887304126055
0 0.2548173113567073 0.11631415142276423 0.007625671967217085 0.010167562622956114
0 0.29798851943597565 0.11274136178861788 0.010947489704917435 0.014596652939889987
0 0.038068073551829305 0.3703791920731707 0.009415127370451734 0.012553503160602256
0 0.23665563071646342 0.5422700711382114 0.007763912925403349 0.010351883900537798
0 0.2994771817835366 0.5486216971544715 0.012057246052851411 0.01607632807046855
0 0.6293647580030488 0.8713636941056909 0.021120126537452544 0.02816016871660339
0 0.759473847179878 0.8431783536585366 0.016383403787392226 0.021844538383189633
0 0.7722763433689024 0.9821201727642276 0.007195030233895228 0.009593373645193637
0 0.5588021627286586 0.58911331300813 0.005617604999557324 0.007490139999409766
0 0.6097144150152439 0.5498126270325203 0.017764426793750232 0.023685902391667124
0 0.6954613662347561 0.48470846036585363 0.008791934463267648 0.011722579284357012
0 0.5495724561737805 0.29336572662601623 0.008525760446405961 0.011367680595208022
0 0.6424649866615854 0.21873412093495934 0.008099198807126173 0.010798931742834972
0 0.7874606993140244 0.17586064532520326 0.01849779030941434 0.024663720412552475
0 0.9008967701981707 0.35886686991869915 0.007268575895420737 0.00969143452722765
1 0.06024914253048784 0.09904566819105691 0.02173447027439024 0.00913046239837397
1 0.45519126333841464 0.23044493140243902 0.025009527439024404 0.03136115345528453
1 0.5129513624237805 0.7975260416666666 0.006550114329268331 0.01667301829268301
1 0.5529963795731707 0.6706920096544714 0.015779820884146423 0.009924415650406507
1 0.7947551448170731 0.3279026930894309 0.017566215701219523 0.028582317073170754
