0 0.135546875 0.2852864583333333 0.017892160141560587 0.023856213522080782
0 0.2375 0.3451822916666667 0.00978318733310013 0.01304424977746684
0 0.2578125 0.39804687499999997 0.005807058104421281 0.007742744139228375
1 0.363916015625 0.47226562499999997 0.01689453125000001 0.021614583333333364
0 0.3216796875 0.5148437499999999 0.016575116804122714 0.022100155738830285
0 0.3806640625 0.7595052083333332 0.011920464468489933 0.01589395262465339
0 0.216796875 0.775 0.009030959391950644 0.012041279189267525
0 0.21103515625 0.9057291666666667 0.018948332555679515 0.025264443407572834
1 0.134765625 0.33893229166666666 0.009570312500000011 0.013020833333333334
0 0.39208984375 0.4236979166666666 0.009030959391950755 0.012041279189267673
0 0.4888671875 0.94375 0.013286993243511569 0.017715990991348757
0 0.5640625 0.7279947916666667 0.009649702599246579 0.012866270132328772
0 0.50869140625 0.803125 0.004597110271851612 0.006129480362468816
0 0.54970703125 0.9299479166666668 0.004314594147338813 0.00575279219645175
0 0.47158203125 0.8809895833333333 0.00356411867009665 0.004752158226795385
0 0.1986328125 0.20442708333333334 0.003320312499999978 0.004427083333333304
0 0.0482421875 0.9013020833333334 0.007202769107260046 0.009603692143013376
0 0.1908203125 0.9759114583333334 0.006358914295351459 0.008478552393802019
0 0.7333984375 0.5244791666666667 0.010468822877544692 0.013958430503393071
0 0.7107421875 0.45481770833333335 0.006935656603345608 0.009247542137794143
0 0.793359375 0.7253906250000001 0.010320191260642986 0.013760255014190648
0 0.9404939879115226 0.8088429140946504 0.006706661228571331 0.008942214971428442
0 0.62392578125 0.27825520833333334 0.013671875 0.01822916666666674
0 0.61630859375 0.21484375 0.007844174073446508 0.010458898764595345
0 0.3373046875 0.068359375 0.007909553410670567 0.01054607121422746
0 0.8761386639676113 0.015277074898785437 0.011352680616903754 0.0151369074892051
0 0.0052734375 0.5078125 0.007797837803780128 0.010397117071706763
1 0.77978515625 0.32109375 0.006445312499999911 0.011979166666666652
1 0.7266601562499999 0.03860677083333333 0.015039062499999978 0.018880208333333332
1 0.008837890624999999 0.9637369791666668 0.01728515625 0.03893229166666664
