0 0.24115473246402874 0.11849895083932853 0.012414706783296092 0.016552942377728124
0 0.3574289006294964 0.10608700539568344 0.012419675647526773 0.016559567530035662
0 0.7650061319040697 0.18772710755813957 0.012695698455099658 0.016927597940132877
0 0.16790528064992613 0.41005046774987686 0.006483164770542227 0.008644219694056302
0 0.0932430475086906 0.37869351100811127 0.004709374105293346 0.006279165473724498
0 0.04847577951002229 0.7583402932442463 0.010699448319397994 0.014265931092530751
0 0.28073640960809104 0.6135001843657817 0.015775751466659327 0.021034335288879102
0 0.5085270579268293 0.6359565548780487 0.004426111360077201 0.005901481813436267
1 0.12224428444180524 0.4152130344418052 0.007422802850356305 0.01515488915281075
1 0.5436723602484472 0.680965320910973 0.013950892857142794 0.027497412008281596
1 0.85059200310559 0.7088671066252589 0.02001649844720499 0.05580357142857132
1 0.6316236413043479 0.2689085144927536 0.022442740683229823 0.021836180124223614
1 0.5345517113095237 0.05295138888888895 0.019066220238095233 0.014260912698412703
