0 0.613019006763527 0.5609943846025384 0.01059154177709698 0.014122055702795974
0 0.52015750250501 0.6347095232130928 0.010777938543504284 0.014370584724672527
0 0.21318359375 0.7053385416666668 0.012228496751951923 0.016304662335935898
0 0.010946085164835166 0.7776585393772893 0.017936626387170484 0.023915501849560705
0 0.012341174450549452 0.6212654532967032 0.01833792012645418 0.024450560168605584
0 0.07576407967032968 0.4685926053113552 0.005191185878454629 0.0069215811712727655
0 0.3171138693390453 0.33178103325173397 0.007383838171033719 0.009845117561378328
0 0.32548788588056676 0.18278192476383268 0.009640044075971521 0.012853392101295288
0 0.42512098304655865 0.2055815620782726 0.006827996915790502 0.009103995887720595
0 0.049879807692307696 0.25707799145299143 0.006813842688980332 0.009085123585307109
0 0.75126953125 0.32591145833333335 0.006640624999999956 0.008854166666666682
0 0.7966796875 0.20247395833333334 0.018612164266721187 0.024816219022294916
0 0.77548828125 0.9809895833333333 0.020102960685439042 0.02680394758058539
0 0.97158203125 0.8596354166666668 0.008479802088317223 0.011306402784422964
1 0.5791836097592213 0.6459507342896176 0.021112160604508157 0.027215676229508157
1 0.506787109375 0.9350260416666667 0.014746093750000022 0.023177083333333275
1 0.422412109375 0.9649088541666666 0.01611328125 0.012369791666666666
1 0.493994140625 0.8610677083333332 0.009082031250000011 0.012760416666666755
1 0.165185546875 0.7235677083333334 0.02509765624999999 0.01927083333333342
1 0.044482421875 0.8787109375000001 0.01318359375 0.021223958333333275
1 0.4373046875 0.48899739583333335 0.0068359375 0.014973958333333334
1 0.6124023437499999 0.2634765625 0.013085937499999978 0.027213541666666674
1 0.605810546875 0.03515625 0.008105468749999956 0.013541666666666669
1 0.69765625 0.09713541666666665 0.012890625000000044 0.012500000000000011
1 0.808935546875 0.25852864583333335 0.017285156250000044 0.018619791666666646
1 0.830615234375 0.609375 0.010644531249999978 0.015885416666666725
1 0.82001953125 0.02291666666666667 0.008984374999999933 0.016666666666666666
