0 0.6390625 0.126953125 0.020204226151836036 0.026938968202447938
0 0.64755859375 0.1747395833333333 0.005189582131088333 0.006919442841451258
0 0.3451171875 0.2908854166666667 0.010054326309557604 0.013405768412743472
0 0.266796875 0.34479166666666666 0.008452767581399456 0.011270356775199275
0 0.29501953125 0.07734375 0.0060325957857345625 0.008043461047646102
0 0.86923828125 0.14309895833333333 0.012568476986871913 0.01675796931582933
0 0.871875 0.44101562499999997 0.009796825159362976 0.013062433545817154
0 0.79375 0.823828125 0.010834123631530135 0.014445498175373514
0 0.33671875 0.9733072916666666 0.008924734108434307 0.011899645477912557
0 0.2677734375 0.7251302083333333 0.005200596467068164 0.0069341286227577
0 0.641796875 0.91640625 0.015480286890964479 0.02064038252128597
1 0.30947265625 0.4375 0.02031250000000001 0.02968749999999994
1 0.354296875 0.49407552083333334 0.017968749999999978 0.02460937499999997
1 0.262939453125 0.17890625000000002 0.02294921875 0.032552083333333336
1 0.20664062500000002 0.27298177083333336 0.015039062500000006 0.02044270833333332
1 0.066162109375 0.14127604166666666 0.015722656249999994 0.026041666666666668
1 0.49560546875 0.2343098958333333 0.021875000000000033 0.019921874999999978
1 0.43566746485667035 0.5302910235207645 0.009582586824696815 0.017801359794193283
1 0.602001953125 0.5529947916666668 0.020800781250000067 0.015885416666666652
1 0.461962890625 0.72109375 0.00927734375 0.010156250000000089
1 0.7703125 0.6725911458333332 0.009960937499999933 0.01627604166666659
1 0.862646484375 0.9091796875 0.01025390625 0.018359374999999883
1 0.280419921875 0.9261067708333334 0.023339843750000033 0.03164062499999994
