0 0.1865304631294964 0.6889800659472421 0.008676012417960732 0.01156801655728105
0 0.5102363421762589 0.49858550659472417 0.010821522173413145 0.014428696231217527
0 0.503035071942446 0.598349445443645 0.006919442587817626 0.009225923450423501
0 0.4437104985955056 0.35252808988764056 0.014397137874698651 0.019196183832931535
0 0.42922665028089885 0.2504096441947566 0.006113232214354003 0.008150976285805337
0 0.846595014450867 0.8897820327552987 0.006058710199150497 0.008078280265533996
0 0.7786307803468208 0.9295219171483623 0.005352813218537644 0.007137084291383526
0 0.7642899525316456 0.37101133966244726 0.015018139387349194 0.020024185849798776
0 0.12549454126602566 0.20804119925213674 0.006077376251673816 0.008103168335565089
0 0.6891061686447167 0.5140537263910158 0.008036842483336804 0.010715789977782256
1 0.05131935586734694 0.6726323341836734 0.014947385204081634 0.023251488095238065
1 0.3614775988520408 0.2673921130952381 0.011459661989795922 0.016608205782312924
1 0.6394989636479592 0.29828337585034015 0.01345264668367352 0.013286564625850353
1 0.7124920280612246 0.5288052721088435 0.021922831632653073 0.029230442176870763
1 0.6145866549744898 0.6566884566326531 0.016442123724489832 0.032552083333333336
