0 0.2654296875 0.32669270833333336 0.014031269574735772 0.018708359432981065
0 0.30361328125 0.5088541666666667 0.012242526518917773 0.016323368691890366
1 0.5360351562500001 0.16555989583333333 0.008203124999999978 0.012630208333333337
0 0.4890625 0.3684895833333333 0.008479802088317334 0.011306402784423112
0 0.3841796875 0.4552083333333334 0.0052589500069673 0.007011933342623067
0 0.38193359375 0.7217447916666666 0.009456030028835993 0.01260804003844799
0 0.029492187499999996 0.6834635416666667 0.01180954410768045 0.015746058810240566
0 0.21142578125 0.45026041666666666 0.0061329369016045465 0.008177249202139395
0 0.9359375 0.8106770833333333 0.012513725374719842 0.016684967166293124
0 0.69130859375 0.7006510416666667 0.0066807153814401055 0.008907620508586808
0 0.65791015625 0.3045572916666667 0.007639690318596681 0.010186253758128982
1 0.6509765625 0.4018229166666667 0.0107421875 0.01666666666666668
1 0.493896484375 0.5872395833333334 0.00732421875 0.009635416666666638
1 0.87548828125 0.7085286458333334 0.020703125000000044 0.01835937500000003
1 0.112158203125 0.542578125 0.013378906250000003 0.01848958333333332
0 0.72041015625 0.47760416666666666 0.006289547729728229 0.008386063639637786
1 0.4521484375 0.2794921875 0.007226562499999978 0.006119791666666652
0 0.014453125 0.3412760416666667 0.005852860962410798 0.007803814616547704
1 0.17705078125 0.25709635416666665 0.005078125000000017 0.009765625
1 0.451416015625 0.9713541666666666 0.007128906249999956 0.010156249999999941
1 0.031396484375 0.9171223958333333 0.01513671875 0.012109374999999941
1 0.31000976562500004 0.01998697916666667 0.008105468750000011 0.008984375000000001
1 0.30986328124999996 0.009765625 0.007031249999999989 0.006770833333333333
1 0.490234375 0.037109375 0.009375000000000022 0.008072916666666671
1 0.780615234375 0.7261067708333333 0.00830078125 0.0074218750000000595
