0 0.3862465659340659 0.015653617216117185 0.007365806820188725 0.009821075760251652
0 0.21812042124542125 0.10532089438339436 0.007365806820188725 0.009821075760251671
0 0.31720753205128205 0.1701865842490842 0.007902187083038026 0.010536249444050702
0 0.5168126144688645 0.5150240384615384 0.010243404492385144 0.013657872656513526
0 0.3411744505494505 0.49594589438339437 0.005448555621754725 0.0072647408290063
0 0.4642284798534798 0.9824385683760682 0.011799180476240956 0.015732240634987942
0 0.6591832646520147 0.8140739468864467 0.013133556369252064 0.017511408492336084
0 0.931404532967033 0.6604948870573871 0.00746931269238682 0.009959083589848946
0 0.6802884615384616 0.25699213980463975 0.011535968618787917 0.015381291491717297
0 0.8047733516483517 0.08290407509157506 0.009161979506399964 0.012215972675200026
1 0.16321113782051283 0.8915789072039071 0.029690361721611713 0.02241681929181934
1 0.03926282051282051 0.6974587912087911 0.021462912087912088 0.04244887057387059
1 0.1832431891025641 0.6452323717948718 0.01752804487179488 0.03147893772893773
1 0.4781793727106227 0.5560420482295482 0.016454899267399237 0.03338675213675213
1 0.05267714056776557 0.4086633852258852 0.03469837454212455 0.03529456654456653
1 0.584241929945055 0.019469246031746 0.02539777930402931 0.029571123321123317
1 0.6885159111721613 0.04307844932844929 0.01359317765567758 0.013831654456654458
1 0.6858330471611722 0.31446504884004883 0.01180460164835162 0.010969932844932825
1 0.673849587912088 0.5403025793650794 0.015739468864468864 0.02003205128205125
1 0.7405634729853481 0.9063644688644689 0.024682348901098883 0.019555097680097628
