0 0.35498046875 0.834375 0.019981146509154835 0.02664152867887311
0 0.40322265625 0.5640625 0.010786485368347032 0.014381980491129376
0 0.60771484375 0.8852864583333333 0.009884047600687618 0.013178730134250157
0 0.70693359375 0.21354166666666666 0.02096768608748434 0.027956914783312376
0 0.713671875 0.15065104166666668 0.013650932621098955 0.018201243494798642
0 0.6501953125 0.04544270833333333 0.009377034284498542 0.012502712379331241
0 0.61552734375 0.26861979166666666 0.010932267163403564 0.014576356217871567
1 0.13115234375 0.02662760416666667 0.018359374999999983 0.014713541666666668
0 0.1625 0.8165364583333333 0.007226562499999978 0.009635416666666488
0 0.0794921875 0.869140625 0.00597541349249156 0.007967217989988859
1 0.24306640625 0.740625 0.01738281250000001 0.02109374999999991
0 0.21435546875 0.3940104166666667 0.007738911232874568 0.010318548310499498
0 0.488671875 0.091796875 0.01029243134863711 0.013723241798182776
1 0.537939453125 0.22623697916666666 0.020214843750000044 0.03007812500000003
1 0.574853515625 0.3984375 0.00634765625 0.010677083333333393
1 0.660888671875 0.4181640625 0.014746093749999911 0.014713541666666682
1 0.5475212545955883 0.7428166579131653 0.010770909926470673 0.014224439775910369
0 0.52578125 0.9744791666666667 0.009425725400010743 0.01256763386668099
0 0.5521484375 0.9739583333333334 0.00725027780987153 0.009667037079828708
1 0.8680664062500001 0.7587890625 0.019140625000000022 0.018619791666666607
1 0.918359375 0.6884765625 0.015429687499999956 0.009505208333333274
0 0.94775390625 0.8950520833333333 0.007686979943029026 0.010249306590705368
1 0.946240234375 0.43678385416666665 0.030175781249999978 0.04804687499999997
1 0.9572265625 0.3748697916666666 0.0078125 0.012239583333333378
1 0.8890625 0.23587239583333333 0.01171875 0.019140624999999984
1 0.8072265624999999 0.05592447916666667 0.022070312500000022 0.03059895833333334
