0 0.6060546875 0.34153645833333335 0.012539610093183162 0.016719480124244217
0 0.85302734375 0.14661458333333333 0.012403497116646456 0.016537996155528534
0 0.8564453125 0.3673177083333334 0.010758155745250297 0.014344207660333582
0 0.86279296875 0.4244791666666667 0.006067275221487867 0.008089700295317304
0 0.823046875 0.5065104166666666 0.0087890625 0.011718750000000147
0 0.82607421875 0.7182291666666667 0.01904271834771265 0.025390291130283533
0 0.8474609375 0.9634114583333333 0.0061329369016043245 0.0081772492021391
0 0.557421875 0.6876302083333333 0.005211587525049355 0.006948783366732473
0 0.32841796875 0.04153645833333333 0.020877435416504442 0.027836580555339243
0 0.1912109375 0.35117187499999997 0.006902576971512586 0.009203435962016856
0 0.16806640625 0.4829427083333333 0.005078124999999989 0.0067708333333333925
0 0.473828125 0.8087239583333333 0.007109482313750526 0.009479309751667367
0 0.474609375 0.9246093750000001 0.018430919442716465 0.024574559256955137
0 0.43623046875 0.966796875 0.007205416697537825 0.009607222263383619
0 0.95986328125 0.051171875 0.026148543704967997 0.034864724939957445
0 0.25712890625 0.024739583333333332 0.00933626437712276 0.012448352502830357
1 0.645556640625 0.6221354166666667 0.016894531250000067 0.03307291666666664
1 0.75673828125 0.5792317708333333 0.016406249999999956 0.022005208333333377
1 0.553662109375 0.7813151041666666 0.014550781249999978 0.027213541666666636
1 0.095166015625 0.8429036458333332 0.02099609375 0.017057291666666696
1 0.196240234375 0.9087890625 0.015722656249999994 0.02565104166666658
1 0.34916992187499996 0.9423828125 0.01884765625000001 0.025651041666666725
0 0.3921875 0.9369791666666667 0.004496431419226954 0.0059952418923027535
