1 0.01416015625 0.245361328125 0.01220703125 0.01416015625
0 0.1251220703125 0.4386393229166667 0.007029384789496065 0.009372513052661477
1 0.14849853515625 0.7433268229166666 0.0093994140625 0.0283203125
1 0.07379150390625 0.7665201822916666 0.0091552734375 0.020670572916666668
1 0.0772705078125 0.7855631510416666 0.01123046875 0.018391927083333332
0 0.1673583984375 0.8665364583333334 0.006875062422035505 0.00916674989604734
0 0.16162109375 0.95458984375 0.012052241257028806 0.01606965500937167
0 0.0595703125 0.9597981770833334 0.0057203977118456956 0.007627196949127502
0 0.3310546875 0.3234049479166667 0.02123462120514119 0.02831282827352155
1 0.250732421875 0.485595703125 0.0107421875 0.016764322916666668
0 0.2061767578125 0.5869140625 0.007344535623286796 0.009792714164382321
0 0.244873046875 0.6149088541666666 0.0076037165539050156 0.010138288738540021
0 0.318359375 0.7493489583333334 0.007184540512481519 0.009579387349975358
0 0.4381103515625 0.7687174479166666 0.007997236012773024 0.010662981350364179
0 0.4593505859375 0.7859700520833334 0.007873298582322774 0.01049773144309718
0 0.4693603515625 0.9765625 0.017472692710041926 0.023296923613389236
0 0.4619140625 0.4759114583333333 0.006703872176633818 0.008938496235511758
1 0.44732666015625 0.5360514322916666 0.0128173828125 0.023274739583333332
1 0.401123046875 0.23038736979166666 0.0126953125 0.02001953125
1 0.45849609375 0.2517903645833333 0.00634765625 0.008463541666666666
1 0.36724853515625 0.16959635416666666 0.0072021484375 0.0146484375
0 0.350830078125 0.11702473958333333 0.004214520630281271 0.005619360840375028
1 0.52679443359375 0.2601725260416667 0.0196533203125 0.031087239583333332
0 0.526123046875 0.12711588541666666 0.012460742339037933 0.016614323118717245
1 0.4927978515625 0.10546875 0.006591796875 0.014973958333333334
0 0.5914306640625 0.5701497395833334 0.009085836946254089 0.012114449261672119
0 0.515380859375 0.9718424479166666 0.00723002582761767 0.00964003443682356
0 0.6048583984375 0.7841796875 0.007646708868831009 0.010195611825108012
0 0.5977783203125 0.79443359375 0.006352349526981271 0.008469799369308362
0 0.641845703125 0.5353190104166666 0.007084286195579548 0.009445714927439397
0 0.658447265625 0.6573893229166666 0.02344258571124569 0.03125678094832759
0 0.741455078125 0.5149739583333334 0.010248091729402109 0.01366412230586933
1 0.627197265625 0.171142578125 0.01416015625 0.015462239583333334
1 0.75653076171875 0.9562174479166666 0.0089111328125 0.01171875
1 0.67913818359375 0.7772623697916666 0.0115966796875 0.008626302083333334
0 0.656982421875 0.333984375 0.005404283110639341 0.007205710814185788
1 0.79473876953125 0.8829752604166666 0.0230712890625 0.027669270833333332
1 0.88665771484375 0.1259765625 0.0145263671875 0.013346354166666666
1 0.96270751953125 0.13387044270833334 0.0223388671875 0.02880859375
0 0.9227294921875 0.44580078125 0.011965381596526159 0.015953842128701694
