0 0.173828125 0.3123697916666667 0.009219081032192156 0.012292108042922875
0 0.28076171875 0.21471354166666667 0.008291009873746535 0.011054679831662048
0 0.35498046875 0.20651041666666667 0.009981978389984936 0.01330930451997984
0 0.8384422709923665 0.046715966921119595 0.014517490230014252 0.019356653640019057
0 0.5890625 0.31940104166666666 0.009154720035357666 0.012206293380476888
0 0.22253321850393698 0.4754962270341207 0.011606768125069666 0.015475690833426222
0 0.045465783227848125 0.5839596518987341 0.011622487414500782 0.015496649886001043
0 0.021237143987341795 0.5861023206751055 0.005954111243469298 0.007938814991292453
0 0.494140625 0.18893229166666667 0.00368514887970961 0.004913531839612813
0 0.1869419642857143 0.7680717719780219 0.008334687430866905 0.011112916574489281
1 0.631803919057377 0.8516692281420765 0.022573002049180335 0.0328722677595629
1 0.7517930327868851 0.875789788251366 0.016329405737704916 0.02774931693989065
1 0.7116533512443439 0.23928874434389144 0.008837669683257943 0.014434860482654632
