0 0.3763671875 0.13815104166666667 0.013500601295926118 0.01800080172790149
0 0.58486328125 0.09505208333333333 0.007012235574615611 0.009349647432820926
0 0.5294921875 0.3959635416666667 0.006921892635417759 0.009229190180557012
0 0.5712890625 0.4399739583333333 0.005677516349120504 0.007570021798827338
0 0.603125 0.5348958333333333 0.008452767581399456 0.011270356775199275
0 0.64892578125 0.4447916666666667 0.005586074080498049 0.007448098773997547
0 0.71923828125 0.19739583333333333 0.006734742050611864 0.008979656067482559
0 0.80009765625 0.39414062499999997 0.015811870818757123 0.021082494425009497
0 0.858203125 0.4166666666666667 0.008587089037882967 0.011449452050510622
0 0.81279296875 0.46015625 0.008350608721262365 0.011134144961683301
0 0.86494140625 0.6799479166666668 0.01131633276318067 0.015088443684240893
0 0.694140625 0.7427083333333333 0.00511181731574295 0.0068157564209906
0 0.94482421875 0.44166666666666665 0.00729747722354257 0.009729969631390242
0 0.89814453125 0.8174479166666666 0.006457138771412518 0.008609518361883358
0 0.96572265625 0.9947916666666666 0.019360582463353593 0.025814109951138125
0 0.69873046875 0.9846354166666668 0.02014087652577623 0.026854502034368306
0 0.76982421875 0.687890625 0.009922567028031626 0.013230089370708834
1 0.33837890625 0.24348958333333334 0.013085937499999978 0.013802083333333362
1 0.22802734375 0.7010416666666668 0.0263671875 0.025260416666666636
1 0.091943359375 0.8650390625000001 0.011621093749999992 0.029296875
1 0.7601562500000001 0.691796875 0.030859375000000022 0.02317708333333342
1 0.981884765625 0.34824218749999997 0.01318359375 0.024088541666666668
0 0.65615234375 0.9713541666666666 0.005078125000000044 0.0067708333333333925
