0 0.3222994942196532 0.4848566955684008 0.02375142335071756 0.031668564467623415
0 0.20078125 0.5684895833333333 0.015201788064289123 0.020269050752385425
0 0.07568359375 0.6979166666666666 0.00840070826859629 0.01120094435812824
0 0.1123046875 0.3822916666666667 0.0066521040491899774 0.008869472065586711
0 0.08759765625 0.24244791666666665 0.018175609568956003 0.024234146091941373
0 0.0546875 0.075 0.007205416697537784 0.009607222263383711
0 0.49267578125 0.38515625000000003 0.009884047600687507 0.013178730134250008
0 0.41875 0.19023437499999998 0.008414320011147614 0.011219093348196893
0 0.32607421875 0.07630208333333334 0.008721528735064932 0.011628704980086613
0 0.4697265625 0.9441406250000001 0.008773858377037591 0.011698477836050122
0 0.63525390625 0.4231770833333333 0.021925513663630936 0.029234018218174434
0 0.87900390625 0.7497395833333332 0.022112618467920342 0.029483491290560455
0 0.67958984375 0.17890625000000002 0.008304801416199048 0.01107306855493199
0 0.871875 0.9122395833333333 0.011007033440316727 0.014676044587088969
0 0.5931640625 0.34218750000000003 0.0052589500069673 0.007011933342623215
1 0.627978515625 0.24042968750000002 0.011425781249999933 0.03554687500000001
1 0.86318359375 0.33177083333333335 0.020703125000000044 0.032552083333333336
1 0.814111328125 0.6016927083333333 0.00830078125 0.020312499999999956
1 0.8160156249999999 0.6419921875 0.006445312500000022 0.015494791666666638
1 0.8693359375 0.6630208333333333 0.012890624999999933 0.013802083333333362
1 0.8592773437500001 0.6813802083333332 0.009375000000000022 0.014322916666666666
1 0.8670898437500001 0.7004557291666668 0.010156249999999978 0.016276041666666668
1 0.73515625 0.8719401041666667 0.018945312499999978 0.013671875
0 0.9404296875 0.6632812499999999 0.009110862335695913 0.012147816447594476
1 0.959130859375 0.5541666666666667 0.01611328125 0.015625
1 0.973046875 0.5516276041666667 0.014453124999999956 0.010807291666666682
1 0.96875 0.5801432291666667 0.0087890625 0.015494791666666638
0 0.5873046875 0.9403645833333334 0.007599639241540501 0.010132852322054001
1 0.3912109375 0.9695963541666668 0.016015625000000033 0.013151041666666696
1 0.363671875 0.9659505208333332 0.009179687500000033 0.007942708333333362
0 0.21103515625 0.8940104166666667 0.017935813904313203 0.02391441853908412
1 0.461279296875 0.9346354166666666 0.010058593750000011 0.008333333333333304
1 0.274658203125 0.6819010416666668 0.00830078125 0.007291666666666696
1 0.371142578125 0.6271484374999999 0.00732421875 0.006901041666666681
1 0.443115234375 0.642578125 0.007128906249999956 0.013020833333333334
1 0.219677734375 0.2563151041666667 0.008886718749999994 0.015755208333333326
1 0.042724609375 0.2017578125 0.023535156249999998 0.03268229166666666
