0 0.48441029743975905 0.31135479417670686 0.013784090871917343 0.01837878782922305
0 0.18623970650337837 0.292700415259009 0.009005057052335952 0.012006742736447936
0 0.29676282728040543 0.021946262668918862 0.015787962038119385 0.021050616050825883
0 0.12932854729729729 0.7526085655968467 0.012883778630283158 0.017178371507044154
0 0.013361750422297298 0.8526842271959459 0.013315849392030888 0.017754465856041197
0 0.5351630199306758 0.09252238590410167 0.007988805053892767 0.010651740071857022
0 0.23583984375 0.14375000000000002 0.005904772053840213 0.007873029405120283
0 0.31865234375 0.38580729166666666 0.004509139211177793 0.006012185614903724
0 0.08016341430131005 0.8145042985807859 0.006274707871162966 0.008366277161550547
0 0.46236014660493824 0.43630240483539096 0.007194618774903683 0.00959282503320491
0 0.8392381959606986 0.4327010553129549 0.0074135762431799535 0.009884768324239937
0 0.9066043730448384 0.9751368613138687 0.011406927760802654 0.01520923701440354
1 0.9213287870762712 0.8924788135593219 0.01771054025423724 0.026483050847457612
1 0.65625 0.9665210098870055 0.00794491525423724 0.009048375706214676
1 0.6948159427966102 0.8509887005649718 0.03939353813559321 0.047228107344632786
1 0.489158501059322 0.14190501412429377 0.008441472457627164 0.010593220338983059
1 0.5898768538135594 0.7759533898305083 0.006951800847457612 0.010151836158192188
1 0.564552436440678 0.8306850282485877 0.006951800847457612 0.013241525423728806
1 0.4210474046610169 0.35233492231638414 0.006951800847457612 0.014786370056497114
1 0.3457362288135593 0.016882944915254237 0.006951800847457612 0.011255296610169491
1 0.2517213983050848 0.22466454802259886 0.016882944915254244 0.026483050847457612
1 0.21108646716101698 0.2640580861581921 0.0061242055084745894 0.008165607344632786
1 0.3010460805084746 0.522709216101695 0.022179555084745728 0.02582097457627112
1 0.23459017478813562 0.6287517655367231 0.008441472457627108 0.014124293785310696
1 0.13685116525423732 0.673441913841808 0.01588983050847459 0.024496822033898358
