0 0.1109619140625 0.06282552083333333 0.010568779698199887 0.014091706264266516
0 0.1427001953125 0.047200520833333336 0.00732421875 0.009765625
0 0.039306640625 0.341796875 0.012510867163397416 0.016681156217863258
0 0.1912841796875 0.4015299479166667 0.008819527279388895 0.011759369705851785
0 0.1337890625 0.7490234375 0.006717195552830846 0.008956260737107868
0 0.1767578125 0.84619140625 0.010997173466362531 0.014662897955150042
1 0.0654296875 0.20857747395833334 0.007080078125 0.01318359375
1 0.28131103515625 0.22664388020833334 0.0250244140625 0.029134114583333332
0 0.3162841796875 0.3212890625 0.007568359375 0.010091145833333334
0 0.2501220703125 0.8369140625 0.010036525776901617 0.013382034369202008
1 0.22662353515625 0.7779947916666666 0.0111083984375 0.007486979166666667
1 0.22906494140625 0.8645833333333334 0.0233154296875 0.036783854166666664
0 0.2623291015625 0.14599609375 0.007720404443770423 0.010293872591693934
0 0.3311767578125 0.54296875 0.023986738753253745 0.03198231833767166
1 0.323486328125 0.5765787760416666 0.013671875 0.006673177083333333
1 0.317138671875 0.6442057291666666 0.024169921875 0.0283203125
0 0.3131103515625 0.8948567708333334 0.0067878119015907235 0.009050415868787631
1 0.41717529296875 0.22501627604166666 0.0186767578125 0.02587890625
0 0.422119140625 0.24104817708333334 0.011832637515676425 0.0157768500209019
0 0.415771484375 0.05224609375 0.006892379987057162 0.009189839982742901
0 0.4832763671875 0.2972005208333333 0.010725528631097991 0.014300704841464063
0 0.4111328125 0.9353841145833334 0.004943470881669132 0.006591294508892176
0 0.497314453125 0.8203125 0.006181146924400416 0.008241529232533887
0 0.64501953125 0.9947916666666666 0.011233122138991636 0.014977496185322181
0 0.7279052734375 0.4402669270833333 0.00961802519706656 0.012824033596088746
0 0.7623291015625 0.1640625 0.007816313766397576 0.010421751688530026
1 0.7303466796875 0.18977864583333334 0.007568359375 0.011393229166666666
0 0.7745361328125 0.5227864583333334 0.011842707847299794 0.01579027712973291
0 0.83642578125 0.5447591145833334 0.0110107151208787 0.014680953494504786
1 0.83367919921875 0.6693522135416666 0.0162353515625 0.02099609375
0 0.8021240234375 0.3634440104166667 0.007425247229367882 0.009900329639157324
0 0.8765869140625 0.3505859375 0.00537109375 0.007161458333333333
1 0.978759765625 0.65478515625 0.00537109375 0.0126953125
0 0.9332275390625 0.7888997395833334 0.005420801589642199 0.007227735452856265
0 0.9881591796875 0.8824869791666666 0.019067992372818976 0.025423989830425302
0 0.9810791015625 0.059244791666666664 0.009765625 0.013020833333333334
0 0.8575439453125 0.5856119791666666 0.0060050653692620415 0.00800675382568287
