0 0.214453125 0.14830729166666667 0.008304801416198992 0.011073068554931953
0 0.15265932041484714 0.4434958378820961 0.007401642227462202 0.009868856303282936
0 0.13212933456688603 0.7132903874269005 0.006000259442726308 0.00800034592363493
0 0.44502519448373407 0.594847654408298 0.005593743571902787 0.00745832476253705
0 0.5146415311173974 0.6221048444130127 0.005525106082036713 0.0073668081093822835
0 0.5134765625 0.7423177083333333 0.007186863083193051 0.009582484110924069
0 0.194921875 0.900390625 0.006385852626668687 0.008514470168891583
0 0.69833984375 0.742578125 0.005940197783494305 0.00792026371132574
0 0.65634765625 0.49374999999999997 0.00691086172381028 0.009214482298413559
0 0.85146484375 0.354296875 0.01243268004909348 0.016576906732124492
0 0.862890625 0.412109375 0.012408109511147458 0.01654414601486313
0 0.8947265625 0.18216145833333333 0.009814331661250675 0.013085775548334308
0 0.95517578125 0.24466145833333333 0.007706804553495594 0.010275739404660866
0 0.94052734375 0.018489583333333334 0.005991352207100675 0.007988469609467697
0 0.95732421875 0.012760416666666668 0.0071629378206612415 0.00955058376088154
0 0.8825111275964391 0.6485302299703264 0.010496319939421017 0.013995093252561505
1 0.0984375 0.35084635416666665 0.022851562500000006 0.015755208333333364
1 0.1876953125 0.6707682291666667 0.016992187500000006 0.025651041666666652
1 0.22783203125 0.6430989583333333 0.009374999999999994 0.015104166666666622
1 0.3225522471174004 0.6088672693920335 0.024362879979035634 0.025932477288609368
1 0.3102238016917293 0.3166398138202649 0.025489225295381335 0.0310486036519871
1 0.5075150177258404 0.8501838235294118 0.013643152573529438 0.016139268207282953
1 0.5419921875 0.7218749999999999 0.008984375000000044 0.010156249999999941
1 0.55908203125 0.7328776041666666 0.01953125 0.015494791666666638
1 0.6439453125000001 0.4993489583333333 0.006445312500000022 0.012760416666666607
1 0.9915055899784484 0.39546852550287354 0.01220703125 0.019924119971264382
1 0.7216124086638831 0.08637515222686153 0.010601513569937437 0.010737430410577592
