0 0.1644287109375 0.2936197916666667 0.00781631376639752 0.010421751688530026
1 0.04840087890625 0.39013671875 0.0106201171875 0.011393229166666666
0 0.0687255859375 0.6630859375 0.009826470604247128 0.013101960805662763
0 0.0621337890625 0.8146158854166666 0.011443400044197229 0.015257866725596259
0 0.0999755859375 0.919921875 0.012744514781384941 0.016992686375179922
0 0.0242919921875 0.9534505208333334 0.013992900274323341 0.01865720036576442
0 0.21240234375 0.9095052083333334 0.0068359375 0.009114583333333334
0 0.304443359375 0.6471354166666666 0.013745789316659374 0.018327719088879164
0 0.3714599609375 0.08447265625 0.009719740838571522 0.012959654451428632
0 0.330322265625 0.16959635416666666 0.00790729235385823 0.010543056471810974
0 0.4130859375 0.2794596354166667 0.009533996186409488 0.012711994915212651
0 0.4337158203125 0.3427734375 0.010610993072314834 0.014147990763086446
1 0.3690185546875 0.118408203125 0.020751953125 0.033365885416666664
1 0.3553466796875 0.3834635416666667 0.0087890625 0.011393229166666666
0 0.322509765625 0.5535481770833334 0.012515630486304996 0.01668750731507333
0 0.3975830078125 0.6357421875 0.010198534460061248 0.01359804594674833
1 0.50048828125 0.4772135416666667 0.03564453125 0.06380208333333333
0 0.5518798828125 0.96923828125 0.009633505691869493 0.012844674255825991
1 0.52410888671875 0.055501302083333336 0.0118408203125 0.0107421875
1 0.533935546875 0.022379557291666668 0.009033203125 0.00927734375
0 0.6981201171875 0.6775716145833334 0.014412570452290385 0.019216760603053846
0 0.80078125 0.9651692708333334 0.012376749859020153 0.016502333145360204
1 0.81640625 0.56298828125 0.01171875 0.019205729166666668
0 0.822509765625 0.18212890625 0.02163091448568033 0.02884121931424044
0 0.7957763671875 0.019694010416666668 0.00924194005407597 0.012322586738768035
1 0.8602294921875 0.5364583333333334 0.015380859375 0.024088541666666668
1 0.9307861328125 0.8544108072916666 0.013427734375 0.015787760416666668
0 0.935302734375 0.8719075520833334 0.01379772573334459 0.018396967644459455
1 0.97003173828125 0.8378092447916666 0.0150146484375 0.011555989583333334
1 0.93072509765625 0.16813151041666666 0.0147705078125 0.01953125
0 0.22021484375 0.9871093750000001 0.006608954810815859 0.008811939747754552
