0 0.1837158203125 0.0859375 0.007720404443770479 0.010293872591693934
0 0.0762939453125 0.033040364583333336 0.007873298582322802 0.01049773144309707
0 0.0543212890625 0.2802734375 0.00888685289218813 0.01184913718958421
0 0.0343017578125 0.310546875 0.0072300258276176005 0.009640034436823486
0 0.0855712890625 0.9705403645833334 0.020092343294492082 0.026789791059322887
0 0.1903076171875 0.65576171875 0.011601176143082759 0.015468234857443678
1 0.317138671875 0.13590494791666666 0.009033203125 0.010091145833333334
1 0.3319091796875 0.17610677083333334 0.017333984375 0.024088541666666668
0 0.2266845703125 0.7565104166666666 0.00537109375 0.007161458333333333
0 0.3916015625 0.20458984375 0.005179004745018645 0.00690533966002486
0 0.47998046875 0.6671549479166666 0.01036376234218317 0.013818349789577486
1 0.43194580078125 0.7879231770833334 0.0086669921875 0.010091145833333334
0 0.6630859375 0.10953776041666667 0.006123015724601721 0.008164020966135702
0 0.579833984375 0.17838541666666666 0.0069440735611951965 0.009258764748260337
1 0.6358642578125 0.6092122395833334 0.020263671875 0.033854166666666664
0 0.6455078125 0.9041341145833334 0.00795239134516712 0.010603188460222826
1 0.72052001953125 0.324951171875 0.0172119140625 0.01220703125
1 0.7198486328125 0.385986328125 0.0107421875 0.01611328125
0 0.7720947265625 0.9345703125 0.005904973936742053 0.007873298582322738
0 0.8189697265625 0.7600911458333334 0.010265525410951382 0.013687367214601842
1 0.6875 0.8373209635416666 0.013427734375 0.01123046875
0 0.8734130859375 0.7159830729166666 0.024492062898407108 0.03265608386454281
0 0.883544921875 0.6212565104166666 0.008390058729218497 0.01118674497229133
1 0.91534423828125 0.652587890625 0.0108642578125 0.010904947916666666
0 0.8734130859375 0.7169596354166666 0.023469267614678158 0.03129235681957088
