1 0.1722412109375 0.12410481770833333 0.0087890625 0.01025390625
1 0.1116943359375 0.7224934895833334 0.01171875 0.023111979166666668
1 0.11248779296875 0.7411295572916666 0.0098876953125 0.02001953125
1 0.13946533203125 0.8138020833333334 0.0101318359375 0.007486979166666667
0 0.2601318359375 0.04345703125 0.00732421875 0.009765625
0 0.25 0.4090169270833333 0.016538612846132783 0.022051483794843712
0 0.2705078125 0.6603190104166666 0.008082492850218226 0.010776657133624301
0 0.2899169921875 0.9352213541666666 0.008089864026260218 0.01078648536834681
0 0.3385009765625 0.9778645833333334 0.029261249498244046 0.03901499933099206
1 0.3148193359375 0.87353515625 0.009765625 0.013346354166666666
1 0.344970703125 0.938232421875 0.007568359375 0.013834635416666666
1 0.35919189453125 0.822509765625 0.0069580078125 0.00927734375
1 0.4774169921875 0.4453125 0.010498046875 0.022786458333333332
0 0.4554443359375 0.6751302083333334 0.0087890625 0.01171875
1 0.5833740234375 0.922119140625 0.010009765625 0.016764322916666668
0 0.7457275390625 0.12890625 0.017605230837226538 0.023473641116302013
0 0.7388916015625 0.5537109375 0.01277954328935782 0.017039391052477093
0 0.821044921875 0.78759765625 0.013588789111402155 0.01811838548186954
1 0.79156494140625 0.43310546875 0.0111083984375 0.009440104166666666
1 0.8927001953125 0.91162109375 0.01416015625 0.0185546875
1 0.88592529296875 0.4930826822916667 0.0089111328125 0.013509114583333334
0 0.9312744140625 0.3372395833333333 0.0098748771563264 0.013166502875102015
1 0.9080810546875 0.059326171875 0.023681640625 0.030110677083333332
0 0.8248046875 0.7520833333333333 0.005770815118239625 0.007694420157652833
