0 0.136328125 0.3358072916666666 0.011057171761498563 0.014742895681998084
0 0.4244140625 0.5372395833333333 0.009730405239907092 0.012973873653209456
0 0.24658203125 0.7428385416666666 0.00991679865217654 0.0132223982029022
0 0.23642578125 0.7770833333333332 0.01022363463148629 0.013631512841981793
0 0.06796875 0.80703125 0.007258165693774243 0.009677554258365658
0 0.7583984375 0.7264322916666667 0.008359740062122034 0.011146320082829378
0 0.826238893995098 0.8999597886029411 0.011620362375477367 0.01549381650063649
0 0.69345703125 0.40195312499999997 0.005111817315743172 0.006815756420990748
0 0.9883959990820074 0.17607290391676864 0.011876283610363858 0.015835044813818627
0 0.0038085937499999995 0.013020833333333334 0.011008766149251526 0.0146783548656687
0 0.88369140625 0.01015625 0.0075391636975072895 0.010052218263343165
1 0.444287109375 0.6842447916666666 0.015527343749999978 0.022916666666666547
1 0.330810546875 0.7467447916666666 0.00927734375 0.014322916666666666
1 0.205908203125 0.6033203125000001 0.02568359375000001 0.03164062500000001
1 0.5296875000000001 0.7963541666666667 0.017187500000000022 0.02500000000000006
1 0.238916015625 0.8658203125 0.014355468749999989 0.035807291666666664
1 0.26274414062499996 0.29615885416666665 0.010058593750000011 0.018359374999999994
1 0.57470703125 0.1125 0.015820312500000044 0.01901041666666668
1 0.4677734375 0.8949869791666667 0.017578125 0.020182291666666668
0 0.70361328125 0.8093750000000001 0.006726240374110404 0.008968320498813872
1 0.675341796875 0.9496744791666667 0.015722656250000022 0.024348958333333393
1 0.407568359375 0.9662760416666666 0.009667968750000033 0.013802083333333362
1 0.9500986338987765 0.9757658972932889 0.02357219827586199 0.021725528364849794
1 0.874951171875 0.15475260416666667 0.009082031250000067 0.020182291666666668
1 0.325927734375 0.06575520833333333 0.011621093749999978 0.016145833333333342
1 0.971533203125 0.187890625 0.016308593750000044 0.022656250000000006
