0 0.783984375 0.12773437499999998 0.022510983647224814 0.030014644862966493
0 0.8189453125 0.009114583333333334 0.007805172344800049 0.010406896459733325
0 0.41923828125 0.6179687500000001 0.009829866822001265 0.013106489096001686
0 0.54541015625 0.7580729166666668 0.009062584186031453 0.01208344558137527
0 0.6171875 0.6716145833333332 0.007607164880527595 0.010142886507370052
0 0.85576171875 0.873046875 0.008205449819375099 0.0109405997591668
0 0.28076171875 0.9184895833333333 0.008309393510227636 0.011079191346970182
0 0.05517578125 0.9278645833333333 0.007181553246425859 0.00957540432856785
0 0.0373046875 0.86953125 0.009697024677583196 0.01292936623677754
1 0.0802734375 0.8460286458333334 0.013085937500000006 0.007682291666666785
0 0.0087890625 0.48736979166666666 0.00952236073691318 0.012696480982550865
0 0.218359375 0.5766927083333333 0.006376885827076018 0.008502514436101283
0 0.2078125 0.2391927083333333 0.008452767581399345 0.011270356775199128
0 0.31474609375 0.19192708333333333 0.009154720035357777 0.012206293380476962
1 0.25087890625 0.12721354166666668 0.012890624999999989 0.018750000000000006
1 0.2126953125 0.04537760416666667 0.007617187499999983 0.015234375000000003
0 0.22568359375 0.9109375000000001 0.0073521602440307365 0.009802880325374316
0 0.35078125 0.7708333333333334 0.004898412579681488 0.006531216772908503
0 0.44951171875 0.7781250000000001 0.006067275221487756 0.008089700295317156
1 0.6637554585152838 0.7984414801673944 0.011514055676855928 0.03411572052401753
1 0.611474609375 0.3307942708333333 0.017871093749999956 0.030859374999999984
1 0.7018610970677452 0.1704636417256488 0.017576150151668357 0.021854988203572605
1 0.567919921875 0.023828125000000002 0.006152343750000067 0.016666666666666666
1 0.813427734375 0.05813802083333334 0.012597656249999978 0.03528645833333333
1 0.91533203125 0.6220052083333333 0.01171875 0.009114583333333334
1 0.925146484375 0.6848958333333334 0.013964843749999956 0.014062499999999941
0 0.9416015625 0.6746093750000001 0.006253051013118016 0.008337401350824022
1 0.9329427083333333 0.9532696759259259 0.01974826388888895 0.01504629629629628
1 0.9678819444444444 0.9137731481481483 0.01215277777777779 0.024884259259259373
