0 0.0673828125 0.2197265625 0.011241078548067718 0.014988104730756957
0 0.102783203125 0.6002604166666666 0.009059558259413791 0.012079411012551796
1 0.01312255859375 0.8910319010416666 0.0113525390625 0.012532552083333334
0 0.158935546875 0.9918619791666666 0.007425247229367937 0.009900329639157176
0 0.2794189453125 0.87841796875 0.012603427245254206 0.01680456966033894
1 0.3115234375 0.9644368489583334 0.010986328125 0.012858072916666666
0 0.298828125 0.6097005208333334 0.009059558259413847 0.012079411012551796
0 0.21533203125 0.2613932291666667 0.016233056845585236 0.02164407579411365
0 0.37548828125 0.8450520833333334 0.01178468592397186 0.015712914565295815
0 0.471435546875 0.3806966145833333 0.00924194005407597 0.01232258673876796
0 0.462890625 0.3990885416666667 0.007117861199762321 0.009490481599683095
1 0.4324951171875 0.2981770833333333 0.02490234375 0.0341796875
0 0.6029052734375 0.2718098958333333 0.014626040821045017 0.01950138776139343
1 0.5211181640625 0.98486328125 0.010498046875 0.0087890625
0 0.6055908203125 0.8771158854166666 0.006224389054678703 0.008299185406238271
0 0.728759765625 0.9161783854166666 0.006632362161721694 0.008843149548962259
1 0.72479248046875 0.718505859375 0.0084228515625 0.013509114583333334
0 0.6353759765625 0.5945638020833334 0.0072834149854377195 0.009711219980583477
0 0.68896484375 0.3707682291666667 0.008843149548962259 0.01179086606528316
0 0.7373046875 0.3307291666666667 0.01256790788694695 0.016757210515929377
0 0.7177734375 0.15494791666666666 0.009357308543328502 0.01247641139110467
0 0.68505859375 0.17447916666666666 0.007997236012773135 0.010662981350364031
1 0.86663818359375 0.13907877604166666 0.0128173828125 0.023600260416666668
0 0.8345947265625 0.2864583333333333 0.010509396118179248 0.014012528157572183
1 0.81390380859375 0.6038411458333334 0.0220947265625 0.024739583333333332
0 0.810791015625 0.65966796875 0.007572296103159681 0.01009639480421276
0 0.902587890625 0.9578450520833334 0.014329619717606601 0.019106159623475467
0 0.978515625 0.9244791666666666 0.012809823849946111 0.017079765133261482
0 0.9398193359375 0.8190104166666666 0.011601176143082759 0.015468234857443678
0 0.9471435546875 0.6673177083333334 0.00980521759180819 0.013073623455744254
1 0.925537109375 0.3934733072916667 0.011962890625 0.01220703125
