0 0.3614997566740823 0.13006349647756768 0.011267990892562918 0.01502398785675052
0 0.24619140625 0.2584635416666667 0.010128040751925138 0.013504054335900184
0 0.191796875 0.32200520833333335 0.016317655136097953 0.02175687351479727
0 0.10244140625 0.348828125 0.005160095630321465 0.006880127507095324
1 0.032080078124999994 0.39524739583333335 0.013574218749999999 0.011588541666666638
0 0.0224609375 0.75625 0.018363530114911264 0.024484706819881612
0 0.2458984375 0.7255208333333334 0.0073209628179652375 0.009761283757287131
0 0.34560546875 0.67734375 0.00500244081049428 0.00666992108065904
1 0.28629440197841727 0.8039662020383692 0.013699977517985629 0.015456384892086264
1 0.23681640625 0.8956380208333333 0.0107421875 0.037109375
1 0.21533203125 0.9032552083333334 0.008007812499999989 0.011197916666666696
1 0.48740234375 0.7227864583333333 0.01738281250000001 0.029947916666666668
0 0.4197265625 0.5188802083333334 0.010358930161075142 0.013811906881433522
0 0.71923828125 0.3588541666666667 0.014363106492851774 0.0191508086571357
0 0.8140625 0.04114583333333333 0.010885058432103634 0.01451341124280496
0 0.8408203125 0.18958333333333333 0.009578281121280563 0.0127710414950409
