0 0.20994726015406162 0.512765522875817 0.014121487109528486 0.01882864947937124
0 0.09423828125 0.29466145833333335 0.009492267875174099 0.012656357166898799
0 0.34716796875 0.6791666666666667 0.006129826104091851 0.008173101472122468
0 0.400390625 0.11302083333333333 0.006726240374110404 0.008968320498813872
0 0.55517578125 0.17356770833333335 0.007341775831723574 0.009789034442298025
1 0.377099609375 0.7988932291666666 0.02021484374999999 0.03138020833333336
1 0.24365234375 0.5304687499999999 0.017382812499999983 0.025781250000000016
0 0.3830078125 0.5041666666666667 0.007077215207810017 0.009436286943746689
0 0.22685546875 0.8184895833333333 0.005430249521272523 0.007240332695030105
1 0.027880859374999997 0.7559895833333333 0.01337890625 0.01718750000000006
0 0.56318359375 0.8234374999999999 0.00775368485987471 0.010338246479832947
0 0.48369140625 0.6848958333333334 0.00485146185483365 0.006468615806444866
1 0.406494140625 0.6565755208333334 0.005761718749999978 0.009244791666666696
1 0.665234375 0.7134114583333333 0.013281250000000022 0.015885416666666725
1 0.76982421875 0.8146484374999999 0.023242187500000067 0.022786458333333332
1 0.62177734375 0.3863281250000001 0.020117187500000022 0.032291666666666684
1 0.823974609375 0.31888020833333336 0.00830078125 0.010156250000000014
0 0.94375 0.48411458333333335 0.009671420627453076 0.01289522750327062
0 0.9939453125 0.018619791666666666 0.016089293223921164 0.021452390965228097
