0 0.3152013846389229 0.5434293400652794 0.01681260611662072 0.022416808155494294
0 0.4668281876252505 0.4821909443887775 0.007791375421700608 0.010388500562267478
0 0.4046875 0.5535156250000001 0.006310740008360738 0.00841432001114765
0 0.3419921875 0.3946614583333334 0.009181765057455493 0.012242353409940657
0 0.21845703125 0.41901041666666666 0.003515625000000022 0.004687500000000029
0 0.130078125 0.7153645833333333 0.006971315741240158 0.009295087654986803
0 0.101953125 0.7447916666666666 0.003585460888805847 0.004780614518407944
0 0.39345703125 0.8509114583333334 0.006376885827075962 0.008502514436101135
0 0.36298828125 0.7428385416666666 0.004138597675862665 0.005518130234483702
0 0.9444084545173268 0.668078331270627 0.02125517088584905 0.028340227847798733
0 0.08753501400560224 0.42632469654528476 0.010640236748717946 0.014186982331623929
0 0.3578125 0.9817708333333334 0.011530056361832353 0.015373408482443137
0 0.74296875 0.4649739583333334 0.0059498227389560565 0.00793309698527489
0 0.9037224264705882 0.2506127450980392 0.009305356953730026 0.012407142604973442
0 0.6898955123266565 0.10191961992809451 0.009018275751018212 0.012024367668024208
0 0.9943301465633423 0.3804083838724168 0.010126444607938545 0.01350192614391806
0 0.978141846361186 0.26441416778975735 0.007537599532132511 0.010050132709510162
1 0.045877481223175975 0.3562567060085837 0.020537151287553644 0.026265200286123003
1 0.21630859375 0.2197916666666667 0.013671875 0.013802083333333326
1 0.311083984375 0.3133463541666667 0.005957031250000022 0.008463541666666666
1 0.536083984375 0.928125 0.016699218750000022 0.014062500000000089
1 0.9446364182692306 0.7104683282726046 0.011268028846153855 0.01897773279352218
