0 0.19701522435897437 0.03187003968253965 0.009300595238095233 0.012400793650793654
0 0.363352793040293 0.07670367826617824 0.009161979506399964 0.012215972675200007
0 0.4152214972527472 0.22074366605616602 0.012657255904414355 0.016876341205885808
0 0.5715430402930404 0.21072764041514036 0.006112640042151396 0.008150186722868527
0 0.363352793040293 0.4554048382173382 0.009049558322368312 0.012066077763157749
0 0.3622796474358974 0.48926854395604397 0.008644578449515383 0.011526104599353845
0 0.5189589056776557 0.6275850885225885 0.015706915636518604 0.020942554182024804
0 0.5575921474358975 0.7291762057387056 0.01992958487463392 0.026572779832845228
0 0.04641712454212454 0.8240899725274725 0.015410842511259501 0.02054779001501276
0 0.21668956043956045 0.9800538003663003 0.006787168741776206 0.009049558322368275
0 0.3844579899267399 0.8908634768009768 0.006154365031938669 0.008205820042584891
0 0.5840630723443224 0.6671722374847374 0.007605129502013641 0.010140172669351522
0 0.6824347527472527 0.7253605769230768 0.008094171030065711 0.010792228040087615
0 0.7561240842490843 0.8159817612942613 0.008157161637900145 0.010876215517200194
0 0.8029847756410257 0.9585908882783882 0.009161979506399964 0.012215972675199952
0 0.6359317765567766 0.3805231227106227 0.011198257098857134 0.014931009465142845
0 0.7550509386446886 0.06334897741147738 0.00996479243731696 0.01328638991642265
1 0.508048592032967 0.22646710927960922 0.023966918498168566 0.027663308913308926
1 0.5338040865384616 0.2412526709401709 0.018243475274725363 0.012400793650793643
1 0.5733316163003663 0.40556318681318676 0.014308608058608119 0.010016025641025625
1 0.5829899267399268 0.8939636752136751 0.025755494505494525 0.031001984126984034
1 0.6860119047619048 0.9185267857142856 0.012162316849816834 0.015262515262515356
1 0.6463055173992673 0.3948317307692308 0.022178342490842495 0.024801587301587286
1 0.684581043956044 0.12058340964590962 0.018601190476190466 0.03911019536019537
1 0.6010545444139195 0.023046398046398017 0.017528044871794823 0.03290979853479853
