1 0.14630126953125 0.022786458333333332 0.0093994140625 0.0244140625
1 0.1849365234375 0.12312825520833333 0.00927734375 0.008951822916666666
1 0.0640869140625 0.18570963541666666 0.009521484375 0.007161458333333333
0 0.02490234375 0.3693033854166667 0.010372385637816409 0.013829847517088526
0 0.0087890625 0.4070638020833333 0.00746926686561443 0.009959022487485925
0 0.1566162109375 0.5123697916666666 0.02483163406224842 0.033108845416331224
0 0.047607421875 0.55322265625 0.01120123998726022 0.014934986649680257
0 0.07958984375 0.6844075520833334 0.00808986402626019 0.01078648536834681
0 0.0867919921875 0.6640625 0.007117861199762321 0.009490481599683168
1 0.05322265625 0.627685546875 0.02392578125 0.02685546875
1 0.081298828125 0.6394856770833334 0.01025390625 0.0166015625
1 0.0233154296875 0.680419921875 0.02001953125 0.02783203125
1 0.27313232421875 0.4409993489583333 0.0145263671875 0.03369140625
0 0.192138671875 0.7451171875 0.005567262817866903 0.0074230170904892034
0 0.2098388671875 0.7906901041666666 0.009046390289867645 0.012061853719823526
0 0.2742919921875 0.9088541666666666 0.005508063560878185 0.00734408474783758
0 0.3140869140625 0.7049153645833334 0.004715138651325224 0.00628685153510015
0 0.1993408203125 0.2918294270833333 0.012121280846978943 0.016161707795971925
0 0.20263671875 0.3079427083333333 0.0052191304507890335 0.006958840601052045
0 0.3369140625 0.7692057291666666 0.010543370547699826 0.014057827396933101
0 0.4139404296875 0.9658203125 0.005904973936742053 0.007873298582322738
0 0.4024658203125 0.54638671875 0.024046302396960373 0.032061736529280495
0 0.4066162109375 0.59814453125 0.012470305458127107 0.016627073944169474
0 0.3466796875 0.4104817708333333 0.016617711010978198 0.022156948014637596
1 0.385498046875 0.7195638020833334 0.01025390625 0.010416666666666666
1 0.4713134765625 0.21126302083333334 0.01611328125 0.027669270833333332
1 0.5572509765625 0.22599283854166666 0.00927734375 0.010579427083333334
0 0.5762939453125 0.6062825520833334 0.01792896676536837 0.02390528902049116
0 0.5826416015625 0.89013671875 0.011134525635733805 0.014846034180978407
0 0.617431640625 0.7150065104166666 0.005746387839814293 0.007661850453085724
1 0.63189697265625 0.645751953125 0.0074462890625 0.012858072916666666
1 0.673583984375 0.6100260416666666 0.0166015625 0.040690104166666664
0 0.641357421875 0.038899739583333336 0.01012815845346271 0.013504211271283558
0 0.754150390625 0.47314453125 0.005097805912553932 0.006797074550071909
1 0.89923095703125 0.17805989583333334 0.0225830078125 0.028645833333333332
1 0.89166259765625 0.3799641927083333 0.0128173828125 0.01220703125
0 0.817626953125 0.5104166666666666 0.007520957910522208 0.01002794388069613
0 0.8497314453125 0.8492838541666666 0.00943343705388755 0.012577916071850067
0 0.86865234375 0.8701171875 0.008429041260562542 0.011238721680750055
0 0.96826171875 0.04931640625 0.015527420523591573 0.020703227364788857
0 0.9656982421875 0.06429036458333333 0.011842707847299794 0.01579027712973295
