0 0.23263253162450068 0.3926778184642699 0.015872788906111768 0.021163718541482357
0 0.28154296875 0.16184895833333332 0.015291858696143246 0.020389144928190956
0 0.1103515625 0.17395833333333333 0.012310886335405835 0.016414515113874446
0 0.75126953125 0.36627604166666666 0.008832358636402304 0.011776478181869887
0 0.4861328125 0.05885416666666667 0.006734742050611975 0.008979656067482633
0 0.0052734375 0.007942708333333333 0.007292247930700966 0.009722997240934622
0 0.816796875 0.9285156250000001 0.00775368485987471 0.010338246479832947
0 0.549609375 0.9571614583333333 0.005592898852842421 0.007457198470456561
0 0.14423828125 0.9846354166666668 0.005126720604846258 0.00683562747312827
0 0.86298828125 0.17239583333333333 0.009697024677583155 0.012929366236777448
0 0.408984375 0.013411458333333334 0.018876728307151924 0.025168971076202584
0 0.07099609375 0.663671875 0.004323426488511445 0.00576456865134863
0 0.4048828125 0.6359374999999999 0.00628954772972834 0.008386063639637786
1 0.529052734375 0.5592447916666666 0.01962890624999991 0.04218749999999997
1 0.45039062500000004 0.3338541666666666 0.02324218750000001 0.030468750000000044
1 0.48896484375000004 0.3869140625 0.009570312500000011 0.014713541666666682
1 0.221337890625 0.19212239583333335 0.007128906250000011 0.010026041666666688
1 0.09355468750000001 0.18619791666666666 0.016796875000000003 0.022916666666666696
1 0.363525390625 0.33209635416666666 0.006933593750000022 0.011848958333333362
1 0.1443359375 0.7091796874999999 0.023828125000000006 0.020442708333333393
1 0.125732421875 0.7231770833333333 0.01123046875 0.010677083333333393
1 0.2894297367384454 0.7088284532563026 0.0064625459558823595 0.00943736869747891
1 0.654052734375 0.5688151041666667 0.009863281249999911 0.010807291666666682
1 0.55537109375 0.7565755208333332 0.007617187500000067 0.02226562500000003
1 0.7634765625 0.5066406250000001 0.022265625000000067 0.03359375000000001
1 0.07177734375 0.9731770833333334 0.022656249999999996 0.021614583333333364
0 0.9824870449949443 0.31015124705089314 0.0081185243898092 0.010824699186412342
