0 0.6597912611234705 0.5681949851687059 0.023977937226244528 0.03197058296832589
0 0.430078125 0.5067708333333333 0.009853123637210581 0.013137498182947441
0 0.27138671875 0.5393229166666667 0.01841849689393882 0.02455799585858509
0 0.2842318272005772 0.5845283189033189 0.005181495848792017 0.006908661131722689
0 0.12736430921052633 0.7743969298245613 0.020404433841775413 0.027205911789033976
0 0.06873258359872611 0.8966378052016984 0.006346714049650731 0.008462285399534272
0 0.08563063959660297 0.8906941127034678 0.006676802260858178 0.008902403014477459
0 0.5442636790293041 0.7650335775335776 0.010168176513530192 0.013557568684706922
0 0.6467536477481617 0.8401214001225489 0.01108351694654286 0.01477802259539048
0 0.5649264806222707 0.3617602574599709 0.006183474344978235 0.00824463245997098
0 0.49712148608078605 0.3634660434861718 0.005117358078602585 0.006823144104803447
0 0.6924582463465553 0.15440153096729298 0.007940673152951438 0.010587564203935251
0 0.6401642419102296 0.12789774704244955 0.005209800829846012 0.006946401106461238
0 0.11763989420935414 0.1314872169636229 0.006322401279644285 0.008429868372859048
1 0.187939453125 0.09375 0.004589843750000017 0.010937500000000008
1 0.215380859375 0.03138020833333333 0.00830078125 0.010416666666666666
1 0.2365656118972746 0.02429463661774982 0.011669614779874188 0.03603249475890985
1 0.2669921875 0.3534505208333334 0.005468749999999967 0.007421874999999985
1 0.29296875 0.47743237920168063 0.0073857668067227045 0.010121235994397773
1 0.5609587030271398 0.18657576548364652 0.00998988778705634 0.022562195546276993
1 0.6549316406250001 0.13164062499999998 0.006933593750000022 0.013020833333333334
1 0.552783203125 0.6707682291666667 0.007519531249999933 0.015234374999999986
1 0.30187049278846156 0.7737192007211537 0.009624774639423073 0.010642027243589721
1 0.76728515625 0.9045572916666668 0.014843749999999933 0.018489583333333243
1 0.9861179786392404 0.3078026107594936 0.013721321202531667 0.024558280590717296
