0 0.5236328125 0.3803385416666667 0.008602623259978515 0.01147016434663802
0 0.55869140625 0.1640625 0.005953027599268745 0.007937370132358457
0 0.46982421875 0.27291666666666664 0.00610175755930209 0.008135676745736046
0 0.37802734375 0.33489583333333334 0.005940197783494416 0.007920263711325851
0 0.25009765625 0.2916666666666667 0.008560393359691831 0.011413857812922442
0 0.13603515625 0.7895833333333333 0.008434696438159861 0.011246261917546482
0 0.1421875 0.8337239583333332 0.023025347467010515 0.03070046328934743
0 0.4837890625 0.6627604166666666 0.005402076830445135 0.00720276910726018
0 0.43349609375 0.5065104166666666 0.006337883101401598 0.008450510801868797
0 0.765234375 0.15260416666666668 0.007909553410670567 0.010546071214227348
0 0.6986328125 0.25169270833333335 0.005066844441825369 0.006755792589100566
0 0.75341796875 0.6990885416666667 0.004990989194992412 0.006654652259989883
0 0.59609375 0.8821614583333334 0.0054722366117663235 0.007296315482355098
1 0.7619140625 0.7578125 0.012500000000000067 0.014843750000000119
1 0.50810546875 0.6020833333333333 0.03476562500000002 0.030989583333333348
1 0.725537109375 0.5209635416666667 0.02197265625 0.024739583333333332
1 0.6722167968749999 0.5572265625 0.004785156249999978 0.009765625
1 0.10146484375 0.6640625 0.012304687500000008 0.018229166666666668
1 0.1482421875 0.3401692708333333 0.011523437499999983 0.010807291666666607
1 0.1748046875 0.2927734375 0.0087890625 0.01315104166666666
1 0.317578125 0.09986979166666667 0.011328125000000022 0.01510416666666666
1 0.9681640625 0.8458333333333333 0.021484375 0.015625
1 0.19912109374999998 0.9195963541666666 0.014257812499999994 0.013932291666666726
