0 0.6277863033234128 0.22834511408730163 0.0190676379590502 0.02542351727873367
0 0.188671875 0.22434895833333335 0.0054020768304450795 0.007202769107260106
0 0.44892578125 0.16796875 0.004630183434035096 0.006173577912046775
0 0.47763671875 0.11458333333333333 0.0035907766232129434 0.004787702164283925
0 0.7710254073756432 0.03305460263007432 0.01505695557343767 0.02007594076458359
0 0.8202841115552326 0.2613478076550388 0.0058455385520683745 0.007794051402757685
0 0.39072265625 0.4799479166666667 0.0023518739411703127 0.003135831921560417
0 0.5041082974137931 0.5697737068965517 0.007354636876293563 0.00980618250172475
0 0.037990111631753046 0.8286073594266813 0.008376106988516707 0.011168142651355536
0 0.23091634114583334 0.8656141493055557 0.008239118136114998 0.010985490848153331
0 0.38284706858407075 0.7331420538348081 0.007152648540016182 0.009536864720021576
0 0.4781267284292035 0.718738477138643 0.008866100546478628 0.011821467395304985
0 0.5846183736910995 0.7123554755671901 0.008463343298658055 0.011284457731544073
0 0.6434166393979058 0.712696335078534 0.006666396438566258 0.00888852858475501
0 0.8126659711684371 0.7614915275670208 0.0067193332990054255 0.008959111065340567
0 0.8990575396825397 0.8603050595238094 0.022529826782224482 0.030039769042965975
1 0.4107807957848837 0.7808563468992249 0.016465297965116255 0.02649588178294578
1 0.5263217659883721 0.7293786337209301 0.013626453488372103 0.028009932170542633
1 0.5532907885174418 0.9012233527131782 0.021007449127906974 0.028009932170542633
0 0.3088823696862348 0.9930256831983805 0.00858279563594877 0.01144372751459836
