0 0.020303914835164832 0.46637477106227104 0.009161979506400048 0.012215972675200101
0 0.021377060439560436 0.6628796550671551 0.009300595238095212 0.012400793650793643
0 0.19343807234432234 0.575597145909646 0.01190713497102025 0.015876179961360332
0 0.3919700091575091 0.6089838980463981 0.008157161637900257 0.010876215517200341
0 0.49356112637362637 0.589905753968254 0.005159042003582859 0.0068787226714438114
0 0.43954613095238093 0.7034207112332113 0.005208411951465486 0.006944549268620648
0 0.5665350274725275 0.6695570054945055 0.008703586495962368 0.011604781994616417
0 0.2048849587912088 0.7916571275946276 0.007738563005374288 0.010318084007165792
0 0.34224759615384615 0.9371279761904762 0.00996479243731685 0.013286389916422317
0 0.16303228021978022 0.8951560592185591 0.006595942405915767 0.008794589874554504
0 0.9153073489010989 0.9476209554334553 0.008157161637900368 0.01087621551720049
0 0.8376831501831502 0.5045310592185592 0.010243404492385144 0.013657872656513673
0 0.9188845009157509 0.5612885378510378 0.007902187083038026 0.010536249444050702
0 0.6405820741758242 0.028054410866910837 0.010243404492385144 0.013657872656513572
0 0.8187242445054945 0.0643028846153846 0.018463095095816007 0.02461746012775473
1 0.33598758012820507 0.1654170482295482 0.014666323260073277 0.02384768009768007
1 0.5545515682234432 0.10651327838827836 0.020389766483516536 0.020509004884004867
1 0.541673820970696 0.14443108974358973 0.009658310439560447 0.015262515262515264
1 0.41146548763736257 0.8200358669108668 0.01752804487179488 0.02814026251526247
1 0.7135559752747254 0.8126430860805861 0.01788576007326015 0.011446886446886406
1 0.9187056433150182 0.5968215811965812 0.013235462454212477 0.03386370573870575
1 0.764351533882784 0.5481723137973138 0.01359317765567758 0.014785561660561589
1 0.9662817651098902 0.34785180097680096 0.023251488095238138 0.031955891330891384
1 0.6808250343406594 0.29753319597069594 0.020389766483516536 0.03147893772893773
1 0.5919328067765568 0.2443528693528693 0.02432463369963367 0.023370726495726506
1 0.79296875 0.0900583791208791 0.02074748168498164 0.025755494505494508
