0 0.47119140625 0.6533854166666667 0.011920464468489933 0.015893952624653245
0 0.58056640625 0.7414062499999999 0.005066844441825369 0.0067557925891004915
0 0.21220703125 0.69140625 0.009062584186031342 0.012083445581374974
0 0.2007114310477658 0.5268522085259374 0.014693946956536141 0.01959192927538152
0 0.1992067122496148 0.6099126861838726 0.009348652113232492 0.012464869484309915
0 0.12705078125 0.7868489583333332 0.00788298284008232 0.0105106437867765
1 0.0220703125 0.4298828125 0.0140625 0.01653645833333332
1 0.121875 0.24433593749999996 0.008593749999999983 0.01419270833333334
0 0.0783203125 0.5285156249999999 0.005240784322265185 0.0069877124296868764
1 0.104150390625 0.9658203125 0.006152343749999997 0.007942708333333215
0 0.1615234375 0.48854166666666665 0.004768185787395962 0.0063575810498613565
0 0.23759765625 0.37005208333333334 0.004609540516096078 0.006146054021461437
0 0.250390625 0.134375 0.019512686490640724 0.0260169153208543
0 0.2796875 0.08046874999999999 0.018096733413903943 0.024128977885205304
1 0.263818359375 0.12591145833333334 0.011816406249999967 0.016927083333333332
0 0.275 0.566015625 0.00699316944920636 0.009324225932275146
1 0.2607421875 0.8697916666666666 0.011132812499999978 0.014843750000000119
1 0.277197265625 0.8860026041666668 0.01220703125 0.013411458333333423
0 0.3453125 0.503515625 0.006905339660024934 0.009207119546699763
0 0.4064453125 0.37786458333333334 0.02209881317956497 0.02946508423941996
1 0.43193359375 0.5580729166666667 0.021093750000000022 0.025781250000000016
0 0.50595703125 0.17330729166666667 0.012708826941404183 0.016945102588538857
1 0.55078125 0.30624999999999997 0.007031250000000044 0.013281250000000022
1 0.5956054687500001 0.11751302083333333 0.025000000000000022 0.028776041666666658
0 0.6535760553589484 0.23063068756319516 0.010058164479782805 0.013410885973043888
0 0.6744140625 0.447265625 0.009492267875174099 0.012656357166898799
0 0.7263671875 0.41367187499999997 0.007972004543733924 0.010629339391645084
0 0.7341796875 0.434375 0.008359740062122256 0.011146320082829675
1 0.418017578125 0.944921875 0.011816406250000022 0.01588541666666658
1 0.621435546875 0.783203125 0.019824218749999956 0.026562500000000117
0 0.709765625 0.861328125 0.007969611626212236 0.010626148834949648
1 0.789453125 0.7548177083333334 0.006054687500000044 0.011979166666666577
0 0.87265625 0.28763020833333336 0.0198335973043533 0.026444796405804476
