0 0.27390958234597157 0.5029374012638231 0.01844347864074647 0.024591304854328627
0 0.3889856864508393 0.45206959432454036 0.00942587108321058 0.01256782811094744
0 0.36937657298657717 0.16110878076062643 0.00975660343221918 0.013008804576292258
0 0.5024322991391679 0.20810542204686755 0.013912517471424801 0.018550023295233142
0 0.6289548179396093 0.11168775902901128 0.01818900800527068 0.02425201067369424
0 0.8351632099109131 0.17701663418708244 0.0057420912715948624 0.00765612169545989
0 0.9207589285714286 0.28950822663971243 0.009570659410113036 0.0127608792134839
0 0.9552413241239892 0.31776097821203947 0.01227879020983269 0.016371720279776847
0 0.9036089992927864 0.6303925035360679 0.016469079916006102 0.02195877322134147
0 0.8578887464639321 0.6355492692126355 0.010443035145993207 0.013924046861324127
0 0.7016284995088409 0.7201109201047807 0.024371384620887282 0.03249517949451638
0 0.5761207014192139 0.889283114992722 0.010763023219265033 0.014350697625686712
0 0.722261355874317 0.04693903688524592 0.020873470815838457 0.027831294421117907
1 0.15741192853009262 0.8618405189043209 0.012433087384259245 0.025619695216049454
1 0.2673935777559055 0.4349676017060367 0.02153051181102361 0.013328412073490817
1 0.28152297613188976 0.4013902559055118 0.008650652066929165 0.015378937007874072
1 0.25911783042394015 0.21799018079800495 0.017534289276808 0.035393287614297574
