0 0.57763671875 0.5759114583333333 0.011602614640843001 0.015470152854457334
0 0.4734375 0.5959635416666667 0.0060325957857345625 0.008043461047646083
0 0.47255859375 0.7329427083333333 0.007952841043555758 0.010603788058074196
0 0.33974609375 0.6667968750000001 0.009030959391950644 0.012041279189267525
0 0.32578125 0.6200520833333333 0.006129826104091851 0.008173101472122468
0 0.37666015625 0.8884114583333332 0.02039122365021595 0.027188298200287935
0 0.43515625 0.88671875 0.017121900737455564 0.022829200983274234
0 0.76142578125 0.8114583333333334 0.009303519815480055 0.01240469308730674
0 0.84658203125 0.798828125 0.008074229143982148 0.010765638858642864
0 0.888671875 0.6290364583333333 0.017578125 0.0234375
0 0.78515625 0.30312500000000003 0.007873298582322885 0.01049773144309718
0 0.68662109375 0.17070312499999998 0.009945607075370289 0.013260809433826995
0 0.49599609375 0.12903645833333333 0.0055035167201583635 0.007338022293544484
0 0.2279296875 0.11927083333333333 0.0096081045908194 0.01281080612109257
0 0.101953125 0.7139322916666666 0.006720566614877049 0.00896075548650277
0 0.087109375 0.27682291666666664 0.00951234036084836 0.012683120481131146
1 0.1513932678041543 0.888758809347181 0.0341941765578635 0.055444794757665804
1 0.805322265625 0.5235026041666666 0.010449218750000044 0.019921875000000016
1 0.794384765625 0.7140624999999999 0.009082031250000067 0.009114583333333334
1 0.854736328125 0.834375 0.006738281250000089 0.013020833333333334
1 0.6058105468749999 0.10117187500000001 0.022558593750000022 0.024218749999999994
1 0.9830078124999999 0.26015625000000003 0.026953125000000022 0.029166666666666674
0 0.971875 0.6678385416666667 0.010105416656466026 0.013473888875288035
