0 0.46240234375 0.4936197916666667 0.011194320219458653 0.014925760292611537
0 0.29345703125 0.45221354166666666 0.008728087098243797 0.011637449464325064
0 0.625390625 0.23020833333333335 0.010490663282809232 0.013987551043745642
0 0.4419921875 0.6841145833333333 0.008701823988259916 0.011602431984346554
0 0.534375 0.7498697916666667 0.007704329266920329 0.01027243902256044
0 0.65107421875 0.8649739583333332 0.006289547729728229 0.008386063639637639
0 0.57822265625 0.9053385416666666 0.007424444456542334 0.00989925927538978
0 0.226953125 0.5778645833333333 0.005255321893388176 0.007007095857850902
0 0.2837890625 0.5244791666666667 0.0035210461674453075 0.00469472822326041
0 0.9103515625 0.07942708333333333 0.005531172757228919 0.007374897009638652
0 0.9888671875 0.10494791666666665 0.008288709052313603 0.011051612069751507
0 0.9982421875 0.12786458333333334 0.004609540516096189 0.006146054021461622
0 0.460546875 0.9365885416666666 0.011430371006562301 0.015240494675416253
0 0.06953125 0.045703125000000004 0.005200596467068108 0.006934128622757478
1 0.648095703125 0.419140625 0.025097656250000044 0.019270833333333348
1 0.5482421875000001 0.5244140625 0.013281250000000022 0.006640625000000029
1 0.16318359375000002 0.4471354166666666 0.024023437499999994 0.015364583333333348
0 0.21689453125 0.3790364583333334 0.0046301834340349846 0.006173577912046646
1 0.35917968749999996 0.1923828125 0.009570312500000011 0.013671875
1 0.090234375 0.04088541666666667 0.02402343750000001 0.029947916666666668
1 0.617041015625 0.044596354166666664 0.024707031249999956 0.022786458333333332
1 0.29931640625 0.6024088541666667 0.012109374999999978 0.008463541666666666
1 0.40078125 0.8545572916666666 0.015429687500000011 0.019010416666666696
1 0.869775390625 0.5412109374999999 0.012988281249999956 0.014453124999999956
1 0.90458984375 0.5598307291666668 0.011328125000000022 0.007421874999999985
1 0.9470703125 0.46875 0.017968749999999978 0.02656249999999997
1 0.97412109375 0.53359375 0.02207031249999991 0.03984375000000003
1 0.454931640625 0.9796874999999999 0.008496093749999989 0.016927083333333332
