0 0.45263671875 0.03606770833333333 0.011594392249731134 0.015459189666308151
0 0.5478515625 0.176171875 0.02170430752942898 0.02893907670590538
0 0.50244140625 0.296875 0.0090309593919507 0.012041279189267673
0 0.43505859375 0.42578125 0.0061173670950647185 0.008156489460086291
0 0.4193359375 0.455859375 0.010953183510007736 0.014604244680010314
0 0.4859375 0.48463541666666665 0.006779904280355464 0.009039872373807286
0 0.62216796875 0.5294270833333333 0.01189002441814413 0.01585336589085884
0 0.2146484375 0.509765625 0.01635968093075929 0.02181290790767913
0 0.2083984375 0.29973958333333334 0.008179840465379618 0.01090645395383949
0 0.0822265625 0.7993489583333333 0.011804697840829437 0.01573959712110599
0 0.09765625 0.9868489583333333 0.01929545161754445 0.025727268823392713
0 0.37177734375 0.866796875 0.008580422904878371 0.011440563873171309
0 0.5408203125 0.9333333333333332 0.010082741796203498 0.013443655728271331
0 0.521484375 0.9859375 0.02422189999676161 0.032295866662348814
1 0.7713378906249999 0.9117838541666666 0.006738281249999978 0.011588541666666785
1 0.137255859375 0.13496093750000002 0.009472656250000017 0.010286458333333323
1 0.0353515625 0.2942708333333333 0.013281250000000001 0.03046874999999997
1 0.63955078125 0.07701822916666667 0.0166015625 0.020182291666666675
1 0.753662109375 0.14628906249999998 0.008105468749999956 0.012369791666666666
1 0.36767578125 0.5940755208333334 0.010546874999999956 0.012630208333333393
1 0.70439453125 0.5447916666666667 0.009960937499999933 0.012760416666666682
1 0.66630859375 0.43548177083333334 0.008593750000000067 0.00898437499999997
1 0.9025390625 0.6225911458333333 0.03183593750000002 0.035807291666666664
1 0.124609375 0.8729166666666667 0.01816406250000001 0.03125
