0 0.3781273722165992 0.24459134615384615 0.012731877995401542 0.016975837327202054
0 0.38642578125 0.48723958333333334 0.01352741763353349 0.01803655684471132
0 0.53798828125 0.4791666666666667 0.016144914498384955 0.021526552664513126
0 0.8091796875 0.6218750000000001 0.01049066328280901 0.013987551043745494
0 0.07568359375 0.310546875 0.01730803790929325 0.023077383879057667
0 0.1244140625 0.3053385416666667 0.005002440810494405 0.006669921080659187
0 0.4087890625 0.018359375 0.018193440623979873 0.02425792083197312
0 0.03759765625 0.701171875 0.017969811449627227 0.023959748599502895
0 0.34560546875 0.7466145833333333 0.010080849922315616 0.013441133229754302
0 0.86376953125 0.36497395833333335 0.008580422904878482 0.011440563873171161
0 0.20791015625 0.005078124999999999 0.023636040585317597 0.03151472078042347
0 0.3318359375 0.8401041666666668 0.007812499999999889 0.010416666666666371
0 0.38779296875 0.9209635416666666 0.016463117588192633 0.02195082345092351
1 0.93232421875 0.0255859375 0.009960937499999933 0.012109375
1 0.850634765625 0.2079427083333333 0.017480468749999978 0.016927083333333332
1 0.88681640625 0.1859375 0.033007812499999956 0.03177083333333334
1 0.5470703125 0.24661458333333333 0.015039062499999978 0.016927083333333332
1 0.49570312499999997 0.05677083333333333 0.012109374999999978 0.0375
1 0.08330078125 0.19713541666666667 0.022851562500000006 0.027083333333333348
1 0.19960937499999998 0.7798177083333333 0.022070312499999994 0.0234375
1 0.24599609374999998 0.6317708333333333 0.023437499999999972 0.029947916666666668
1 0.54208984375 0.4527994791666667 0.021484375 0.029557291666666725
