0 0.03416393649193548 0.08601100470430105 0.012916787004517968 0.017222382672690634
0 0.08653603830645161 0.22146967405913975 0.016706466919415075 0.022275289225886768
0 0.24916519657258066 0.1259135584677419 0.009613277797169195 0.012817703729558927
0 0.5338646673387096 0.1631909442204301 0.009613277797169362 0.012817703729559001
0 0.2814547631048387 0.48923681115591394 0.009867978268445765 0.013157304357927687
0 0.5110257056451613 0.43830855174731176 0.014478937996826424 0.01930525066243523
0 0.21451297883064516 0.5648416498655914 0.008482177430592486 0.011309569907456574
0 0.5637915826612903 0.5984438004032258 0.007260855954899448 0.009681141273199115
0 0.15505292338709678 0.7102759576612904 0.010595407043121285 0.014127209390828455
0 0.255859375 0.7402028729838709 0.008518660082528884 0.011358213443371845
0 0.34918409778225806 0.7564789146505375 0.010566097423921672 0.01408812989856223
0 0.73193359375 0.4498592909946236 0.007471359139132661 0.009961812185510214
0 0.9370904737903225 0.5181136592741935 0.0056791067216859226 0.007572142295581378
0 0.7606791834677419 0.29812457997311825 0.008108327668998161 0.01081110355866414
0 0.6539661038306451 0.1983681955645161 0.013549529465477939 0.01806603928730392
0 0.9390593497983871 0.19521799395161288 0.011025705645161255 0.01470094086021508
1 0.011324974798387094 0.6929498487903225 0.007875504032258064 0.016801075268817318
1 0.30960969002016125 0.03508274529569889 0.012994581653225812 0.013650873655913979
1 0.5866305443548387 0.4390961021505375 0.018901209677419373 0.03832745295698925
1 0.46652910786290325 0.494224630376344 0.01338835685483869 0.015225974462365585
1 0.4430994833669355 0.8160702284946236 0.016932333669354815 0.0278267809139785
1 0.8266365297379032 0.9630796370967741 0.02165763608870963 0.034127184139784994
1 0.8567603326612903 0.892725134408602 0.021263860887096864 0.029926915322580516
1 0.7675702494959677 0.8163327452956989 0.007481728830645129 0.022051411290322658
1 0.628173828125 0.1471774193548387 0.035045992943548376 0.043577788978494625
