0 0.480859375 0.27981770833333336 0.00628954772972834 0.008386063639637786
0 0.53876953125 0.3 0.006465994280174581 0.008621325706899515
0 0.81015625 0.18372395833333333 0.00872152873506482 0.011628704980086502
0 0.71884765625 0.23684895833333333 0.005687585851000376 0.007583447801333983
0 0.18271484375 0.4322916666666667 0.008587089037883022 0.011449452050510622
0 0.15546875 0.46979166666666666 0.004929464634423453 0.006572619512564604
0 0.10146484375 0.4095052083333333 0.005093126879064602 0.006790835838752803
0 0.0890625 0.7803385416666666 0.007462880146305667 0.009950506861740926
0 0.54443359375 0.8582031250000001 0.02359969916717697 0.03146626555623596
0 0.6646484375 0.8791666666666668 0.008960991989808376 0.0119479893197445
0 0.48935546875 0.9934895833333334 0.014783233961067288 0.01971097861475653
0 0.38798828125 0.6457031249999999 0.005744312956973641 0.007659083942631521
0 0.69208984375 0.4244791666666667 0.005137869702330544 0.006850492936440726
1 0.598095703125 0.6277343750000001 0.010644531249999978 0.016927083333333332
1 0.39326171875 0.8466796875 0.013085937499999978 0.015755208333333215
1 0.39638671875 0.8604817708333333 0.01582031249999999 0.010026041666666726
1 0.6143554687499999 0.8533854166666667 0.017968749999999978 0.03515625
1 0.645361328125 0.9320963541666666 0.00732421875 0.015755208333333364
1 0.965087890625 0.8682291666666666 0.013378906250000044 0.031770833333333304
1 0.87021484375 0.4867838541666667 0.008007812500000044 0.01184895833333329
1 0.7874511718749999 0.25104166666666666 0.009667968749999978 0.016145833333333342
1 0.07490234375 0.6243489583333334 0.0072265625000000056 0.013541666666666638
1 0.011181640625000001 0.31341145833333334 0.01103515625 0.009895833333333326
