0 0.54658203125 0.3009114583333333 0.014938533731228887 0.019918044974971776
0 0.49052734375 0.11679687500000001 0.014575338442816888 0.019433784590422554
0 0.76650390625 0.3768229166666666 0.007437278423695126 0.009916371231593649
0 0.07314453125 0.736328125 0.014369744708528392 0.0191596596113713
0 0.360546875 0.5557291666666667 0.008710587156631977 0.011614116208842637
0 0.32998046875 0.5557291666666667 0.007979178990553004 0.01063890532073719
0 0.2203125 0.6276041666666666 0.005363097741307055 0.0071507969884094065
0 0.43681640625 0.7627604166666666 0.006468943422530904 0.008625257896707872
0 0.60537109375 0.7873697916666668 0.004138597675862776 0.005518130234483702
0 0.3630859375 0.9475260416666668 0.010253441209692626 0.013671254946256836
0 0.62978515625 0.8516927083333333 0.007258165693774243 0.009677554258365658
0 0.19033203125 0.8727864583333332 0.0048317644050207 0.0064423525400275254
0 0.162890625 0.59609375 0.004287987968769502 0.0057173172916926696
0 0.984765625 0.8036458333333334 0.009578281121280563 0.01277104149504075
0 0.05439453125 0.19999999999999998 0.004026470337517241 0.005368627116689654
1 0.4244140625 0.20527343749999996 0.02558593749999999 0.04179687499999999
1 0.05908203125 0.6054036458333334 0.015234374999999994 0.025651041666666652
1 0.1306640625 0.8235677083333334 0.016601562500000014 0.020052083333333453
1 0.583251953125 0.8138671875 0.012597656250000089 0.014192708333333304
1 0.66376953125 0.8260416666666667 0.019726562499999933 0.014583333333333393
1 0.703173828125 0.5893880208333333 0.01025390625 0.007421874999999985
1 0.902978515625 0.8292968749999999 0.009472656250000044 0.014062499999999941
1 0.9341796875 0.2711588541666667 0.018750000000000044 0.017057291666666696
1 0.8777832031249999 0.23229166666666667 0.014746093750000022 0.022135416666666668
1 0.07890625 0.9285156250000001 0.014062500000000006 0.015625
1 0.5248046875 0.9888020833333333 0.009765625 0.015885416666666725
1 0.85078125 0.9861979166666667 0.012500000000000067 0.009114583333333334
1 0.6461425781250001 0.056315104166666664 0.005761718749999978 0.01419270833333334
0 0.666015625 0.0031250000000000006 0.008997103754907032 0.011996138339876117
