0 0.2658203125 0.580078125 0.01196677631409404 0.01595570175212539
0 0.27587890625 0.7479166666666667 0.022256200033730078 0.029674933378306772
0 0.635546875 0.466796875 0.02286074201312438 0.030480989350832505
0 0.71650390625 0.274609375 0.007170921777611472 0.00956122903681537
0 0.27314453125 0.061328125000000004 0.00765714679059093 0.010209529054121222
0 0.1056640625 0.08203125 0.009280940914466185 0.012374587885954922
0 0.09990234375 0.12369791666666667 0.009079405702476145 0.012105874269968194
0 0.2009765625 0.25638020833333336 0.005513903989645741 0.007351871986194321
1 0.33759765625 0.061328125000000004 0.009179687499999978 0.022395833333333337
1 0.438818359375 0.4787109375 0.02119140624999999 0.030078124999999956
1 0.592822265625 0.4800130208333333 0.017871093750000067 0.021223958333333348
1 0.701806640625 0.4001953125 0.012988281249999956 0.019921875000000016
1 0.722412109375 0.5852864583333334 0.02744140624999991 0.04609374999999997
1 0.79033203125 0.6151692708333334 0.009179687499999978 0.019140624999999984
1 0.21806640625 0.8839843750000002 0.0087890625 0.011197916666666696
1 0.9249511718750001 0.7440104166666667 0.007714843749999978 0.014322916666666666
