0 0.6943359375 0.5537760416666667 0.01906073890430604 0.02541431853907472
0 0.65869140625 0.5266927083333334 0.007607164880527595 0.010142886507369978
0 0.5861328125 0.5031249999999999 0.007042092334890615 0.00938945644652082
0 0.5787109375 0.6733072916666667 0.005078125000000044 0.0067708333333333925
0 0.543359375 0.6779947916666668 0.01069948900375195 0.014265985338335932
0 0.43798828125 0.7359375 0.006376885827075851 0.008502514436101135
0 0.29521484375 0.6997395833333333 0.01133822287007813 0.015117630493437359
0 0.19814453125 0.3938802083333333 0.00808603185331419 0.010781375804418994
0 0.23857421875 0.35638020833333334 0.010044836617674857 0.013393115490233143
0 0.1498046875 0.2859375 0.007181553246425831 0.009575404328567775
0 0.0453125 0.23880208333333333 0.022578665650966265 0.030104887534621705
0 0.27119140625 0.050390625 0.009635856549643718 0.01284780873285831
0 0.1013671875 0.026432291666666666 0.007077215207809934 0.009436286943746588
0 0.1103515625 0.3639322916666667 0.003954776705335311 0.0052730356071137114
0 0.28720703125 0.8819010416666666 0.005904772053840324 0.007873029405120432
0 0.837109375 0.5688802083333333 0.011653463976700085 0.015537951968933447
0 0.9744140625 0.6138020833333333 0.009765625 0.013020833333333334
0 0.67001953125 0.22773437500000002 0.022543157935980496 0.030057543914640734
1 0.355419921875 0.29694010416666666 0.006738281249999978 0.008723958333333356
1 0.167919921875 0.12200520833333334 0.007519531250000017 0.01223958333333334
1 0.10634765625 0.207421875 0.01171875 0.021093750000000022
1 0.18017578125 0.7651692708333333 0.0087890625 0.016536458333333393
1 0.39404296875 0.5529296874999999 0.023046875000000022 0.020703125000000044
1 0.7138671875 0.7285807291666666 0.009179687500000089 0.01445312500000003
1 0.653076171875 0.9797526041666668 0.01767578124999991 0.015755208333333364
1 0.811279296875 0.23033854166666667 0.021191406250000044 0.029947916666666668
1 0.536181640625 0.041666666666666664 0.015722656250000022 0.015625
1 0.95947265625 0.05358072916666667 0.014257812499999911 0.015234375000000003
