1 0.1463623046875 0.4331868489583333 0.01220703125 0.027506510416666668
1 0.1153564453125 0.6084798177083334 0.015380859375 0.018717447916666668
0 0.095458984375 0.7063802083333334 0.030549787689819807 0.040733050253093005
0 0.237060546875 0.1962890625 0.022039016545087886 0.029385355393450514
1 0.2276611328125 0.321044921875 0.007080078125 0.01123046875
0 0.2410888671875 0.9093424479166666 0.006039705506275861 0.008052940675034629
1 0.3740234375 0.250732421875 0.01123046875 0.011881510416666666
0 0.35693359375 0.69677734375 0.02226503605649277 0.02968671474199051
0 0.400634765625 0.6930338541666666 0.010175129875085287 0.013566839833447197
0 0.4127197265625 0.061686197916666664 0.0044884707790161515 0.0059846277053548875
1 0.50592041015625 0.5933430989583334 0.0093994140625 0.008626302083333334
1 0.4908447265625 0.9807942708333334 0.007080078125 0.012369791666666666
1 0.5645751953125 0.75634765625 0.01123046875 0.017578125
0 0.6033935546875 0.2737630208333333 0.007520957910522208 0.010027943880696203
0 0.646728515625 0.1201171875 0.011474609375 0.015299479166666666
0 0.684326171875 0.16617838541666666 0.005132762705475802 0.006843683607300995
0 0.689697265625 0.23649088541666666 0.02278892867003579 0.03038523822671439
1 0.704833984375 0.7822265625 0.025390625 0.040364583333333336
0 0.8291015625 0.6370442708333334 0.006103515625 0.008138020833333334
0 0.8302001953125 0.4534505208333333 0.006573687508709014 0.008764916678278833
0 0.9056396484375 0.5934244791666666 0.0132938997949823 0.017725199726643215
1 0.93310546875 0.5460611979166666 0.00927734375 0.015299479166666666
0 0.917724609375 0.67138671875 0.011370245138862423 0.015160326851816489
0 0.859130859375 0.8173828125 0.006991123566052915 0.009321498088070554
