0 0.29072265625 0.06471354166666667 0.012753771654151924 0.017005028872202604
0 0.18935546875 0.2216145833333333 0.00882587775601179 0.011767837008015722
0 0.08974609375 0.43593750000000003 0.010307245939030263 0.01374299458537361
0 0.22548828125 0.48984374999999997 0.009104579703755222 0.012139439605006963
0 0.25849609375 0.5161458333333333 0.013299906473619783 0.017733208631493042
0 0.2724609375 0.5436197916666666 0.009978156073784938 0.013304208098379918
0 0.31904296875 0.7399739583333332 0.013713663813704646 0.018284885084939678
0 0.46240234375 0.8058593749999999 0.0191296604437039 0.025506213924938532
0 0.41005859375 0.8921875 0.018694987656496576 0.0249266502086621
0 0.366796875 0.9367187499999999 0.006565521997645152 0.008754029330193388
0 0.45478515625 0.6744791666666666 0.006501295694177012 0.008668394258902682
0 0.86416015625 0.5596354166666667 0.01164855277441279 0.015531403699217053
0 0.9625 0.7016927083333333 0.028675706487863994 0.03823427531715199
0 0.2087890625 0.879296875 0.02400119651354976 0.03200159535139976
0 0.94619140625 0.3373697916666667 0.0081283797057361 0.01083783960764828
1 0.41808124617034315 0.07594528696895425 0.007539636948529438 0.012765522875816995
1 0.3633291207107843 0.14424083435457516 0.011010263480392135 0.017552593954248352
1 0.3361328125 0.5362630208333333 0.021874999999999978 0.019661458333333288
1 0.307763671875 0.6828776041666668 0.010839843749999967 0.01783854166666658
1 0.49687499999999996 0.93125 0.012890624999999989 0.035416666666666576
1 0.9605812013348165 0.80297552836485 0.022377294215795263 0.038236929922135676
1 0.9337501738042269 0.9013921718576196 0.009559232480533919 0.012021459028550266
1 0.9749511718749999 0.4524739583333333 0.015527343749999978 0.016666666666666607
0 0.3220977628918099 0.15677135995955513 0.005034895089729985 0.006713193452973276
0 0.32436883847320525 0.1704636417256488 0.0037261363798883895 0.004968181839851186
0 0.3912109375 0.016536458333333334 0.0054722366117663235 0.007296315482355061
