0 0.15137401660839161 0.3966528263403264 0.019969871976490805 0.026626495968654407
0 0.175390625 0.8110677083333333 0.013286993243511791 0.017715990991349056
0 0.4857421875 0.319140625 0.017721851649274867 0.023629135532366563
0 0.73212890625 0.17656249999999998 0.00911504835123278 0.012153397801643706
0 0.769921875 0.4173177083333333 0.014184045043254212 0.018912060057672136
0 0.8109375 0.730078125 0.007599639241540501 0.010132852322054001
0 0.02431640625 0.5928385416666667 0.00769689863095234 0.01026253150793647
0 0.8087890625 0.6807291666666666 0.008602623259978737 0.011470164346638315
1 0.14303269418151449 0.21957358945805494 0.011636101057906467 0.018124768002969544
1 0.23818359375 0.14322916666666666 0.015429687500000011 0.028124999999999994
1 0.5613769531249999 0.42128906250000003 0.010644531249999978 0.024088541666666668
1 0.393603515625 0.0255859375 0.00830078125 0.014453124999999999
1 0.389013671875 0.0048177083333333336 0.00830078125 0.007291666666666666
1 0.85400390625 0.4706380208333334 0.01601562500000009 0.03684895833333335
1 0.821142578125 0.5432942708333334 0.007128906249999956 0.012630208333333393
1 0.76982421875 0.7520182291666666 0.007421875000000022 0.013151041666666696
1 0.908203125 0.7238281249999999 0.013281249999999911 0.011979166666666726
1 0.425732421875 0.6468098958333334 0.022363281249999978 0.03085937500000006
