0 0.3728515625 0.49374999999999997 0.010927031820858968 0.01456937576114529
0 0.0951171875 0.6119791666666666 0.008849617780632146 0.011799490374176269
0 0.2724609375 0.7158854166666666 0.006954880396392582 0.009273173861856776
0 0.40810546875 0.8529947916666667 0.011329808603338432 0.015106411471117909
0 0.153515625 0.3528645833333333 0.007109482313750526 0.009479309751667367
0 0.13359375 0.29270833333333335 0.020312499999999997 0.027083333333333348
0 0.90673828125 0.25156249999999997 0.012148688703190746 0.016198251604254255
0 0.636328125 0.3768229166666666 0.0069877124296868764 0.009316949906249317
0 0.364453125 0.07213541666666666 0.009945607075370289 0.013260809433827106
0 0.9255859375 0.5953125 0.008602623259978737 0.011470164346638315
0 0.24970703125 0.9791666666666666 0.005551824376387543 0.007402432501849947
1 0.35771484374999996 0.9302083333333333 0.01777343749999999 0.008854166666666607
1 0.1716796875 0.9024739583333333 0.013671875 0.019791666666666725
1 0.1828125 0.5495442708333333 0.0166015625 0.03007812500000003
1 0.330078125 0.5973307291666666 0.009570312499999956 0.009765625
1 0.527001953125 0.4516276041666667 0.013964843749999956 0.018098958333333377
1 0.7074218750000001 0.5794921875 0.011328125000000022 0.026953124999999984
1 0.5720703125 0.8677083333333333 0.009179687499999978 0.013281250000000059
1 0.222314453125 0.3018880208333334 0.01728515624999999 0.024869791666666658
1 0.50029296875 0.17845052083333335 0.008593750000000067 0.009765625
1 0.52568359375 0.11321614583333332 0.008593750000000067 0.015234375000000003
1 0.079736328125 0.05227864583333334 0.01416015625 0.014192708333333331
1 0.897119140625 0.17356770833333335 0.01708984375 0.03411458333333334
1 0.851123046875 0.10878906250000002 0.012402343749999933 0.008723958333333337
