0 0.27294921875 0.348828125 0.01695960417663467 0.022612805568846223
0 0.27197265625 0.1484375 0.010678075728778658 0.014237434305038174
0 0.69306640625 0.759375 0.009231486170387937 0.012308648227183916
0 0.9463509802558399 0.7522826288468668 0.02324733053982797 0.03099644071977063
0 0.6958984375 0.8947916666666668 0.020135193701343646 0.02684692493512486
0 0.44677734375 0.7057291666666666 0.008531378776500675 0.0113751717020009
0 0.5662109375 0.6778645833333333 0.006666425064795201 0.008888566753060267
0 0.187109375 0.8044270833333332 0.00830939351022747 0.011079191346969886
0 0.11455078125 0.6173177083333333 0.006504228830213565 0.008672305106951347
0 0.69873046875 0.07395833333333333 0.007044800311277966 0.009393067081703862
0 0.39833984375 0.08841145833333335 0.005807058104421281 0.007742744139228375
0 0.48935546875 0.9186197916666666 0.004509139211177904 0.00601218561490402
1 0.258642578125 0.4756510416666666 0.018066406250000028 0.02630208333333332
1 0.209375 0.2596354166666666 0.009765625 0.016145833333333342
0 0.944140625 0.95546875 0.008288709052313825 0.011051612069751767
1 0.46162109375000004 0.42747395833333335 0.008007812499999989 0.005989583333333363
1 0.48251953125 0.4276041666666666 0.005664062500000011 0.00963541666666671
1 0.3646484375 0.031575520833333336 0.008984374999999989 0.010026041666666671
0 0.24697265625 0.7194010416666666 0.004886717188748779 0.006515622918331705
