0 0.01945784824346406 0.16510076252723313 0.010623032180027851 0.014164042906703811
0 0.32666015625 0.10442708333333334 0.0037314400731528474 0.004975253430870537
0 0.6616437071183533 0.29570468839336767 0.00976721948509418 0.013022959313458834
0 0.8279625216637782 0.3773108030040439 0.00685403241825866 0.009138709891011546
0 0.5654296875 0.12786458333333334 0.005807058104421392 0.007742744139228486
0 0.56943359375 0.12070312500000001 0.004287987968769613 0.005717317291692707
1 0.4563194182981928 0.3442990712851406 0.010295086596385561 0.009412650602409625
1 0.5873611634036144 0.28743097389558236 0.0076477786144578674 0.022747238955823274
0 0.556423006615599 0.8244109795728877 0.007181612760295497 0.009575483680393996
0 0.5235082259749304 0.953712569637883 0.006112956197294128 0.008150608263058837
0 0.2134765625 0.8542968750000001 0.0035210461674451965 0.00469472822326041
0 0.34375 0.8854166666666666 0.004225255400934325 0.0056336738679124325
0 0.7865935645400594 0.937345450049456 0.010278043774902823 0.013704058366537097
0 0.8157165708456973 0.8264558605341246 0.006361999953664155 0.008482666604885539
