0 0.59326171875 0.33033854166666665 0.010572162970878374 0.014096217294504498
0 0.4822265625 0.13007812500000002 0.0077389112328746235 0.010318548310499462
0 0.597265625 0.24427083333333333 0.0059754134924916436 0.00796721798998871
0 0.59267578125 0.2526041666666667 0.005664062499999956 0.007552083333333348
0 0.57666015625 0.34375 0.0067120469833747975 0.008949395977833063
0 0.52041015625 0.5842447916666667 0.00926448533252433 0.012352647110032589
0 0.53955078125 0.6686197916666666 0.00834375365753659 0.011125004876715527
0 0.562109375 0.6830729166666667 0.004597110271851612 0.006129480362468816
0 0.27021484375 0.926171875 0.009808499632413814 0.013077999509884938
0 0.1017578125 0.8138020833333334 0.0059305572073003465 0.00790740960973372
0 0.10078125 0.9024739583333333 0.007165600128064109 0.009554133504085627
0 0.9520495951417003 0.7381441885964911 0.014693972936288713 0.019591963915051618
0 0.2267578125 0.2255208333333333 0.0059626318447163484 0.00795017579295513
0 0.07392578125 0.07669270833333333 0.008479802088317334 0.01130640278442313
0 0.030957031250000003 0.04309895833333333 0.006082973243124002 0.008110630990831999
0 0.8755859375 0.31549479166666666 0.0054267359333788345 0.007235647911171779
0 0.8646484375 0.40976562499999997 0.006067275221487867 0.008089700295317156
0 0.8228515625 0.04270833333333333 0.008291009873746535 0.011054679831662051
0 0.24853515625 0.16197916666666667 0.022971440371772678 0.030628587162363514
1 0.531591796875 0.4057291666666667 0.011035156249999956 0.023177083333333348
1 0.613623046875 0.46015625 0.02294921875 0.026822916666666623
1 0.5968261718750001 0.4448567708333333 0.005957031250000022 0.011067708333333334
1 0.23964843749999998 0.3918619791666667 0.014257812499999994 0.01861979166666668
1 0.19204101562499998 0.8638020833333334 0.015527343750000006 0.021354166666666636
1 0.93818359375 0.6075520833333333 0.014257812500000022 0.02447916666666668
1 0.535546875 0.9173177083333334 0.014843750000000044 0.016406249999999883
1 0.9578125 0.9309895833333334 0.014257812500000022 0.015104166666666549
