0 0.29117579559363527 0.10738282843737246 0.019493335116944843 0.025991113489259716
0 0.24816391619850187 0.1680028870162297 0.007204513256229617 0.009606017674972822
0 0.31802288155430714 0.24773720349563047 0.00973894469488401 0.012985259593178755
0 0.33375029260299627 0.251394740948814 0.006481172879604591 0.008641563839472862
0 0.407266795411985 0.2662687265917603 0.014483109399303085 0.019310812532404187
0 0.12356279481132076 0.18831892033542982 0.005388097533279623 0.007184130044372831
0 0.013047191295546559 0.2066358805668016 0.008255556133690655 0.011007408178254222
0 0.02332679655870445 0.45229208839406204 0.010755211371406427 0.014340281828541931
0 0.3578093370445344 0.39746752699055327 0.018031620462726772 0.024042160616969028
0 0.31282552083333337 0.4143143023748939 0.007063389791841512 0.009417853055788683
0 0.580675848599138 0.3512706537356321 0.01962193901671383 0.02616258535561844
0 0.6015119881465517 0.4901782507183907 0.009607954110413264 0.012810605480551166
0 0.5452730678233438 0.5232074789695057 0.008559520399651133 0.01141269386620151
0 0.757933198735955 0.2746810627340824 0.011416263631652157 0.015221684842202729
0 0.7790554775280899 0.44219627808988765 0.015995193707331046 0.02132692494310806
0 0.8726734834558822 0.48923866421568624 0.025121863057984806 0.03349581741064626
0 0.9703297334558822 0.5801930147058824 0.017352719975865405 0.02313695996782054
0 0.10975894764957266 0.934272613960114 0.020462157238467032 0.027282876317956156
1 0.013230096726190497 0.117280505952381 0.015345982142857144 0.02449156746031746
1 0.13832310267857145 0.12007068452380958 0.02139136904761904 0.01705109126984128
1 0.37365769787644787 0.6158502252252253 0.02563947876447875 0.0301640926640927
