0 0.377734375 0.37526041666666665 0.01105544663912883 0.01474059551883844
0 0.480859375 0.6161458333333333 0.018906007875515773 0.0252080105006877
0 0.41875 0.5397135416666666 0.0062071283523713605 0.008276171136495147
0 0.64716796875 0.5283854166666667 0.005623507831596708 0.007498010442128944
0 0.6376953125 0.4595052083333333 0.007341775831723574 0.009789034442298098
0 0.34833984375 0.7483072916666668 0.022050426605318973 0.029400568807091965
0 0.2498046875 0.8360677083333333 0.009901399887216056 0.013201866516287927
0 0.5146484375 0.957421875 0.010439631261635052 0.013919508348846735
0 0.7087890625 0.9075520833333334 0.02212813912229472 0.02950418549639296
0 0.8091796875 0.42031250000000003 0.0071629378206610195 0.00955058376088136
0 0.87802734375 0.5837239583333333 0.010804153660890048 0.014405538214520064
0 0.85302734375 0.62109375 0.006927401504284392 0.009236535339045856
0 0.97978515625 0.6701822916666668 0.005066844441825369 0.0067557925891004915
1 0.6083007812500001 0.5733072916666667 0.016015624999999978 0.021354166666666636
1 0.721875 0.4830078125000001 0.014453125000000067 0.02252604166666668
1 0.7400390625 0.2713541666666666 0.011914062499999933 0.013802083333333326
1 0.611083984375 0.3457682291666666 0.008691406250000089 0.015234374999999986
1 0.497412109375 0.17838541666666666 0.01025390625 0.015104166666666696
1 0.46640625 0.09694010416666665 0.01933593750000001 0.020442708333333337
0 0.45068359375 0.06796875000000001 0.010232958513616941 0.013643944684822662
1 0.540771484375 0.04173177083333333 0.023730468749999956 0.029036458333333338
1 0.328515625 0.042317708333333336 0.009374999999999967 0.008333333333333337
0 0.173828125 0.11276041666666665 0.006935656603345608 0.009247542137794107
1 0.129833984375 0.1772786458333333 0.015332031250000017 0.027473958333333326
1 0.06337890625 0.16191406249999998 0.011718750000000007 0.014713541666666663
1 0.190087890625 0.6283203125 0.03486328124999999 0.020963541666666696
1 0.34599609374999996 0.5716145833333334 0.014453125000000011 0.016927083333333332
0 0.1478515625 0.9802083333333332 0.009474166277839757 0.01263222170378627
1 0.505419921875 0.7354817708333333 0.012402343749999989 0.007161458333333333
1 0.7283203125 0.8556640624999999 0.009375000000000022 0.013671875
1 0.722119140625 0.6102864583333334 0.004589843749999933 0.015364583333333348
1 0.89775390625 0.7272135416666666 0.014257812500000022 0.020312499999999883
1 0.9508300781250001 0.5940104166666668 0.005957031250000022 0.012760416666666682
1 0.954248046875 0.5476562500000001 0.02197265625 0.03125
0 0.91044921875 0.103515625 0.006608954810815915 0.00881193974775459
0 0.93994140625 0.02291666666666667 0.011180681079188792 0.014907574772251833
0 0.98095703125 0.09596354166666667 0.005558691199514909 0.007411588266019731
