0 0.08934294871794872 0.1639861874236874 0.005767984309393986 0.007690645745858649
0 0.3862465659340659 0.25603823260073255 0.021474832617621953 0.028633110156829195
0 0.4044900412087912 0.223128434065934 0.01562523585439679 0.020833647805862315
0 0.5461452609890111 0.3523828601953602 0.013133556369252064 0.017511408492336233
0 0.04248225732600732 0.3132726648351648 0.006595942405915781 0.008794589874554356
0 0.22491701007326007 0.6218616452991453 0.00959850608473467 0.012798008112979561
0 0.019946199633699632 0.6953124999999999 0.011646363178299535 0.01552848423773264
0 0.41486378205128205 0.6938816391941391 0.006595942405915767 0.008794589874554207
0 0.627704326923077 0.6566792582417582 0.00996479243731696 0.013286389916422467
0 0.819439674908425 0.655725351037851 0.011106466558107098 0.014808622077476278
0 0.7478966346153847 0.5169318528693528 0.007705421255629785 0.010273895007506232
1 0.4867645375457875 0.017561431623931593 0.015024038461538436 0.019078144078144076
1 0.5665350274725275 0.12511446886446884 0.012877747252747263 0.019555097680097683
1 0.352621336996337 0.24840697496947492 0.017170329670329665 0.015262515262515245
1 0.35405219780219777 0.28823260073260065 0.022893772893772923 0.03386370573870571
1 0.30772807921245415 0.412479014041514 0.013235462454212421 0.01144688644688648
1 0.4683422046703296 0.5066773504273504 0.02754407051282054 0.030048076923076945
1 0.1623168498168498 0.6275850885225885 0.008585164835164832 0.008585164835164841
1 0.09292010073260074 0.9721840659340658 0.008585164835164832 0.010969932844932787
1 0.585136217948718 0.38648504273504275 0.025040064102564097 0.02718635531135531
1 0.7643515338827839 0.37146100427350426 0.012162316849816834 0.012400793650793643
1 0.6370049221611722 0.20858134920634916 0.008585164835164805 0.012877747252747263
1 0.721783424908425 0.068595467032967 0.015739468864468864 0.012400793650793654
1 0.9462497138278388 0.020900106837606805 0.008942880036630019 0.01049297924297924
