0 0.7902437179669703 0.2880006643887624 0.012971045466537268 0.017294727288716432
0 0.99169921875 0.20299479166666667 0.013538692832518295 0.018051590443357652
0 0.972265625 0.37005208333333334 0.011569690015327927 0.015426253353770717
0 0.39052734375 0.4713541666666667 0.011563093840324723 0.015417458453766297
0 0.58857421875 0.648046875 0.017392685047572742 0.02319024673009699
0 0.43662109375 0.8516927083333333 0.020434205702578923 0.02724560760343871
0 0.22705078125 0.837890625 0.008102526762770124 0.010803369017026832
0 0.1888671875 0.8088541666666668 0.005513903989645574 0.007351871986194247
1 0.7326171875 0.9505859375 0.015429687500000067 0.01992187500000009
1 0.115234375 0.27610677083333335 0.009374999999999994 0.011848958333333326
1 0.3923828125 0.3125 0.007421875000000022 0.013541666666666638
1 0.530078125 0.05768229166666666 0.010546875000000067 0.010156250000000006
1 0.5755859375 0.19615885416666665 0.018359374999999956 0.03242187500000001
1 0.886962890625 0.07037760416666666 0.013964843749999956 0.025651041666666662
1 0.9444335937499999 0.8102213541666666 0.010351562500000022 0.012630208333333393
1 0.925146484375 0.9176432291666666 0.011425781250000044 0.017317708333333275
1 0.8699707031249999 0.8377604166666667 0.011621093749999978 0.02109375000000006
1 0.088671875 0.19759114583333334 0.008203125000000006 0.010807291666666682
