0 0.12670110887096775 0.02563214045698921 0.006774764732738955 0.009033019643651932
0 0.09992439516129033 0.3627037130376343 0.01026840096585599 0.013691201287808022
0 0.1345766129032258 0.30232484879032256 0.0049809060927550886 0.006641208123673452
0 0.638215095766129 0.1941679267473118 0.00848217743059232 0.011309569907456574
0 0.4448714717741935 0.28814894153225806 0.005997805180399385 0.007997073573865846
0 0.20348727318548387 0.4435588877688172 0.009184337031951317 0.012245782709268424
0 0.4543220766129032 0.5637915826612903 0.02178256786469779 0.029043423819597052
0 0.39919354838709675 0.5952935987903225 0.005042783075095203 0.006723710766793604
0 0.46495400705645157 0.7370526713709676 0.011193194307232757 0.014924259076310342
0 0.19009891633064516 0.8966628864247311 0.01170777843633325 0.015610371248444407
0 0.9122826360887096 0.6283707157258064 0.00921804113432434 0.012290721512432453
1 0.08594537550403226 0.11803805443548383 0.00905682963709678 0.015751008064516143
1 0.3704479586693548 0.015656502016129 0.018113659274193505 0.0252016129032258
1 0.44723412298387094 0.08154821908602149 0.008663054435483875 0.01837617607526883
1 0.40667527721774194 0.1327389952956989 0.0244140625 0.028351814516129042
1 0.06861926663306452 0.2398458501344086 0.024807837701612906 0.027301747311827957
1 0.22927954889112903 0.333039314516129 0.026382938508064502 0.04357778897849455
1 0.282045425907258 0.3991935483870967 0.027170488911290314 0.023626512096774244
1 0.259797127016129 0.49133694556451607 0.016538558467741937 0.0210013440860215
1 0.7431561869959677 0.6590851814516129 0.013782132056451624 0.021526377688172005
