0 0.0582275390625 0.16438802083333334 0.01416015625 0.018880208333333332
1 0.1268310546875 0.2626953125 0.012451171875 0.017903645833333332
0 0.158935546875 0.5071614583333334 0.006663742218728619 0.008884989624971418
0 0.0626220703125 0.8684895833333334 0.013051822660765294 0.017402430214353615
1 0.05743408203125 0.8505859375 0.0130615234375 0.014973958333333334
1 0.0960693359375 0.834228515625 0.015625 0.01025390625
1 0.29815673828125 0.9615071614583334 0.0157470703125 0.02001953125
1 0.24383544921875 0.9764811197916666 0.0069580078125 0.01416015625
0 0.3214111328125 0.88916015625 0.010972756374142745 0.014630341832190178
0 0.2122802734375 0.5613606770833334 0.023963120576546648 0.0319508274353956
0 0.3062744140625 0.54296875 0.009033203125 0.012044270833333334
1 0.2283935546875 0.8606770833333334 0.005859375 0.007161458333333333
0 0.257568359375 0.6888020833333334 0.006991123566052915 0.009321498088070554
0 0.3475341796875 0.4104817708333333 0.011053936936202935 0.014738582581603913
1 0.3114013671875 0.3912760416666667 0.00927734375 0.008463541666666666
1 0.366455078125 0.5194498697916666 0.033935546875 0.05322265625
0 0.4483642578125 0.10921223958333333 0.011443400044197194 0.015257866725596295
0 0.4727783203125 0.2810872395833333 0.009151203522456686 0.012201604696608914
0 0.5152587890625 0.55224609375 0.011309799630762285 0.015079732841016233
0 0.494384765625 0.9910481770833334 0.007117861199762321 0.009490481599683243
0 0.624755859375 0.677734375 0.011241078548067662 0.014988104730756882
0 0.6024169921875 0.6271158854166666 0.009777824411377312 0.013037099215169748
1 0.58697509765625 0.9537760416666666 0.0196533203125 0.0166015625
0 0.6094970703125 0.6878255208333334 0.006366408598830642 0.008488544798440856
0 0.6221923828125 0.37109375 0.012510867163397332 0.016681156217863258
0 0.7154541015625 0.23193359375 0.018556293618808395 0.024741724825077933
0 0.710693359375 0.9814453125 0.008333031330994167 0.011110708441325556
0 0.729736328125 0.5224609375 0.010265525410951382 0.01368736721460199
0 0.7061767578125 0.15885416666666666 0.010500885335745336 0.014001180447660522
0 0.80859375 0.3929036458333333 0.015988881181672854 0.021318508242230323
0 0.7822265625 0.08561197916666667 0.00818872550353933 0.010918300671385698
0 0.8597412109375 0.3025716145833333 0.010678187367494596 0.014237583156659536
0 0.8916015625 0.32958984375 0.016402907258047605 0.021870543010730253
0 0.9638671875 0.3987630208333333 0.025768114847575685 0.03435748646343425
1 0.8291015625 0.9273274739583334 0.0126953125 0.01318359375
0 0.990966796875 0.17545572916666666 0.020316549044303245 0.027088732059071013
0 0.8916015625 0.011067708333333334 0.011721292855622956 0.015628390474163808
1 0.3445451135177453 0.6034707724425887 0.00998988778705634 0.010873347251217838
