0 0.40931919642857145 0.12658925960735173 0.010544260665598548 0.014059014220798064
0 0.4751576206140351 0.11451480263157897 0.010329019739783618 0.013772026319711528
0 0.1759765625 0.17252604166666666 0.015285620939939959 0.020380827919919946
0 0.61103515625 0.29544270833333336 0.008613701980937583 0.011484935974583369
0 0.68134765625 0.05026041666666667 0.016022768985932467 0.02136369198124329
0 0.9619140625 0.3475260416666666 0.01332998869589952 0.017773318261199506
0 0.6493159918670438 0.9307741041961339 0.01001020538586972 0.013346940514492958
0 0.6878536067892503 0.8989126591230553 0.0074384017071671416 0.009917868942889521
0 0.51337890625 0.9259114583333333 0.008745552022358494 0.011660736029811325
0 0.5240234375 0.5688802083333333 0.005363097741307055 0.0071507969884094065
0 0.705078125 0.39544270833333334 0.006565521997645263 0.008754029330193683
0 0.835546875 0.7335937499999999 0.008560393359691831 0.011413857812922442
0 0.913671875 0.9959635416666667 0.013328557748689684 0.017771410331586246
1 0.407373046875 0.16809895833333333 0.014550781250000033 0.017968749999999995
1 0.491552734375 0.20553385416666667 0.01630859374999999 0.021744791666666652
1 0.307958984375 0.8416666666666668 0.012792968749999967 0.02031250000000003
1 0.782080078125 0.23203125 0.010449218750000044 0.016666666666666646
1 0.13329460047468356 0.39194356540084385 0.014957476265822778 0.029667721518987333
