0 0.4692239635995955 0.15453319851702058 0.0072828807960162445 0.009710507728021659
0 0.4205729166666667 0.4031784188034188 0.01004003532543396 0.013386713767245281
0 0.5211481503868473 0.4278439313346228 0.005973233612201367 0.007964311482935157
0 0.7001953125 0.6364583333333333 0.008029220621521338 0.010705627495361636
0 0.6216796875 0.4725260416666666 0.004026470337517241 0.005368627116689654
0 0.5490557619463869 0.40241962898212896 0.008144186980987067 0.010858915974649422
0 0.42587890625 0.8582031250000001 0.008825877756011735 0.011767837008015647
0 0.42314453125 0.8287760416666666 0.006376885827075962 0.008502514436101135
0 0.20461807414346894 0.693003881156317 0.00761186543228104 0.010149153909707978
0 0.36728515625 0.707421875 0.004152400708099524 0.005536534277466032
0 0.008139725130890089 0.049042866492146626 0.007158049738219895 0.009544066317626517
0 0.8172824947589098 0.04176493710691823 0.007907989352327283 0.010543985803103173
1 0.038330078125 0.6383463541666666 0.021386718750000002 0.01914062500000006
1 0.2990866947399527 0.3704627167060677 0.0166223404255319 0.012005023640661916
1 0.38774414062499996 0.27421875 0.02509765624999999 0.019010416666666658
1 0.3642578125 0.15963541666666667 0.007617187499999956 0.013541666666666655
1 0.5502965328467153 0.2555287625999305 0.016089350886339893 0.015749913103927704
1 0.5857791385135136 0.08650056306306313 0.012932854729729715 0.02393018018018019
1 0.764794921875 0.025455729166666666 0.01513671875 0.015494791666666667
1 0.770654296875 0.071484375 0.009472656250000044 0.018489583333333337
1 0.22333984375 0.8932291666666666 0.004101562500000017 0.010156249999999941
0 0.0341796875 0.844140625 0.0073521602440308614 0.00980288032537461
