0 0.32731765396659707 0.13401400487125956 0.009138070374076546 0.012184093832101986
0 0.03241208898747391 0.9652814022268615 0.012113004613707724 0.016150672818276906
0 0.3692140200939457 0.7650758959638134 0.00998988778705634 0.013319850382741786
0 0.40489219076200417 0.39076091684064024 0.02162615900015674 0.028834878666875657
0 0.6667699634655532 0.5149889091858038 0.017308997648740165 0.023078663531653554
0 0.6334363582985386 0.629838639526792 0.00816010572815662 0.010880140970875493
0 0.6077480754175365 0.7730949895615867 0.006574779609455295 0.00876637281260706
0 0.804589639874739 0.064696416144746 0.01059563092068938 0.014127507894252656
0 0.8569855819415448 0.3294624217118998 0.007736522198350304 0.010315362931133776
0 0.9358853079331941 0.05654140570633264 0.004931084707091582 0.006574779609455368
0 0.9896064391962421 0.30581289144050106 0.016152531411287585 0.02153670854838337
1 0.0469366481348637 0.8825920612147297 0.018494440459110473 0.02783506695361071
1 0.3069796897417504 0.9126688785270206 0.011488970588235281 0.013263689622190267
1 0.4096098233500718 0.6480489299378288 0.02227739418938307 0.017934002869440507
1 0.3967898134863702 0.6316094273075085 0.006164813486370158 0.00896700143472029
1 0.4919941490315639 0.5943403275944524 0.01078842360114779 0.016252690100430362
1 0.6233467091104735 0.043990614538498334 0.011488970588235281 0.01401093974175036
1 0.606253362625538 0.07369380679100909 0.008126345050215256 0.012516439502630317
1 0.5807534522955524 0.6285270205643233 0.009807657819225213 0.015131814921090392
1 0.6264991705523673 0.8677404650884745 0.016392799497848 0.020549378287900637
1 0.8729516006097562 0.7206255978000957 0.014431267934002956 0.018868065518890493
1 0.7426498610114778 0.20446257771401247 0.013590611549497922 0.021109815877570548
1 0.7415289858321378 0.1010618424198948 0.012189517575322828 0.02615375418460068
1 0.9941679463324964 0.32710665419066054 0.009710982335007112 0.010464802881560153
1 0.9640927636298422 0.6260984576757532 0.0072856886657102216 0.012516439502630336
