0 0.100390625 0.3592447916666666 0.019237041917568393 0.025649389223424485
0 0.78369140625 0.23203125 0.01625675941147242 0.021675679215296634
0 0.91171875 0.12096354166666667 0.014111243647022098 0.018814991529362873
0 0.64794921875 0.055989583333333336 0.009379068127767898 0.012505424170357307
0 0.68623046875 0.023828125000000002 0.00821474251750498 0.010952990023340112
0 0.5123046875 0.05169270833333334 0.009028847133848661 0.012038462845131437
0 0.48564453125 0.47890625000000003 0.00953036945215302 0.01270715926953736
0 0.1736328125 0.12395833333333334 0.007181553246425831 0.009575404328567775
0 0.84443359375 0.6705729166666666 0.009456030028835993 0.01260804003844799
0 0.88369140625 0.8197916666666667 0.00650422883021351 0.008672305106951347
0 0.3322265625 0.56875 0.015930844581566683 0.021241126108755577
0 0.430859375 0.6274739583333333 0.007341775831723685 0.009789034442298247
0 0.1923828125 0.6096354166666667 0.006802372955964031 0.009069830607951967
0 0.1267578125 0.7618489583333333 0.013397070812220635 0.017862761082960848
0 0.3412109375 0.834375 0.02395983705086313 0.031946449401150843
1 0.919091796875 0.8406250000000001 0.013378906250000044 0.014322916666666666
1 0.489453125 0.7464192708333334 0.024804687499999978 0.022005208333333453
1 0.31494140625 0.4066406249999999 0.021484375 0.03880208333333335
1 0.45439453125 0.5495442708333332 0.0087890625 0.008203125000000014
1 0.430224609375 0.4923828125 0.012597656249999978 0.019661458333333288
1 0.9668945312499999 0.17760416666666667 0.021093750000000022 0.01848958333333332
