1 0.80546875 0.4698567708333334 0.018164062500000022 0.021744791666666652
0 0.77119140625 0.5854166666666667 0.011241926899342225 0.014989235865789633
1 0.21884765625 0.12897135416666666 0.014843749999999989 0.034505208333333336
0 0.34775390625 0.09375 0.01580463150323741 0.021072842004316545
0 0.434765625 0.061197916666666664 0.007513821899090334 0.01001842919878713
1 0.48881835937499996 0.02493489583333333 0.01826171874999999 0.025390625
1 0.401708984375 0.3595052083333334 0.00634765625 0.021875000000000016
0 0.72568359375 0.13020833333333334 0.006406726354240888 0.008542301805654592
0 0.7111328125 0.22330729166666666 0.005111817315743172 0.006815756420990822
0 0.59638671875 0.4389322916666667 0.003131097566773544 0.0041747967556980585
0 0.7591391509433961 0.6687849406009784 0.011810637039648686 0.015747516052864913
0 0.6678295335429769 0.7375742487770789 0.008189203354297625 0.010918937805730167
0 0.6358916404612158 0.7195580013976239 0.01853909758692307 0.024718796782564095
0 0.20205078125 0.8088541666666668 0.008158827568048865 0.010878436757398488
0 0.3890625 0.865234375 0.005592898852842421 0.007457198470456561
1 0.56064453125 0.5753255208333333 0.0078125 0.006901041666666681
1 0.904345703125 0.3944661458333334 0.013769531250000022 0.012109375000000014
0 0.8951599276399491 0.7554071246819337 0.01803045476867826 0.02404060635823768
0 0.57841796875 0.9489583333333332 0.013064055865773971 0.017418741154365296
