0 0.7890625 0.07916666666666666 0.02318384879019364 0.030911798386924778
0 0.72431640625 0.06471354166666667 0.012648652233353097 0.01686486964447091
0 0.3576967896533614 0.2794281775210084 0.017135482059004947 0.022847309412006595
0 0.39308692226890757 0.32141762955182074 0.010797742718405945 0.014396990291208
0 0.38590631565126055 0.448343399859944 0.019831679972417526 0.02644223996322337
0 0.73642578125 0.8455729166666667 0.010953183510007625 0.014604244680010167
0 0.70810546875 0.9572916666666668 0.012717828590702807 0.016957104787603743
0 0.358203125 0.7381510416666667 0.005040424961157752 0.006720566614877003
0 0.88837890625 0.8649739583333332 0.024520082300741874 0.032693443067655835
0 0.93076171875 0.9552083333333333 0.008233296448577399 0.010977728598103198
0 0.98759765625 0.6691406249999999 0.011463695774085458 0.015284927698780685
0 0.91240234375 0.5385416666666667 0.010054326309557604 0.013405768412743472
0 0.94736328125 0.5381510416666667 0.005770815118239847 0.007694420157652981
0 0.203125 0.4454427083333334 0.006746060952800947 0.00899474793706793
0 0.125390625 0.25546874999999997 0.021289062499999997 0.02838541666666668
0 0.1443359375 0.2490885416666667 0.02066716363781035 0.027556218183747132
0 0.2916015625 0.22096354166666665 0.008560393359691831 0.011413857812922368
0 0.108984375 0.09283854166666666 0.0052589500069673 0.007011933342623067
0 0.06796875 0.020052083333333335 0.011463695774085313 0.015284927698780412
0 0.0390625 0.10052083333333334 0.007873298582322802 0.01049773144309707
0 0.21025390625 0.052734375 0.006448271101257452 0.008597694801676622
0 0.00654296875 0.58046875 0.010439631261634956 0.013919508348846588
1 0.0826171875 0.5440755208333333 0.022656250000000003 0.03033854166666668
1 0.07939453125 0.5910156249999999 0.0078125 0.012760416666666682
1 0.204833984375 0.3700520833333334 0.005566406249999989 0.009374999999999986
1 0.0263671875 0.7237630208333332 0.012304687499999998 0.020963541666666696
1 0.10908203124999999 0.6671223958333333 0.008984375000000003 0.010026041666666726
1 0.25185546875 0.6950520833333332 0.007617187500000011 0.014062500000000089
