0 0.11495174136069115 0.32142053635709145 0.024813446898374586 0.033084595864499446
0 0.05107421875 0.019401041666666667 0.023931161703692555 0.0319082156049234
0 0.02529296875 0.80703125 0.017191938347394867 0.022922584463193136
0 0.34970703125 0.8919270833333334 0.015385121557271897 0.020513495409695714
0 0.52373046875 0.8825520833333332 0.011302840856429963 0.01507045447523995
0 0.6001953125 0.7595052083333332 0.012651667766173214 0.01686889035489762
0 0.883984375 0.7815104166666668 0.017974056621302248 0.023965408828402996
0 0.63125 0.48151041666666666 0.021270239671971947 0.02836031956262926
0 0.6876953125 0.29934895833333336 0.012604845937705056 0.016806461250273408
0 0.42744140625 0.5545572916666667 0.008156489460086402 0.010875319280115203
0 0.88505859375 0.625 0.01857934217259616 0.02477245623012821
0 0.92275390625 0.2610677083333333 0.0066807153814403275 0.008907620508587177
0 0.726953125 0.35963541666666665 0.009860863719815871 0.013147818293087829
0 0.14833984375 0.42747395833333335 0.00900346138407504 0.01200461517876672
1 0.594921875 0.8448567708333332 0.010156249999999978 0.017057291666666696
1 0.357373046875 0.7637369791666666 0.01806640625 0.032942708333333424
1 0.2111328125 0.5228515625 0.012109375000000006 0.02044270833333332
1 0.632275390625 0.5623046875000001 0.012402343749999933 0.01158854166666671
1 0.8226562500000001 0.9182291666666668 0.018164062500000022 0.016145833333333304
1 0.917578125 0.8823567708333333 0.014453124999999956 0.021744791666666725
1 0.729736328125 0.3829427083333334 0.01513671875 0.03281249999999999
0 0.94833984375 0.4721354166666667 0.0062986388658581305 0.008398185154477508
1 0.767626953125 0.166015625 0.005761718749999978 0.011197916666666677
1 0.533642578125 0.2422526041666667 0.015722656250000022 0.024609375000000006
0 0.07734375 0.4485677083333333 0.0062316625521655344 0.008308883402887416
1 0.5282226562500001 0.15019531249999998 0.014062499999999978 0.013671875
1 0.059619140625000004 0.1270182291666667 0.008496093750000003 0.01783854166666667
1 0.2111328125 0.040364583333333336 0.027148437499999983 0.03098958333333333
