0 0.1605966605392157 0.3127553104575163 0.01391548124784453 0.01855397499712604
0 0.26640625 0.4493489583333334 0.004723979149393598 0.0062986388658581305
0 0.4078125 0.399609375 0.00455961622262846 0.006079488296837947
0 0.3666015625 0.6393229166666666 0.011134525635733805 0.014846034180978407
0 0.6291015625 0.6630208333333333 0.007437278423695126 0.009916371231593649
0 0.55439453125 0.7735677083333333 0.013453898515073837 0.01793853135343178
0 0.510546875 0.7669270833333334 0.007292247930700935 0.00972299724093458
0 0.80068359375 0.8779947916666666 0.022071176697682438 0.029428235596909918
0 0.0408203125 0.24557291666666667 0.010129923812414024 0.01350656508321868
0 0.1072265625 0.1640625 0.005527723319564415 0.00737029775941922
0 0.291015625 0.083203125 0.006253051013118016 0.00833740135082404
0 0.97919921875 0.48802083333333335 0.007726578298770548 0.010302104398360582
0 0.95751953125 0.8346354166666666 0.006734742050611864 0.008979656067482486
0 0.9458984375 0.8303385416666668 0.007863602398124003 0.010484803197498671
1 0.40205078125000004 0.7593098958333333 0.012890624999999989 0.008723958333333393
1 0.92412109375 0.039778645833333334 0.0107421875 0.017317708333333338
1 0.730908203125 0.07278645833333335 0.014746093750000022 0.01901041666666667
1 0.469873046875 0.20911458333333335 0.017675781249999967 0.029166666666666674
1 0.8402343750000001 0.260546875 0.014062499999999978 0.020052083333333342
1 0.798095703125 0.3938802083333333 0.01572265624999991 0.01250000000000003
1 0.449267578125 0.41269531249999997 0.007714843749999978 0.009244791666666696
1 0.5154785156249999 0.49602864583333334 0.009863281250000022 0.01445312500000003
1 0.52783203125 0.4543619791666667 0.006445312499999911 0.007421874999999985
1 0.5740234375 0.5641276041666666 0.025781249999999978 0.032682291666666696
1 0.8193359375 0.6593098958333333 0.010156250000000089 0.015234375000000059
1 0.897509765625 0.7922526041666668 0.024316406249999978 0.033463541666666576
1 0.86875 0.9013020833333334 0.018359374999999956 0.03359375000000009
