0 0.18447265625 0.6356770833333333 0.01479870839024583 0.019731611186994364
0 0.10966796875 0.665625 0.010629738143896755 0.014172984191862378
0 0.034765625 0.5350260416666667 0.010853471866757669 0.014471295822343558
0 0.0697265625 0.5345052083333334 0.0051563979618922395 0.006875197282523023
0 0.01044921875 0.8619791666666666 0.024345998873178544 0.032461331830904605
0 0.05283203125 0.9515625 0.007599639241540557 0.010132852322054001
0 0.32451171875 0.9526041666666667 0.008526906231618336 0.0113692083088243
0 0.8783203125 0.8147135416666668 0.018524852658405422 0.02469980354454056
0 0.85966796875 0.7865885416666667 0.009546366726445266 0.012728488968593688
0 0.3513671875 0.016276041666666668 0.015549132216793105 0.02073217628905742
0 0.53974609375 0.13971354166666666 0.010129923812413955 0.013506565083218606
0 0.52529296875 0.007552083333333332 0.01044693681274711 0.013929249083662845
1 0.5087890625 0.162109375 0.018359374999999956 0.028645833333333332
1 0.6561035156249999 0.14609375 0.016699218750000022 0.03437500000000001
1 0.324951171875 0.7017578125 0.014746093750000022 0.02226562500000003
1 0.7430175781249999 0.7115885416666666 0.020410156249999978 0.030989583333333275
1 0.7364257812499999 0.4727864583333334 0.011132812499999978 0.028124999999999956
1 0.7870117187500001 0.392578125 0.016992187499999978 0.02578124999999994
1 0.907080078125 0.597265625 0.012011718749999956 0.01250000000000003
1 0.91923828125 0.5347005208333333 0.007226562499999978 0.01184895833333329
1 0.82451171875 0.04322916666666667 0.017382812500000067 0.017187499999999994
