0 0.06014195884146341 0.9088859247967479 0.02443583809151481 0.032581117455353116
0 0.47739389780405406 0.755296311936937 0.009378081716870601 0.012504108955827617
0 0.41536898226351354 0.634765625 0.005676154235538022 0.00756820564738403
0 0.7332267342032966 0.9693223443223443 0.014733785003590905 0.01964504667145454
0 0.9335508241758241 0.9614526098901099 0.010731456043955978 0.014308608058607971
0 0.19587053571428573 0.6736111111111112 0.0056786969949679245 0.007571595993290418
1 0.9554309145942408 0.9378340423211169 0.02275237238219885 0.020110711169284496
1 0.5944606920811519 0.4592672883944154 0.009458851439790528 0.01465695898778363
1 0.11712549603174603 0.09645750661375663 0.012982080853174593 0.020926339285714284
1 0.06644161298746518 0.06047977599814299 0.01156097667130919 0.019404305942432688
