0 0.4412109375 0.9621093749999999 0.00828640759202981 0.011048543456039894
0 0.14326171875 0.27890624999999997 0.018517643943197326 0.0246901919242631
0 0.19267578125 0.32109375 0.005633673867912414 0.007511565157216553
0 0.08359375 0.6361979166666667 0.0074244444565422785 0.00989925927538963
0 0.29853515625 0.7338541666666667 0.005677516349120615 0.007570021798827338
0 0.2330078125 0.15013020833333332 0.007812500000000056 0.010416666666666704
0 0.3353515625 0.46875 0.005066844441825369 0.0067557925891004915
0 0.3052734375 0.3731770833333334 0.006492488335388402 0.008656651113851202
0 0.449609375 0.17434895833333333 0.010082741796203387 0.013443655728271256
0 0.50966796875 0.11901041666666667 0.006289547729728451 0.008386063639637861
1 0.425439453125 0.14049479166666667 0.019433593750000033 0.011197916666666677
1 0.318701171875 0.3097005208333334 0.01318359375 0.012890625000000008
0 0.25341796875 0.47877604166666665 0.01629660159765875 0.021728802130211704
0 0.20517578125 0.6388020833333333 0.014341843555223277 0.019122458073631037
1 0.256201171875 0.5813802083333334 0.006738281250000033 0.019270833333333275
1 0.29375 0.783203125 0.0126953125 0.01171875
1 0.33549804687499996 0.6171223958333333 0.009472656249999989 0.009244791666666696
1 0.39506835937499996 0.6209635416666667 0.008496093749999989 0.010677083333333318
1 0.24716796875 0.1992838541666667 0.02812500000000001 0.028515625000000006
1 0.46171874999999996 0.06158854166666666 0.01640625000000001 0.029427083333333336
1 0.496240234375 0.5153645833333332 0.010449218749999989 0.010677083333333318
0 0.45693359375 0.7649739583333334 0.007706804553495705 0.010275739404661088
1 0.510986328125 0.7126302083333332 0.01748046875000009 0.020833333333333332
1 0.529833984375 0.9065104166666668 0.008496093749999933 0.01484374999999997
1 0.570654296875 0.42506510416666665 0.00537109375 0.013151041666666696
0 0.59921875 0.23255208333333333 0.011604258419932068 0.015472344559909349
1 0.73447265625 0.6122395833333333 0.009570312499999956 0.009895833333333362
1 0.741650390625 0.5899739583333333 0.013769531250000022 0.014583333333333318
1 0.78720703125 0.5043619791666667 0.013867187500000044 0.02825520833333332
1 0.861865234375 0.09837239583333333 0.015527343749999978 0.017057291666666658
0 0.8697265625 0.376953125 0.007437278423695126 0.009916371231593502
1 0.766259765625 0.9006510416666668 0.018261718750000044 0.026041666666666668
0 0.958203125 0.87265625 0.006176323555016072 0.008235098073354763
