0 0.69912109375 0.18411458333333333 0.009649702599246579 0.012866270132328772
0 0.71005859375 0.08020833333333334 0.0126953125 0.016927083333333388
0 0.75458984375 0.8294270833333334 0.010853471866757447 0.014471295822343263
0 0.75732421875 0.5986979166666667 0.006550980402831419 0.008734640537108559
0 0.68740234375 0.5026041666666666 0.007411588266019731 0.00988211768802616
0 0.02939453125 0.5076822916666667 0.008414320011147683 0.011219093348196965
0 0.21482277121374865 0.983625358037952 0.007960889652008196 0.010614519536011002
0 0.40961080155746504 0.9654437432867883 0.009292442010585988 0.012389922680781318
0 0.95341796875 0.7018229166666666 0.00939532302406687 0.012527097365422494
0 0.7720703125 0.25729166666666664 0.019896966658929705 0.026529288878572865
0 0.7890625 0.22148437499999998 0.005373756442264677 0.00716500858968631
0 0.965625 0.24609375 0.01904472147382652 0.025392961965102028
1 0.6123046875 0.9819661458333334 0.017578125 0.014192708333333304
1 0.610302734375 0.9692708333333333 0.004785156249999978 0.012760416666666607
1 0.641259765625 0.9036458333333334 0.00830078125 0.012239583333333451
1 0.587646484375 0.7641927083333333 0.006152343749999956 0.014062499999999941
1 0.641796875 0.5598307291666668 0.01171875 0.010807291666666682
1 0.53134765625 0.4692057291666667 0.024609375000000044 0.029817708333333377
1 0.51806640625 0.48984374999999997 0.01796875000000009 0.03125
1 0.318603515625 0.21946614583333335 0.010839843750000022 0.017578125
1 0.24204101562500002 0.18684895833333334 0.013769531249999994 0.026041666666666668
1 0.028173828125 0.22252604166666667 0.01611328125 0.03359375000000001
1 0.20322419135429265 0.9101200372833537 0.021019120314389378 0.03007229947601771
1 0.3720703125 0.9745442708333334 0.0087890625 0.007161458333333333
1 0.868994140625 0.6085937499999999 0.00927734375 0.012239583333333378
1 0.7265625 0.15019531249999998 0.0078125 0.014192708333333323
1 0.920361328125 0.205078125 0.024316406249999978 0.032291666666666684
0 0.9328125 0.07760416666666667 0.008074229143982148 0.0107656388586429
