0 0.17946698588709678 0.727602066532258 0.007875504032258063 0.010500672043010676
0 0.2523153981854839 0.9885437668010751 0.007875504032258035 0.010500672043010676
0 0.2960244455645161 0.9843434979838709 0.012452265231887916 0.016603020309183886
0 0.37320438508064513 0.89561281922043 0.005283048711960947 0.0070440649492814105
0 0.8697549143145161 0.4887117775537633 0.008805081186601393 0.011740108248801858
0 0.6799552671370968 0.3873802923387096 0.009867978268445654 0.013157304357927687
1 0.05759356098790322 0.970692624327957 0.02244518649193549 0.011550739247311833
1 0.5722577494959677 0.801894321236559 0.012994581653225756 0.01942624327956984
1 0.29819020917338707 0.609469506048387 0.027958039314516125 0.0210013440860215
1 0.3111847908266129 0.448284190188172 0.013782132056451624 0.015751008064516087
1 0.22652312247983872 0.4430338541666666 0.02323273689516131 0.028351814516129004
1 0.5586725050403225 0.12460097446236557 0.007875504032258118 0.016276041666666668
1 0.6732610887096774 0.13168892809139784 0.014963457661290258 0.01785114247311827
1 0.841403099798387 0.4054939516129032 0.016538558467741882 0.030976982526881674
1 0.931183845766129 0.4123193884408602 0.0346522177419355 0.03412718413978492
1 0.6390026461693549 0.4936995967741935 0.0244140625 0.035177251344086
1 0.9177954889112903 0.6987252184139784 0.02205141129032262 0.043052755376344155
