0 0.49130859375 0.8165364583333333 0.010490663282809232 0.013987551043745642
0 0.55673828125 0.8569010416666667 0.006492488335388513 0.008656651113851352
0 0.77998046875 0.746484375 0.01231088633540578 0.016414515113874373
0 0.55341796875 0.9540364583333334 0.008710587156631755 0.01161411620884234
0 0.9091796875 0.71875 0.011992251119538055 0.015989668159384074
0 0.51484375 0.24205729166666667 0.006465994280174581 0.008621325706899441
0 0.4115234375 0.092578125 0.009152636338953135 0.01220351511860418
0 0.9123046875 0.4766927083333334 0.010726195482613887 0.014301593976818516
0 0.96728515625 0.37109375 0.011530056361832353 0.015373408482443137
0 0.21708984375 0.110546875 0.00860262325997857 0.011470164346638093
1 0.509716796875 0.4473958333333334 0.020410156249999978 0.026822916666666623
1 0.5724609375 0.380078125 0.0087890625 0.008593749999999956
1 0.42021484375 0.4072265625 0.008398437500000022 0.018880208333333332
1 0.20517578125 0.037109375 0.021484375 0.03151041666666667
0 0.37265625 0.10234375 0.004835710313726538 0.006447613751635384
1 0.4384765625 0.1412109375 0.012890625000000044 0.007942708333333326
1 0.614208984375 0.10891927083333335 0.016894531250000067 0.014453125000000011
1 0.612353515625 0.09752604166666667 0.004785156249999978 0.01171875
1 0.643017578125 0.029622395833333332 0.008105468750000067 0.010807291666666663
0 0.65693359375 0.28046875 0.004695630968816866 0.006260841291755748
1 0.6981445312500001 0.27877604166666664 0.017187500000000022 0.016927083333333332
1 0.5698346077127658 0.6238764529156816 0.010966127364066103 0.018007535460992912
1 0.93974609375 0.3878255208333334 0.0078125 0.01158854166666671
1 0.971630859375 0.4961588541666666 0.009472656249999933 0.032161458333333316
1 0.391650390625 0.9222005208333334 0.015527343749999978 0.01914062500000006
0 0.09951171875 0.14335937499999998 0.012403497116646428 0.016537996155528572
0 0.10166015625 0.15351562500000002 0.006652104049190005 0.008869472065586673
