0 0.0298828125 0.3497395833333334 0.010022024695833909 0.013362699594445212
0 0.22006051651554404 0.24085168393782386 0.02128171636659354 0.02837562182212472
0 0.2924172198834197 0.21386550086355785 0.005769184267219618 0.007692245689626083
0 0.3855195514896373 0.3983835276338515 0.008601845854922185 0.011469127806562915
0 0.14972777687823832 0.739758743523316 0.007920010849709891 0.010560014466279929
0 0.20260382933937823 0.7832739637305699 0.009979701122953877 0.013306268163938503
0 0.1206752232142857 0.8626302083333331 0.015361827249961948 0.020482436333282728
0 0.9259905133928571 0.7579985119047619 0.010369746615037867 0.013826328820050785
0 0.7523018973214285 0.5301339285714285 0.014714720361139078 0.019619627148185437
0 0.6971958705357142 0.3022693452380952 0.012360522563245935 0.016480696750994655
0 0.3072684151785714 0.05998883928571428 0.013740035995809308 0.018320047994412354
0 0.6155831473214285 0.011160714285714286 0.015298348353419033 0.020397797804558568
0 0.40806361607142855 0.45433407738095233 0.011546418357454513 0.015395224476606018
0 0.4303850446428571 0.46502976190476186 0.021533690067568556 0.028711586756758074
0 0.6291852678571428 0.9365699404761904 0.015057919325420555 0.020077225767227407
0 0.36028180803571425 0.9458705357142856 0.02670785396076547 0.035610471947687294
1 0.12462629738267147 0.6397600782190133 0.02362082581227437 0.026323706377858008
1 0.2996671931407942 0.6038000150421179 0.014101985559566765 0.02867403730445243
1 0.3275186146209387 0.6374097472924188 0.011986687725631773 0.012221720818291168
1 0.2185807761732852 0.7003986161251504 0.019742779783393505 0.03478489771359813
1 0.19161072879061372 0.8193253610108303 0.008108641696750907 0.010341456077015643
1 0.07368287454873645 0.884429527677497 0.011986687725631759 0.012691787003610067
1 0.5099630527978339 0.47641207882069797 0.012339237364620947 0.02303324308062571
1 0.7727640086206897 0.43938577586206895 0.012122844827586188 0.020653735632183867
1 0.6331208881578947 0.1449424342105263 0.012335526315789491 0.034950657894736836
1 0.12736430921052633 0.07675438596491228 0.010279605263157882 0.016447368421052627
