0 0.3094639305385557 0.12411706956344347 0.008394397312040724 0.01119252974938767
0 0.5473355622270742 0.09707912572780204 0.005924384206745348 0.007899178942327242
0 0.53740234375 0.19596354166666666 0.008843149548962481 0.01179086606528316
0 0.56005859375 0.25078125 0.01266522877880738 0.016886971705076508
0 0.75400390625 0.14934895833333334 0.014918090979631371 0.0198907879728419
0 0.8091896186440678 0.2862376412429378 0.0218585461059575 0.029144728141276815
0 0.5390242034313725 0.4049880368814192 0.019946429090220485 0.0265952387869605
0 0.6637929604564756 0.5079479608987968 0.007242008856062965 0.009656011808083953
0 0.84892578125 0.5829427083333333 0.0105179000139346 0.014023866685246281
0 0.78984375 0.5393229166666667 0.006492488335388735 0.008656651113851499
0 0.3672083148312611 0.8161541592658378 0.021238382361531416 0.028317843148708555
0 0.8107644933844012 0.8673906104921077 0.016673477673139425 0.0222313035641859
0 0.2087823275862069 0.23186063218390804 0.006107642267647984 0.008143523023530644
0 0.059650198247078484 0.964498121869783 0.009954310258290945 0.01327241367772114
1 0.08278111049107145 0.9429408482142856 0.025285993303571397 0.022088913690476126
1 0.1786934988839286 0.23493303571428573 0.023542131696428603 0.036039806547619034
1 0.22002001231527096 0.3441220238095237 0.010102370689655166 0.02244971264367816
1 0.36337746305418717 0.3915871305418719 0.012026631773399021 0.030146756978653544
1 0.9177330280172413 0.16924090038314177 0.008306393678160884 0.025443007662835266
1 0.8578006352219626 0.5027319411993769 0.017797167056074814 0.016123929127725905
1 0.5543505727762803 0.03426830637915539 0.018425707547169767 0.025795990566037732
