0 0.3830945914932681 0.46916118421052627 0.017921573605790275 0.023895431474387035
0 0.4031254168890075 0.1138106990394877 0.01595655950590702 0.021275412674542655
0 0.0607421875 0.08606770833333333 0.009947524670505352 0.01326336622734047
0 0.02236328125 0.20481770833333335 0.00769689863095234 0.01026253150793647
0 0.5886454722703639 0.6122273974581166 0.01940090159351593 0.02586786879135457
0 0.7088068181818182 0.5421401515151515 0.022660591098783822 0.030214121465045096
0 0.8129623482549317 0.24856158320687913 0.005176003294697473 0.006901337726263297
0 0.9738166172258592 0.4820478723404255 0.009722091298681512 0.012962788398242017
0 0.9653673390652557 0.5846239344503233 0.021267842042043128 0.02835712272272402
0 0.8616829254850088 0.6032251249265138 0.005733064986046754 0.007644086648062487
0 0.8762755102040816 0.8426339285714285 0.011620997877162864 0.015494663836217152
0 0.7600845025510203 0.982408588435374 0.013195906694233761 0.017594542258978347
0 0.505859375 0.7748697916666667 0.018418496893938652 0.024557995858584942
0 0.55634765625 0.8231770833333334 0.0070448003112777435 0.009393067081703657
0 0.2928520469278467 0.8768144024802704 0.007145302256371555 0.009527069675162222
0 0.22446044389978215 0.9403935185185186 0.022114628370415057 0.029486171160553337
0 0.5258329158316634 0.9165231504676018 0.007672491774139312 0.010229989032185749
1 0.45266508983180426 0.8806702344546381 0.008809967507645289 0.023294151376146804
1 0.380517578125 0.8139973958333333 0.007519531249999989 0.010807291666666607
1 0.2497321279960053 0.26368314469596094 0.021975907123834876 0.016297714158899246
1 0.29355390729027964 0.2913372447847315 0.008712341877496699 0.013697015090989787
1 0.9753168845663266 0.8417038690476191 0.022421077806122458 0.01992984693877542
1 0.08284198113207547 0.06166470125786164 0.02211084905660378 0.020145440251572333
1 0.15267541273584903 0.1481426886792453 0.013635023584905648 0.01424921383647798
1 0.48304834905660377 0.3663030660377358 0.017688679245283057 0.028989779874213806
