0 0.4652460548172757 0.11283568660022154 0.011050006726229245 0.01473334230163903
0 0.21250778654485047 0.238718161683278 0.0050679049495864215 0.006757206599448562
0 0.021737437707641194 0.3581118493909192 0.009290529655884304 0.012387372874512378
0 0.4049003322259136 0.42343230897009976 0.009447817028239824 0.012597089370986433
0 0.4292332848837209 0.523359634551495 0.018353062219335303 0.024470749625780403
0 0.2962131436877076 0.5804609634551495 0.007594930901370089 0.010126574535160119
0 0.6018350290697674 0.7807482004429679 0.008130427277656338 0.010840569703541783
0 0.7134421719269103 0.3282634274640089 0.016260854555312676 0.021681139407083567
0 0.6761316445182723 0.16647632890365452 0.010462855258900783 0.013950473678534359
0 0.6514742524916943 0.18248200442967888 0.009904704060990532 0.01320627208132071
0 0.9866201204318936 0.22963385935769662 0.00587584687638687 0.007834462501849234
0 0.9298432308970099 0.575702519379845 0.00908430232558155 0.012112403100775252
0 0.8711197051495015 0.6691410575858251 0.011911830195368012 0.015882440260490682
0 0.9327631852159468 0.8369843576965669 0.008705621797782559 0.011607495730376746
0 0.8727419019933554 0.869860880398671 0.008657122134633433 0.011542829512844577
1 0.16465297965116277 0.021776370431893746 0.02952398255813954 0.02119670542635659
1 0.3231416112956811 0.1811842469545958 0.01103093853820597 0.010382059800664459
1 0.28307334925249167 0.281327865448505 0.024332952657807327 0.03503945182724252
1 0.11906924833887042 0.6546494324473976 0.009084302325581398 0.011679817275747517
1 0.7994186046511628 0.7028827519379846 0.007786544850498345 0.019898947951273598
1 0.6913802948504983 0.2817604512735327 0.00908430232558144 0.01600567552602435
1 0.7419928363787376 0.03626799557032121 0.024008513289036526 0.020764119601328904
1 0.8696597279900331 0.12559696843853826 0.021088558970099647 0.023792220376522694
1 0.9739669850498338 0.23201308139534885 0.014924210963455087 0.014275332225913595
1 0.8977237333887043 0.29668466223698786 0.01881748338870426 0.023359634551494996
