0 0.21796875 0.16458333333333333 0.006971315741240158 0.009295087654986859
0 0.16494140625 0.004557291666666667 0.009018278422355641 0.012024371229807512
1 0.01837158203125 0.6586100260416666 0.0108642578125 0.017740885416666668
1 0.17041015625 0.9217122395833334 0.02099609375 0.031575520833333336
0 0.164794921875 0.9615885416666666 0.01052356546008415 0.014031420613445533
0 0.0369873046875 0.9308268229166666 0.011272848027944524 0.015030464037259309
0 0.284423828125 0.53125 0.007340476747252356 0.009787302329669808
0 0.3768310546875 0.5183919270833334 0.01036376234218317 0.013818349789577558
1 0.36993408203125 0.3130696614583333 0.0079345703125 0.008626302083333334
0 0.3663330078125 0.09993489583333333 0.007425247229367993 0.009900329639157249
0 0.4176025390625 0.16015625 0.01611328125 0.021484375
1 0.43414306640625 0.22900390625 0.0081787109375 0.0146484375
0 0.4693603515625 0.9178059895833334 0.014689071246573593 0.019585428328764642
1 0.543212890625 0.7579752604166666 0.022705078125 0.015950520833333332
1 0.59295654296875 0.4415690104166667 0.0179443359375 0.0146484375
0 0.6544189453125 0.3912760416666667 0.009379576519676913 0.012506102026236032
0 0.6058349609375 0.11458333333333333 0.011639645938535281 0.015519527918047152
1 0.69610595703125 0.22322591145833334 0.0174560546875 0.02880859375
0 0.6983642578125 0.24576822916666666 0.007029384789495996 0.009372513052661402
0 0.742431640625 0.68994140625 0.010346494189656719 0.013795325586208959
1 0.72308349609375 0.9458821614583334 0.0125732421875 0.01708984375
1 0.7191162109375 0.6722005208333334 0.005615234375 0.016276041666666668
1 0.887451171875 0.8946126302083334 0.0107421875 0.01123046875
0 0.9766845703125 0.6048177083333334 0.008159558089388952 0.010879410785851787
0 0.941650390625 0.22395833333333334 0.011922964303783923 0.015897285738378637
