0 0.58349609375 0.3009114583333333 0.015556490431046788 0.020741987241395716
0 0.387109375 0.47356770833333334 0.014533402478348223 0.019377869971130963
0 0.47618432138480393 0.04387191074346406 0.018129352997184323 0.024172470662912466
0 0.43764839920343135 0.08615770526960785 0.006858220732754328 0.009144294310339057
0 0.3935546875 0.05611979166666667 0.004389102549657076 0.005852136732876045
0 0.2015625 0.9074218749999999 0.008212420328761239 0.010949893771681651
0 0.05498046875 0.3997395833333333 0.0055242717280199055 0.00736569563735993
0 0.482421875 0.6274739583333333 0.0055035167201583635 0.007338022293544484
0 0.634765625 0.6313802083333333 0.005189582131088555 0.006919442841451258
0 0.79736328125 0.765625 0.009303519815480277 0.012404693087307036
0 0.61318359375 0.8122395833333332 0.01677073729430334 0.02236098305907112
0 0.54404296875 0.7921874999999999 0.02267728683901371 0.03023638245201828
0 0.5751953125 0.9697916666666666 0.0052589500069673 0.007011933342623067
1 0.33818359375 0.31419270833333335 0.020898437499999978 0.026562500000000006
1 0.231396484375 0.15279947916666667 0.018652343749999994 0.03372395833333334
1 0.35087890625 0.06197916666666667 0.018945312499999978 0.026041666666666668
1 0.198046875 0.028125 0.016406249999999983 0.025781250000000002
1 0.931884765625 0.6973307291666666 0.018261718750000044 0.029296875
0 0.84912109375 0.08190104166666667 0.006016766328417633 0.008022355104556964
