0 0.07789606227106227 0.017084478021977993 0.01446868447813407 0.019291579304178765
0 0.37623054029304026 0.22885187728937725 0.011198257098857134 0.01493100946514292
0 0.49928456959706957 0.6409397893772893 0.006787168741776206 0.009049558322368275
0 0.3114840888278388 0.8412603021978021 0.008849385357180606 0.011799180476240956
0 0.7554086538461539 0.7988114316239315 0.010416823902931194 0.013889098537241592
0 0.6280620421245422 0.6590640262515263 0.011799180476240734 0.015732240634987793
0 0.8945598672161172 0.2851324023199023 0.01164636317829948 0.01552848423773249
0 0.9085107600732601 0.32281173687423687 0.011842480366619945 0.015789973822160002
0 0.9836309523809524 0.604214362026862 0.006749356922544969 0.008999142563393292
1 0.10204183836996338 0.7563625610500609 0.011804601648351648 0.03624847374847384
1 0.08111549908424909 0.6974587912087911 0.02074748168498168 0.02432463369963367
1 0.10955385760073261 0.5560420482295482 0.013235462454212463 0.029571123321123327
1 0.3703282394688644 0.3938778235653236 0.02682864010989011 0.05914224664224658
1 0.3268658424908425 0.21668956043956036 0.009300595238095288 0.013831654456654463
1 0.8231956845238095 0.6120840964590964 0.019674336080586108 0.022416819291819268
