0 0.4705078125 0.583984375 0.016957354743084574 0.022609806324112764
0 0.321875 0.3540364583333333 0.01565548783386861 0.02087398377849148
0 0.42451171875 0.7421875 0.007109482313750415 0.009479309751667367
0 0.82255859375 0.5868489583333333 0.010911310721456013 0.014548414295274537
0 0.10419921875 0.9523437499999999 0.0096970246775831 0.01292936623677754
0 0.09873046875 0.99453125 0.00888403548089381 0.011845380641191857
0 0.1427734375 0.7881510416666666 0.006032595785734618 0.008043461047646083
0 0.24873046875 0.13789062500000002 0.006905339660024851 0.009207119546699838
0 0.62900390625 0.330078125 0.004990989194992412 0.006654652259989772
0 0.69794921875 0.60390625 0.0049449175395204215 0.006593223386027229
1 0.428271484375 0.5620442708333333 0.018457031249999978 0.017057291666666623
1 0.6905761718750001 0.6362630208333333 0.018652343750000022 0.022005208333333377
1 0.4490234375 0.7217447916666666 0.0078125 0.011458333333333423
1 0.33696289062499996 0.9311848958333334 0.009082031250000011 0.022005208333333304
1 0.194970703125 0.6949869791666666 0.01025390625 0.007682291666666785
1 0.029150390625 0.4640625 0.015722656249999998 0.009374999999999986
1 0.34794921875 0.27076822916666665 0.008203124999999978 0.007682291666666674
1 0.200732421875 0.03802083333333333 0.013378906250000017 0.013802083333333335
1 0.58154296875 0.3490234374999999 0.009765625 0.016015625000000016
1 0.78115234375 0.8057291666666666 0.01953125 0.024479166666666757
0 0.9275390625 0.40260416666666665 0.006016766328417633 0.008022355104556992
0 0.314453125 0.2713541666666667 0.005430249521272579 0.007240332695030105
0 0.271875 0.9308593749999999 0.007437278423695237 0.009916371231593502
0 0.9328125 0.7333333333333334 0.005334570423338958 0.007112760564451944
