0 0.0521484375 0.08515625 0.012022432341025291 0.01602990978803372
0 0.19130859375 0.4966145833333333 0.019141621466408798 0.025522161955211804
0 0.187890625 0.5735677083333334 0.015009864106906912 0.020013152142542474
0 0.12451171875 0.6330729166666667 0.005586074080498091 0.0074480987739973985
0 0.0865234375 0.4298177083333334 0.005426735933378807 0.007235647911171779
0 0.0431640625 0.7790364583333332 0.007969611626212278 0.010626148834949648
0 0.45634765625 0.8139322916666667 0.008343753657536701 0.011125004876715453
0 0.51865234375 0.8149739583333333 0.006442352540027674 0.008589803386703565
0 0.18759765625 0.9751302083333333 0.0076968986309524645 0.01026253150793662
0 0.5560546875 0.5877604166666667 0.006289547729728451 0.008386063639637934
0 0.40322265625 0.780859375 0.00642456414195236 0.008566085522603295
0 0.81083984375 0.6791666666666667 0.005826731988350042 0.007768975984466723
0 0.7224609375 0.7139322916666666 0.007969611626212458 0.010626148834949944
0 0.9350537055061179 0.042871709306637 0.008198328987118142 0.010931105316157541
1 0.5901855468749999 0.19407552083333335 0.024316406249999978 0.024869791666666658
1 0.837939453125 0.29596354166666666 0.029199218749999978 0.03151041666666669
1 0.1818359375 0.5524088541666666 0.007617187499999983 0.01992187499999994
1 0.18125000000000002 0.5951171875 0.009374999999999994 0.01445312500000003
1 0.30205078125 0.5002604166666667 0.016992187499999978 0.01171875
1 0.33935546875 0.6202473958333333 0.008984375000000044 0.016015625000000016
1 0.195068359375 0.9099609375000001 0.007519531249999989 0.010026041666666726
1 0.21083984375 0.9352864583333332 0.0166015625 0.02317708333333342
1 0.425537109375 0.8100911458333333 0.011816406250000022 0.009765625
1 0.526953125 0.8378255208333334 0.014453124999999956 0.019401041666666636
1 0.585595703125 0.7518880208333334 0.025097656250000044 0.02617187500000003
1 0.794657542293233 0.6502584586466166 0.008957941729323293 0.012922932330827086
1 0.8140419407894737 0.7472783521303258 0.022761983082706716 0.02290883458646616
1 0.7470042293233081 0.7582432644110275 0.007636278195488733 0.01625156641604016
1 0.957958984375 0.7360677083333332 0.014550781249999978 0.014062500000000089
