0 0.340234375 0.17109375000000002 0.02267392225637821 0.030231896341837556
0 0.24873046875 0.062109375 0.01400405607050259 0.01867207476067016
0 0.3990234375 0.012890625000000001 0.009212872199274025 0.012283829599032037
0 0.41875 0.38255208333333335 0.009181765057455604 0.012242353409940806
0 0.263671875 0.44361979166666665 0.02096313728906052 0.027950849718747357
0 0.07490234375 0.75 0.023535764061134834 0.031381018748179855
0 0.7484375 0.469921875 0.02065608600776425 0.027541448010352337
0 0.819140625 0.6471354166666666 0.009317859720215926 0.012423812960287902
0 0.73359375 0.7380208333333332 0.009346473526566479 0.012461964702088638
0 0.96796875 0.7829427083333332 0.007805172344800049 0.010406896459733398
0 0.8216796875 0.91953125 0.008240243402237946 0.010986991202983928
0 0.84853515625 0.58984375 0.004283537538957383 0.0057113833852763625
0 0.07255859375 0.953125 0.008567075077914571 0.011422766770552725
0 0.02978515625 0.9190104166666666 0.006640624999999914 0.008854166666666607
0 0.868359375 0.16614583333333333 0.005416181493696159 0.007221575324928138
0 0.98046875 0.41119791666666666 0.0052589500069673 0.007011933342623067
1 0.883056640625 0.7561848958333334 0.008691406250000089 0.010546874999999881
1 0.234326171875 0.6871744791666666 0.016503906250000006 0.026432291666666607
1 0.20449218749999998 0.8560546875 0.0064453124999999944 0.01054687500000003
1 0.9544921875 0.6265625 0.007031250000000044 0.014062500000000014
1 0.84521484375 0.2494140625 0.021679687500000044 0.024869791666666658
1 0.89033203125 0.315625 0.010156249999999978 0.009374999999999986
