1 0.03460693359375 0.05517578125 0.0238037109375 0.0302734375
0 0.091796875 0.09521484375 0.005173247094828387 0.006897662793104516
0 0.169677734375 0.13753255208333334 0.006181146924400471 0.008241529232533962
0 0.0584716796875 0.3333333333333333 0.00975646543100004 0.013008620574666748
1 0.01324462890625 0.4892578125 0.0081787109375 0.013020833333333334
1 0.01885986328125 0.9078776041666666 0.0137939453125 0.018229166666666668
0 0.1328125 0.984375 0.008290003342944163 0.011053337790592366
0 0.210693359375 0.3006184895833333 0.006573687508709125 0.008764916678278833
0 0.2291259765625 0.7228190104166666 0.011782156750013317 0.015709542333351163
1 0.22015380859375 0.9151204427083334 0.0150146484375 0.02587890625
1 0.4730224609375 0.641845703125 0.006591796875 0.009602864583333334
0 0.438720703125 0.57421875 0.010500885335745447 0.014001180447660596
1 0.48828125 0.510986328125 0.0107421875 0.014485677083333334
1 0.4683837890625 0.4380696614583333 0.01025390625 0.008626302083333334
0 0.4466552734375 0.2648111979166667 0.011728918114711218 0.015638557486281623
0 0.638427734375 0.61376953125 0.010811323156974861 0.014415097542633148
0 0.60595703125 0.7509765625 0.014389806668253291 0.019186408891004387
0 0.56787109375 0.9860026041666666 0.009357308543328502 0.01247641139110467
0 0.54541015625 0.9435221354166666 0.007147109945461194 0.009529479927281592
0 0.67333984375 0.4874674479166667 0.022998513381016883 0.03066468450802266
0 0.6888427734375 0.41064453125 0.01294866270134376 0.01726488360179183
1 0.820068359375 0.333251953125 0.00830078125 0.014485677083333334
0 0.9422607421875 0.3216145833333333 0.010811323156974861 0.014415097542633148
0 0.890869140625 0.12467447916666667 0.007180391196217162 0.009573854928289549
0 0.9603271484375 0.5030924479166666 0.005859375 0.0078125
