0 0.02880859375 0.048177083333333336 0.01795720268401689 0.02394293691202252
0 0.0831298828125 0.5673828125 0.018076301133215594 0.02410173484428742
0 0.1461181640625 0.5633138020833334 0.012884057423787842 0.017178743231717124
0 0.04833984375 0.53076171875 0.011430371006562134 0.015240494675416253
1 0.07781982421875 0.5865885416666666 0.0152587890625 0.0234375
1 0.10699462890625 0.679931640625 0.0208740234375 0.024576822916666668
1 0.19793701171875 0.5961100260416666 0.0191650390625 0.021647135416666668
0 0.2130126953125 0.388671875 0.005715185503281095 0.007620247337708126
0 0.2783203125 0.76513671875 0.008873428635442493 0.01183123818059014
0 0.301025390625 0.8623046875 0.005572613384039693 0.007430151178719591
1 0.22735595703125 0.6359049479166666 0.0069580078125 0.014322916666666666
0 0.3284912109375 0.8917643229166666 0.004864467491496938 0.006485956655329102
0 0.4395751953125 0.6435546875 0.01567261117744534 0.020896814903260452
0 0.3841552734375 0.68896484375 0.024204422188875196 0.03227256291850041
0 0.370361328125 0.29345703125 0.021762778025455565 0.02901703736727416
0 0.4693603515625 0.3043619791666667 0.005869538711021138 0.007826051614694851
0 0.601806640625 0.06884765625 0.010265525410951382 0.013687367214601972
0 0.5430908203125 0.4869791666666667 0.011741615875401346 0.01565548783386861
0 0.4903564453125 0.6066080729166666 0.012025010113305368 0.01603334681774049
0 0.5567626953125 0.8430989583333334 0.005899924791794131 0.007866566389058841
0 0.7178955078125 0.26904296875 0.006840295764708015 0.009120394352943947
0 0.6439208984375 0.4013671875 0.004907165830625448 0.006542887774167265
1 0.6519775390625 0.6119791666666666 0.0166015625 0.024088541666666668
0 0.760986328125 0.7278645833333334 0.006905339660024934 0.009207119546699912
1 0.7698974609375 0.5784505208333334 0.006103515625 0.018229166666666668
0 0.833740234375 0.7005208333333334 0.005376639537486572 0.007168852716648762
0 0.855224609375 0.10709635416666667 0.013810679320049868 0.018414239093399676
0 0.85498046875 0.0576171875 0.005132762705475802 0.006843683607300995
0 0.966064453125 0.71142578125 0.03246244167694279 0.04328325556925705
1 0.98779296875 0.6133626302083334 0.01611328125 0.017415364583333332
