0 0.8541015625 0.09544270833333333 0.014471588713158345 0.01929545161754446
0 0.878125 0.26510416666666664 0.01245720212429835 0.0166096028323978
0 0.49140625 0.3419270833333334 0.014231032212458472 0.018974709616611258
0 0.60400390625 0.7063802083333334 0.01229228045121844 0.016389707268291254
0 0.29814453125 0.5545572916666667 0.00968324629393802 0.012910995058584026
0 0.18134765625 0.7266927083333333 0.020701282347243943 0.027601709796325185
0 0.88369140625 0.5815104166666667 0.022510983647224814 0.030014644862966566
0 0.90185546875 0.5903645833333333 0.008400708268596402 0.011200944358128387
0 0.63935546875 0.8016927083333334 0.00900346138407504 0.01200461517876672
0 0.6216796875 0.31679687500000003 0.005744312956973641 0.007659083942631595
0 0.17705078125 0.310546875 0.007042092334890615 0.00938945644652082
0 0.20458984375 0.3875 0.004894517221149086 0.006526022961532115
0 0.0634765625 0.044921875 0.008128379705736266 0.01083783960764835
0 0.6005859375 0.03177083333333333 0.006310740008360849 0.008414320011147705
1 0.24013671874999998 0.439453125 0.018164062499999994 0.015625
1 0.374267578125 0.4319661458333333 0.00927734375 0.009765625
1 0.4111328125 0.28977864583333335 0.010351562500000022 0.011328125000000022
1 0.778515625 0.11328125 0.023242187500000067 0.0234375
1 0.732421875 0.1595703125 0.009960937500000044 0.009765625
1 0.671484375 0.1458984375 0.017382812499999956 0.015755208333333326
1 0.46025390624999996 0.7589192708333332 0.009570312500000011 0.011588541666666638
1 0.50390625 0.8038411458333333 0.017187499999999967 0.026432291666666607
