0 0.05986328125 0.34414062500000003 0.024048830583656387 0.03206510744487515
0 0.0189453125 0.43919270833333335 0.02372866023201161 0.03163821364268212
0 0.1255859375 0.5343749999999999 0.021292645914012975 0.028390194552017373
0 0.48388671875 0.5134114583333333 0.013934421079481951 0.018579228105975936
0 0.46084387483355527 0.7931854749223258 0.019310081121886036 0.02574677482918138
0 0.41858251498002663 0.800120672436751 0.012123275238022813 0.016164366984030565
0 0.31484375 0.68984375 0.010499750043527878 0.013999666724703985
0 0.852734375 0.6208333333333333 0.011799849583588484 0.01573313277811798
0 0.84375 0.52109375 0.008978003855125927 0.011970671806834718
0 0.8658203125 0.7098958333333334 0.012259652208183702 0.016346202944244936
0 0.90390625 0.7682291666666666 0.007861176483397792 0.01048156864453039
0 0.9841796875 0.2779947916666667 0.019826864432447744 0.026435819243263586
0 0.3947265625 0.8976562499999999 0.008149471111338014 0.01086596148178387
0 0.27607421875 0.8747395833333332 0.009212872199274136 0.012283829599032181
0 0.22060546875 0.166015625 0.009003461384075095 0.012004615178766795
1 0.0486328125 0.7707031250000002 0.008203124999999999 0.022916666666666696
1 0.085791015625 0.7729166666666667 0.009082031249999997 0.008072916666666726
1 0.10356445312500001 0.7824218750000002 0.007519531250000003 0.02265624999999997
1 0.600537109375 0.2762369791666667 0.016308593749999933 0.026953124999999984
1 0.706103515625 0.5025390625 0.02001953125 0.01445312500000003
1 0.739453125 0.4716145833333334 0.024218750000000067 0.03020833333333332
1 0.826611328125 0.6143880208333333 0.017871093750000067 0.023828125000000016
1 0.793017578125 0.6457682291666667 0.025097656249999933 0.024869791666666696
1 0.78388671875 0.759765625 0.012109374999999978 0.01953125
1 0.5611328125 0.8124348958333334 0.020312499999999956 0.029296875
