0 0.3240234375 0.7239583333333334 0.010054326309557604 0.013405768412743472
0 0.4220703125 0.7755208333333333 0.008560393359691942 0.011413857812922442
0 0.017578125 0.6256510416666666 0.01706387535951774 0.022751833812690265
0 0.100390625 0.664453125 0.009427748739177483 0.01257033165223668
0 0.28330078125 0.26640625 0.006406726354240888 0.008542301805654443
1 0.111279296875 0.25644531249999997 0.027246093750000006 0.027734374999999978
1 0.1486328125 0.17526041666666667 0.014843750000000017 0.013281249999999986
1 0.394140625 0.3259114583333333 0.017578125 0.024999999999999984
1 0.38178710937500004 0.8682291666666666 0.012402343749999989 0.020833333333333332
0 0.46044921875 0.7761718750000001 0.005078124999999933 0.0067708333333333925
0 0.5494140625 0.953515625 0.005387935243802433 0.007183913658403244
0 0.6544921875 0.6891927083333332 0.02154465973927766 0.028726212985703548
0 0.6746782112526539 0.5657261809978767 0.008523588770192436 0.011364785026923396
1 0.645443537685775 0.5513507386765747 0.008086186305732546 0.011058032554847866
0 0.690234375 0.5559895833333334 0.005330993774983028 0.007107991699977371
0 0.85625 0.8022135416666667 0.010292431348637221 0.013723241798182961
0 0.915625 0.8731770833333333 0.009901399887215945 0.013201866516287927
0 0.93310546875 0.9315104166666667 0.006501295694177012 0.008668394258902682
1 0.7584472656250001 0.77734375 0.005761718749999978 0.007291666666666548
0 0.8869140625 0.49062500000000003 0.009456030028835993 0.01260804003844799
0 0.5552734375 0.07591145833333333 0.008651263511855412 0.011535018015807289
0 0.7583984375 0.24739583333333334 0.0076968986309522425 0.010262531507936323
0 0.8580078125 0.24427083333333333 0.011799849583588484 0.015733132778117904
0 0.7191356917336394 0.477031907768848 0.005834534582761064 0.007779379443681567
1 0.34599609374999996 0.16282552083333332 0.02226562500000001 0.035026041666666674
1 0.45920160831648127 0.13425808897876645 0.021427104398382246 0.014218907987866533
1 0.393701171875 0.04466145833333333 0.015722656249999967 0.019270833333333338
1 0.24892578125 0.06282552083333333 0.006640625000000011 0.014713541666666663
1 0.736261410482921 0.5677635453474675 0.007361601884570135 0.012269336474283484
0 0.6865234375 0.9609375 0.004336641271713626 0.005782188362284835
1 0.958935546875 0.8505859375 0.01220703125 0.007942708333333215
