0 0.5955391936450839 0.5676021682653877 0.027824015925283385 0.03709868790037785
0 0.8977377583661417 0.5864501312335958 0.018665778933837363 0.02488770524511663
0 0.7812423105314961 0.6305364173228346 0.007089339672500028 0.009452452896666705
0 0.4302734375 0.058984375 0.01671948012424429 0.022292640165659055
0 0.34453125 0.07708333333333334 0.006492488335388513 0.008656651113851296
0 0.6646845662378303 0.03277121001390821 0.020582348247907944 0.027443130997210546
0 0.6581650947496523 0.07188803894297636 0.010649717372170686 0.014199623162894378
0 0.584277751216968 0.1416101645804358 0.006709127822511984 0.008945503763349386
0 0.6656974467418546 0.20950814536340853 0.010746837014460109 0.014329116019280072
0 0.9895997323677581 0.059685925692695214 0.023310291523303994 0.031080388697738565
0 0.172295292721519 0.24574762658227847 0.0059848291321747404 0.007979772176232988
0 0.0572265625 0.4466145833333333 0.005551824376387474 0.007402432501849947
0 0.25126953125 0.7200520833333334 0.0062895477297283675 0.008386063639637934
0 0.187890625 0.5207031249999999 0.00449643141922712 0.0059952418923027535
0 0.12236328125000001 0.8816406250000001 0.00625305101311803 0.008337401350824022
0 0.4567868341319053 0.7997463359639232 0.010809732339199574 0.014412976452266099
0 0.5266686593007915 0.8426987137203167 0.01498025421931537 0.019973672292420492
0 0.7032329266934046 0.40014111705288175 0.020684952620199537 0.027579936826932716
0 0.9678430144720102 0.702893076759966 0.00919409987277331 0.012258799830364412
0 0.6982421875 0.8510416666666667 0.0060325957857345625 0.008043461047646083
1 0.04453765368852458 0.17367870560109291 0.0108062243852459 0.02721567622950823
1 0.2386494620901639 0.30788934426229514 0.01640945184426232 0.01174009562841527
1 0.9868280319940477 0.12381417410714286 0.01017252604166663 0.014338417658730155
1 0.35611155063291144 0.769053270042194 0.007416930379746833 0.017800632911392295
