0 0.44384765625 0.209375 0.022515219733080682 0.03002029297744091
0 0.8265625 0.6235677083333333 0.013854803008569005 0.018473070678091858
0 0.58466796875 0.2080729166666667 0.018260413138488474 0.02434721751798456
0 0.40771484375 0.4928385416666667 0.0062986388658582415 0.008398185154477655
0 0.11298828125 0.5118489583333333 0.004979511243742962 0.006639348324990617
1 0.32529296875 0.31777343750000003 0.013671875 0.017578125
1 0.57470703125 0.4621744791666667 0.025195312499999956 0.03164062500000001
1 0.53828125 0.41595052083333334 0.009960937499999933 0.00898437499999997
1 0.797119140625 0.2606119791666667 0.01865234374999991 0.026692708333333332
1 0.74580078125 0.12773437499999998 0.013671875 0.017968749999999995
1 0.252197265625 0.6097005208333334 0.012988281249999983 0.02695312500000006
1 0.60888671875 0.7068359375000001 0.021289062499999956 0.024348958333333393
1 0.7140625 0.701171875 0.012304687500000022 0.021614583333333215
1 0.735791015625 0.5430989583333333 0.02001953125 0.018750000000000044
1 0.30869140625 0.424609375 0.013671875 0.01171875
1 0.32724609375 0.9061197916666668 0.01835937500000001 0.02031250000000003
1 0.05322265625 0.6943359375 0.017578125 0.028776041666666547
1 0.23764648437500002 0.9826822916666668 0.012792968749999994 0.021354166666666636
0 0.8265625 0.9645833333333332 0.00821242032876146 0.010949893771681948
0 0.9423828125 0.048177083333333336 0.00472397914939382 0.006298638865858297
1 0.963037109375 0.042773437500000004 0.025097656250000044 0.030859375000000005
