0 0.2759765625 0.5643229166666667 0.021841841498350445 0.029122455331133928
0 0.321875 0.9471354166666667 0.01495129625703484 0.019935061676046455
1 0.057373046875 0.20097656249999998 0.017871093750000004 0.025651041666666652
0 0.008203125 0.51796875 0.005334570423338905 0.007112760564451944
0 0.08076171875 0.49192708333333335 0.005940197783494333 0.00792026371132574
0 0.039453125 0.8580729166666666 0.010747512884529353 0.01433001717937247
0 0.10634765625 0.09635416666666667 0.004462367054217126 0.0059498227389561675
1 0.1427734375 0.3481770833333333 0.0244140625 0.042187500000000044
1 0.0544921875 0.7157552083333334 0.008398437500000001 0.008333333333333304
0 0.19205400025278058 0.7368501432423323 0.008334234329977042 0.011112312439969388
0 0.19797854524772496 0.7996503201887428 0.020698257142608034 0.02759767619014397
1 0.2595703125 0.6115885416666667 0.009765625 0.01250000000000003
1 0.2681640625 0.3805338541666667 0.012500000000000011 0.009244791666666696
1 0.17451171875 0.10898437499999998 0.005664062499999983 0.008072916666666671
1 0.27949218750000004 0.017513020833333334 0.010937499999999989 0.012109375
1 0.329931640625 0.8839843749999999 0.008105468750000011 0.015364583333333274
1 0.34326171875 0.5792317708333333 0.006054687500000044 0.007161458333333333
1 0.44208984375 0.5813802083333334 0.01171875 0.01796874999999994
1 0.42001953125 0.07578125000000001 0.012890624999999989 0.014843749999999998
0 0.5240234375 0.4328125 0.006468943422530904 0.008625257896707872
0 0.553515625 0.2518229166666667 0.018693967382658716 0.02492528984354488
1 0.5962890625 0.36223958333333334 0.0087890625 0.0078125
1 0.6114257812499999 0.1406901041666667 0.010156249999999978 0.010026041666666671
0 0.66767578125 0.244140625 0.007152278681094026 0.00953637157479196
0 0.720703125 0.3338541666666666 0.009466110012541051 0.012621480016721512
0 0.6912109375 0.5769531250000001 0.010953183510007847 0.014604244680010462
1 0.6974121093750001 0.5677734375 0.009863281250000022 0.007421874999999985
1 0.7107421875 0.5958984374999999 0.016406250000000067 0.015755208333333288
1 0.7583984374999999 0.5354166666666667 0.026953125000000022 0.03046874999999997
0 0.68662109375 0.851171875 0.010351562499999911 0.013802083333333215
0 0.82392578125 0.26601562500000003 0.007042092334890615 0.00938945644652082
0 0.81640625 0.33984375 0.0073832258482171564 0.00984430113095606
1 0.7861328125 0.3484375 0.010351562499999911 0.008593749999999956
0 0.85078125 0.519921875 0.007902315751618483 0.010536421002157978
0 0.85537109375 0.671484375 0.004894517221149197 0.006526022961532263
0 0.8553365515829694 0.9051952556404658 0.015264461934613394 0.020352615912817857
1 0.8300162902565502 0.9818845524017465 0.009061988264192133 0.008102483624454168
0 0.941796875 0.6227864583333333 0.009011931246140081 0.012015908328186775
1 0.9610351562499999 0.6670572916666666 0.020898437499999978 0.013802083333333362
