1 0.1627197265625 0.7859700520833334 0.009033203125 0.010091145833333334
0 0.276611328125 0.035319010416666664 0.005459150335692886 0.007278867114257126
1 0.3177490234375 0.3788248697916667 0.020751953125 0.025227864583333332
0 0.2420654296875 0.6287434895833334 0.01888897571668427 0.025185300955578988
1 0.28253173828125 0.6302083333333334 0.0211181640625 0.029296875
0 0.3681640625 0.9523111979166666 0.006123015724601832 0.008164020966135629
0 0.348876953125 0.8487955729166666 0.019659005995310008 0.02621200799374653
0 0.420654296875 0.8185221354166666 0.013167760312657983 0.017557013750210793
0 0.4466552734375 0.7783203125 0.017340860211991993 0.023121146949322657
1 0.40203857421875 0.582275390625 0.0137939453125 0.031087239583333332
0 0.430908203125 0.3756510416666667 0.008600544411039301 0.011467392548052402
0 0.4918212890625 0.3850911458333333 0.009892968549489622 0.01319062473265283
0 0.560302734375 0.3826497395833333 0.008474880350444192 0.011299840467258923
0 0.5843505859375 0.016927083333333332 0.0107421875 0.014322916666666666
0 0.60009765625 0.455078125 0.00732421875 0.009765625
0 0.4853515625 0.9542643229166666 0.022757520920640095 0.030343361227520127
1 0.48065185546875 0.2939453125 0.0103759765625 0.017578125
0 0.7408447265625 0.42919921875 0.023499724122721055 0.03133296549696126
0 0.680419921875 0.7932942708333334 0.007147109945461194 0.009529479927281592
0 0.75732421875 0.7488606770833334 0.006029828630482736 0.008039771507310315
1 0.73797607421875 0.7571614583333334 0.0260009765625 0.025390625
0 0.8603515625 0.87890625 0.009533996186409599 0.012711994915212799
1 0.7735595703125 0.9611002604166666 0.006103515625 0.011067708333333334
0 0.882568359375 0.17252604166666666 0.005904973936742053 0.00787329858232281
0 0.7916259765625 0.24820963541666666 0.013726262496943864 0.01830168332925856
0 0.8492431640625 0.4617513020833333 0.02489755621871481 0.033196741624953084
0 0.9085693359375 0.5380859375 0.007580163425908282 0.010106884567877561
1 0.88238525390625 0.19864908854166666 0.0057373046875 0.01123046875
1 0.9337158203125 0.5216471354166666 0.00927734375 0.016276041666666668
0 0.9776611328125 0.2521158854166667 0.00633825927038445 0.008451012360512452
0 0.923095703125 0.64501953125 0.010568779698199915 0.014091706264266554
1 0.9296875 0.975830078125 0.02978515625 0.03466796875
