0 0.4091796875 0.7197916666666666 0.014736713179404504 0.01964895090587267
0 0.4525390625 0.6490885416666666 0.006869338044948825 0.0091591173932651
0 0.30263671875 0.7860677083333334 0.012875820096757473 0.017167760129009817
0 0.21328125 0.6234375 0.00899286283845413 0.011990483784605507
0 0.2228515625 0.290234375 0.01105544663912883 0.01474059551883844
0 0.09013671875 0.23463541666666665 0.011445379159362196 0.015260505545816297
0 0.38662109375 0.07825520833333334 0.008130725897069757 0.010840967862759732
0 0.55029296875 0.249609375 0.020625591847568847 0.027500789130091945
0 0.595703125 0.23203125 0.007657146790590819 0.010209529054121239
0 0.6646484375 0.5950520833333334 0.010772329869638941 0.014363106492851774
0 0.63671875 0.5717447916666667 0.006634878027915292 0.00884650403722024
1 0.132666015625 0.620703125 0.01220703125 0.020833333333333332
1 0.154931640625 0.9557291666666666 0.007519531249999989 0.014062499999999941
1 0.715087890625 0.08079427083333333 0.01220703125 0.017578125
1 0.8960937499999999 0.4326822916666666 0.014257812500000022 0.017187499999999984
0 0.76181640625 0.7408854166666666 0.0056942889598099455 0.007592385279746594
0 0.859375 0.7125 0.015335451947229295 0.020447269262972394
1 0.95283203125 0.5323567708333333 0.007226562499999978 0.008463541666666666
