0 0.6092794076751946 0.46202956989247307 0.012907962647310312 0.017210616863080414
0 0.502680102915952 0.2432193396226415 0.01213930567377336 0.016185740898364553
0 0.5777464874031008 0.07667151162790702 0.012936052182227487 0.017248069576303177
0 0.8720483672752809 0.1411809456928839 0.01548849435293742 0.020651325803916636
0 0.45457016941391937 0.6781421703296703 0.01541084251125946 0.02054779001501276
0 0.3708580280172414 0.6888769157088123 0.0090497684854286 0.012066357980571318
0 0.2953125 0.7075520833333333 0.005704328854105656 0.007605771805474208
0 0.3371726037379973 0.8508837734339277 0.00725361495342558 0.009671486604567292
0 0.9895594731675392 0.1301674301919721 0.005338016662360223 0.007117355549813631
1 0.09474593874007936 0.21516927083333337 0.02402653769841269 0.025318287037037052
1 0.4251994680851064 0.12283118034447826 0.009795307750759874 0.017809650455927067
1 0.49008701989026066 0.3720243198445359 0.009243184156378592 0.011073959762231356
1 0.5043251019813519 0.4446083430458431 0.014341127622377658 0.02306721056721058
1 0.7733368234536082 0.7057157431271479 0.024665753865979356 0.03691473367697595
1 0.8219132570876289 0.7899484536082474 0.029196198453608213 0.02416237113402057
