0 0.20115240863787373 0.18507751937984498 0.008729770587023566 0.011639694116031421
0 0.17876609219269102 0.3572466777408638 0.009176531109667707 0.012235374812890202
0 0.2248364825581395 0.37498269656699895 0.005067904949586477 0.006757206599448562
0 0.004542151162790697 0.5155730897009968 0.009580579747348265 0.012774106329797696
0 0.1129049003322259 0.7517649501661129 0.006988637883013071 0.009318183844017428
0 0.7559437292358804 0.5873823366555925 0.009733181063122931 0.012977574750830575
0 0.5921018480066444 0.5177360188261352 0.01079949450859985 0.014399326011466318
0 0.8798795681063122 0.26034745293466227 0.009580579747348272 0.012774106329797771
0 0.7708679401993355 0.7716638981173864 0.009222299628550479 0.012296399504733971
1 0.4158474751655629 0.15155042770419427 0.019401903973509937 0.029749586092715236
1 0.5047728683774835 0.3352217853200883 0.010347682119205281 0.011641142384105962
1 0.10848897971854304 0.5359237030905076 0.03718698261589404 0.029318432671081657
1 0.3836726510761589 0.8465697433774834 0.019725269039735094 0.030611892935982283
1 0.6059861341059603 0.7836213438189845 0.0181084437086092 0.025438051876379635
1 0.9246624068708609 0.8269522626931568 0.0177850786423841 0.024144591611479083
