0 0.006164348006644518 0.3974771594684386 0.011011837331601139 0.014682449775468212
0 0.11420265780730895 0.44635935769656704 0.007840431617002347 0.010453908822669758
0 0.23197414867109634 0.4762077796234774 0.00648878737541525 0.008651716500553666
0 0.47400591777408635 0.4480897009966778 0.00587584687638687 0.00783446250184916
0 0.19271698504983387 0.5164382613510521 0.007254684831485558 0.009672913108647338
0 0.03893272425249169 0.6544331395348838 0.008309702343013953 0.011079603124018641
0 0.5194274294019933 0.8330910852713177 0.006121509766959798 0.008162013022613065
0 0.8192094061461793 0.9105239479512734 0.0068976755948497726 0.00919690079313303
0 0.9006436877076411 0.6630848560354375 0.009290529655884061 0.012387372874512156
0 0.7374506852159468 0.2356900609080842 0.008130427277656338 0.01084056970354171
0 0.6706161752491694 0.18637527685492805 0.00830970234301387 0.011079603124018567
1 0.17146620639534882 0.7286216085271318 0.01330201411960133 0.012544988925802988
1 0.012328696013289037 0.6717365725359912 0.015573089700996677 0.017303433001107333
1 0.1111204838039867 0.5731070044296789 0.011355377906976744 0.02162929125138424
1 0.766812448089701 0.9483752076411959 0.016546407807308983 0.016005675526024426
1 0.9004814680232558 0.46647459856035445 0.00940874169435213 0.013410160575858235
