0 0.19129178113553114 0.02423878205128202 0.010731456043956034 0.014308608058608062
0 0.36299507783882784 0.1601705586080586 0.007154304029303948 0.009539072039072005
0 0.21454326923076925 0.18354128510378506 0.019839492650901513 0.026452656867868685
0 0.1523008241758242 0.2660542582417582 0.010731456043955978 0.014308608058607971
0 0.01493818681318681 0.2856093559218559 0.011175380145241911 0.014900506860322515
0 0.02888907967032967 0.3242425976800976 0.010243404492385193 0.0136578726565136
0 0.5017885760073261 0.5159779456654456 0.013441716909952994 0.01792228921327066
0 0.10436698717948718 0.6051682692307693 0.005058856893791125 0.00674514252505487
0 0.638435782967033 0.9027873168498167 0.010243404492385366 0.013657872656513822
0 0.8172933836996338 0.9390357905982905 0.01700558654419182 0.02267411539225576
0 0.7918956043956045 0.9643143315018313 0.0190094583556355 0.025345944474180666
0 0.6624027014652015 0.6991281288156288 0.015360942188632931 0.020481256251510576
0 0.8240899725274725 0.6247233669108669 0.011311947902960418 0.015082597203947223
0 0.6463055173992674 0.4806833791208791 0.010920571144169111 0.014560761525558666
0 0.6269888965201466 0.2689159798534798 0.011733931051723268 0.015645241402297765
0 0.9432091346153847 0.7573164682539683 0.0070461723055432746 0.009394896407391032
0 0.9299736721611722 0.5713045634920635 0.018601190476190466 0.024801587301587286
1 0.5039348672161172 0.4513507326007326 0.012877747252747318 0.016693376068376065
1 0.3646047962454212 0.5343406593406593 0.01681261446886445 0.025278540903540907
1 0.44848901098901095 0.8264747405372406 0.019316620879120894 0.02861721611721609
1 0.5531207074175825 0.9802922771672771 0.020389766483516425 0.02241681929181934
1 0.7348400297619048 0.6180460164835164 0.023251488095238138 0.03243284493284496
1 0.7475389194139195 0.5093005952380952 0.010016025641025661 0.012400793650793718
1 0.7711481227106227 0.20667353479853476 0.010016025641025661 0.010969932844932861
