0 0.024954212454212452 0.14300022893772893 0.011175380145241873 0.014900506860322515
0 0.25460737179487175 0.18974168192918187 0.007605129502013752 0.010140172669351669
0 0.3340201465201465 0.17257135225885223 0.009328071207077904 0.012437428276103927
0 0.5339829441391941 0.11009043040293037 0.007082399651307636 0.009443199535076921
0 0.047847985347985345 0.29657928876678874 0.00815716163790016 0.010876215517200194
0 0.0854080815018315 0.6199538308913309 0.018337920126454132 0.024450560168605435
0 0.1594551282051282 0.6104147588522588 0.016594284433297857 0.02212571257773055
0 0.059294871794871785 0.8503224206349206 0.007605129502013655 0.010140172669351522
0 0.21561641483516483 0.8727392399267399 0.00916197950640002 0.012215972675199952
0 0.5493646978021979 0.8827552655677655 0.010041544219049126 0.013388725625398834
0 0.41343292124542125 0.7053285256410255 0.006399004056489743 0.00853200540865314
0 0.8838284111721612 0.7892723595848595 0.010897111243509672 0.014529481658012896
0 0.8097813644688645 0.36382974664224665 0.007998755070612207 0.010665006760816128
0 0.8791781135531136 0.4244028540903541 0.008964317254851695 0.011952423006468926
0 0.8555689102564102 0.501192384004884 0.006070628272549561 0.008094171030065933
0 0.9528674450549451 0.6175690628815629 0.007365806820188725 0.009821075760251633
1 0.2664119734432234 0.27201617826617824 0.015024038461538436 0.021462912087912105
1 0.5527629922161172 0.2400602869352869 0.021105196886446853 0.012877747252747263
1 0.03228737408424908 0.3860080891330891 0.009658310439560436 0.0138316544566545
1 0.2986063415750916 0.5290941697191697 0.01216231684981689 0.023370726495726506
1 0.5445355425824177 0.5653426434676435 0.008227449633699702 0.012877747252747263
1 0.1803814674908425 0.6185229700854701 0.011804601648351648 0.026709401709401687
1 0.44258671016483514 0.8159817612942613 0.013950892857142905 0.01049297924297917
1 0.06698574862637363 0.8813244047619048 0.020389766483516494 0.02003205128205125
1 0.11921216804029304 0.9564445970695971 0.008942880036630046 0.014785561660561738
1 0.7817007211538461 0.8577152014652013 0.009658310439560447 0.011923840048840026
1 0.8775683951465202 0.4043708028083028 0.0075120192307691624 0.01621642246642252
1 0.8602192078754579 0.1451465201465201 0.01001602564102555 0.024324633699633686
