0 0.3240234375 0.06679687499999999 0.014874556847390363 0.019832742463187208
0 0.12333984374999998 0.13424479166666667 0.004609540516096064 0.006146054021461437
1 0.114892578125 0.15214843749999998 0.010644531249999992 0.009765625
1 0.034033203125 0.7514973958333333 0.011425781250000003 0.008723958333333393
1 0.0271484375 0.958984375 0.010546875000000004 0.029427083333333215
1 0.121044921875 0.9052734375 0.019433593750000006 0.028515625000000117
1 0.218994140625 0.4215494791666667 0.007128906250000011 0.011328125000000059
1 0.24257812499999998 0.5642578125000001 0.0054687499999999944 0.011067708333333334
1 0.370947265625 0.6139973958333332 0.02197265625 0.027734375000000016
0 0.39091796875 0.6376302083333333 0.007902315751618705 0.010536421002158273
0 0.40712890625 0.76015625 0.007607164880527595 0.010142886507370127
1 0.4439453125 0.7419270833333332 0.0048828125 0.009635416666666638
0 0.39013671875 0.49062500000000003 0.005040424961157752 0.006720566614877003
0 0.39775390625 0.26914062499999997 0.01830527267790616 0.024407030237208287
0 0.21025390625 0.7687499999999999 0.005953027599268912 0.007937370132358623
1 0.5796875 0.5376302083333333 0.012499999999999956 0.022135416666666668
1 0.665771484375 0.5946614583333333 0.01904296875 0.029166666666666636
1 0.7640625000000001 0.12343749999999999 0.006445312500000022 0.008593749999999992
0 0.80625 0.4766927083333334 0.011824070990363422 0.01576542798715123
1 0.77060546875 0.8563802083333334 0.005078125000000044 0.007031249999999971
0 0.8673828125 0.8602864583333334 0.0062986388658581305 0.008398185154477508
0 0.89775390625 0.863671875 0.007077215207810017 0.009436286943746689
0 0.9046875 0.7248697916666668 0.005513903989645685 0.007351871986194247
0 0.92919921875 0.6548177083333333 0.008309393510227636 0.011079191346970182
0 0.86171875 0.4516927083333333 0.008407516894543443 0.011210022526057925
0 0.84736328125 0.210546875 0.007778245215523505 0.010370993620697933
0 0.85703125 0.023828125000000002 0.01544451423708515 0.02059268564944695
1 0.830908203125 0.10071614583333333 0.009082031249999956 0.008463541666666666
1 0.5616210937499999 0.9786458333333333 0.008203124999999978 0.013281250000000059
