0 0.095458984375 0.4886067708333333 0.01073386129735382 0.014311815063138352
0 0.1092529296875 0.9405924479166666 0.010265525410951493 0.013687367214601842
0 0.23291015625 0.8308919270833334 0.010265525410951493 0.013687367214601842
1 0.24664306640625 0.10555013020833333 0.0079345703125 0.01416015625
0 0.201416015625 0.275390625 0.006224389054678703 0.008299185406238271
0 0.3199462890625 0.1767578125 0.017584905376337057 0.023446540501782687
0 0.305908203125 0.2762044270833333 0.005859375 0.0078125
1 0.30078125 0.09025065104166667 0.014892578125 0.019694010416666668
0 0.3236083984375 0.017740885416666668 0.009829502997654949 0.013106003996873302
0 0.414306640625 0.9303385416666666 0.007536791523648945 0.010049055364865408
0 0.49658203125 0.12027994791666667 0.006875062422035505 0.00916674989604734
1 0.47552490234375 0.22615559895833334 0.0247802734375 0.02685546875
0 0.50537109375 0.2721354166666667 0.0078010475139993485 0.010401396685332317
0 0.5018310546875 0.3014322916666667 0.0048828125 0.006510416666666667
1 0.58941650390625 0.08219401041666667 0.0201416015625 0.015299479166666666
0 0.6064453125 0.23828125 0.011241078548067662 0.014988104730756957
1 0.6336669921875 0.48486328125 0.010498046875 0.013346354166666666
0 0.6175537109375 0.8479817708333334 0.010964605260198157 0.014619473680264209
0 0.7125244140625 0.10953776041666667 0.0072588226305265735 0.009678430174035468
0 0.812744140625 0.6982421875 0.01491057762168202 0.019880770162242694
1 0.81304931640625 0.87060546875 0.0208740234375 0.01953125
1 0.86529541015625 0.4791666666666667 0.0076904296875 0.009765625
1 0.86065673828125 0.2314453125 0.0128173828125 0.013020833333333334
1 0.8316650390625 0.056315104166666664 0.010498046875 0.013346354166666666
0 0.802001953125 0.587890625 0.004263732714007151 0.005684976952009387
1 0.9097900390625 0.15665690104166666 0.006103515625 0.008626302083333334
1 0.93499755859375 0.3358561197916667 0.0093994140625 0.008951822916666666
0 0.9642333984375 0.4837239583333333 0.014369081024963037 0.019158774699950715
0 0.954833984375 0.7076822916666666 0.008586672556186059 0.011448896741581413
0 0.978759765625 0.9373372395833334 0.009549612898245963 0.012732817197661284
