0 0.30498046875 0.7488281250000001 0.014512389053328079 0.019349852071104106
0 0.37392578125 0.3009114583333333 0.012672756404303431 0.016897008539071317
0 0.734765625 0.2328125 0.0071629378206612415 0.009550583760881507
0 0.7419921875 0.31614583333333335 0.007599639241540501 0.010132852322054001
0 0.7103515625 0.12786458333333334 0.009901399887215945 0.013201866516288038
0 0.99169921875 0.8934895833333334 0.015625 0.020833333333333332
1 0.74267578125 0.5425130208333333 0.008593749999999956 0.019140624999999984
1 0.5425895791203235 0.6876764197842938 0.02132836198179977 0.030939290529154118
0 0.5205969592842323 0.7976962309820194 0.008204930923932041 0.010939907898576054
1 0.49130859375 0.5186848958333333 0.011132812500000033 0.015755208333333288
1 0.285302734375 0.7276692708333333 0.02197265625 0.016276041666666668
1 0.30756835937500004 0.7918619791666667 0.013378906249999989 0.016276041666666668
0 0.0689453125 0.6592447916666667 0.009391261937633844 0.012521682583511792
1 0.0875 0.5507161458333333 0.01796874999999999 0.017578125
1 0.1009765625 0.5477864583333333 0.015039062499999992 0.010416666666666666
1 0.096533203125 0.5768880208333332 0.009472656250000003 0.016015625000000016
0 0.2244140625 0.5463541666666667 0.007972004543733757 0.010629339391645084
