0 0.18664148351648352 0.12582989926739924 0.010168176513530136 0.013557568684706848
0 0.11044228142076504 0.30486538023679416 0.017242459039237018 0.022989945385649396
0 0.16193860997267762 0.49555299408014575 0.007640572203336415 0.010187429604448628
0 0.28467597336065575 0.8239199112021858 0.010026198678735443 0.01336826490498074
0 0.2115671960382514 0.8000839594717668 0.006750080387996016 0.009000107183994762
0 0.19235613046448088 0.8015070013661201 0.007413573679479313 0.00988476490597249
0 0.5378884904371585 0.7943917918943533 0.017423185319879853 0.023230913759839805
0 0.6216700819672131 0.9121485086520947 0.012829592810975177 0.0171061237479669
0 0.6190018784153005 0.6592028119307832 0.0234073089560507 0.03120974527473434
0 0.646484375 0.3472008765938069 0.011740095628415492 0.015653460837887174
0 0.5341530054644809 0.1440616461748634 0.006686498935996044 0.008915331914661465
0 0.5589672984972678 0.04124686930783244 0.008621229519618412 0.011494972692824615
0 0.581113387978142 0.019189719945355208 0.007933139486914431 0.01057751931588577
0 0.4247566598360656 0.10065886839708561 0.006833935533462343 0.009111914044616457
0 0.45784238387978143 0.24829946493624774 0.007696275775836758 0.010261701034449011
0 0.5715078551912568 0.23122296220400732 0.007933139486914209 0.01057751931588576
0 0.6793032786885246 0.06259249772313298 0.008335734370631176 0.011114312494174975
0 0.898896431010929 0.26181836293260474 0.011494972692824623 0.015326630257099572
0 0.7572148224043715 0.36143129553734066 0.008004610655737654 0.010672814207650353
0 0.9085019637978142 0.4507271744080146 0.009664644315805715 0.012886192421074435
0 0.783630037568306 0.8285447973588341 0.006750080387996071 0.009000107183994762
1 0.11671255976775957 0.3269225295992714 0.010405993852459022 0.008538251366120223
1 0.1824837773224044 0.5434027777777778 0.01067281420765026 0.0138746584699454
1 0.08509434767759563 0.6250498064663024 0.008538251366120228 0.012095856102003625
1 0.12698514344262296 0.6753899134790528 0.024547472677595647 0.03593180783242245
1 0.31002390710382516 0.9566185678506374 0.011206454918032738 0.012095856102003774
1 0.4162184084699454 0.19831511839708563 0.01494193989071041 0.01600922131147538
1 0.4771868596311476 0.04978512067395266 0.006136868169398901 0.01636498178506375
1 0.6203359801912568 0.9772526753187613 0.01174009562841527 0.02205714936247712
1 0.7071860058060109 0.5800461065573771 0.013074197404371657 0.016009221311475457
1 0.7873655225409837 0.3091345059198543 0.012273736338797803 0.02205714936247723
1 0.898896431010929 0.5688396516393442 0.017610143442623016 0.01992258652094714
1 0.9769413849043715 0.5192110655737705 0.017876963797814227 0.0074709699453552325
1 0.9471909153005464 0.3395520264116576 0.008004610655737654 0.01245161657559198
1 0.9342501280737705 0.3192736794171221 0.017343323087431695 0.018855305100182147
