0 0.142578125 0.30507812500000003 0.020858241132572286 0.027810988176763047
0 0.10380859375 0.13554687499999998 0.011899645477912363 0.015866193970549853
0 0.40771484375 0.39869791666666665 0.01015812783120773 0.013544170441610307
0 0.446875 0.30611979166666664 0.004287987968769502 0.005717317291692743
0 0.43408203125 0.15260416666666668 0.005807058104421281 0.007742744139228412
0 0.62666015625 0.3432291666666667 0.01319190999278752 0.017589213323716695
0 0.56748046875 0.4154947916666667 0.01576596568016453 0.021021287573552705
0 0.7228515625 0.3111979166666667 0.009219081032192156 0.0122921080429228
0 0.8275390625 0.09414062499999999 0.008560393359691831 0.011413857812922479
0 0.9087890625 0.6147135416666667 0.008745552022358494 0.011660736029811472
0 0.9669921875 0.49908854166666666 0.004609540516095967 0.006146054021461289
0 0.3634765625 0.4842447916666666 0.01796237998502881 0.023949839980038412
1 0.30830078125 0.35390625000000003 0.0185546875 0.026041666666666668
1 0.315869140625 0.4103515625 0.011816406250000022 0.013151041666666622
1 0.239013671875 0.11302083333333335 0.012988281250000011 0.022395833333333337
1 0.328271484375 0.03671875 0.01884765625000001 0.019531250000000003
1 0.588330078125 0.20436197916666665 0.014746093750000022 0.01731770833333331
1 0.667529296875 0.16373697916666666 0.010449218749999933 0.009244791666666677
1 0.8453124999999999 0.21119791666666665 0.011328125000000022 0.008593749999999992
1 0.7154785156250001 0.8024739583333332 0.017675781250000022 0.01927083333333342
