0 0.5161855186318132 0.5697881905821283 0.0227879977339307 0.030383996978574263
0 0.408984375 0.6291666666666667 0.01171875 0.015625
1 0.0435546875 0.6179036458333333 0.010937500000000003 0.00898437499999997
1 0.0533203125 0.6810546875 0.013476562499999997 0.01445312500000003
1 0.06987304687500001 0.6725260416666666 0.006542968750000003 0.012499999999999956
0 0.0970703125 0.72421875 0.00436732026855427 0.005823093691405805
1 0.061181640625 0.9492838541666666 0.01943359374999999 0.013411458333333423
1 0.095068359375 0.9096354166666666 0.01123046875 0.023958333333333304
1 0.222412109375 0.6643880208333334 0.012597656249999978 0.008984375000000044
1 0.207568359375 0.4787109375 0.012597656250000006 0.026953124999999984
0 0.40947265625 0.12916666666666668 0.010620762597126854 0.014161016796169212
0 0.41669921875 0.46510416666666665 0.004894517221149086 0.006526022961532115
1 0.48766910935738444 0.5498256059751973 0.02014779453213078 0.03038683765501693
1 0.3623046875 0.95546875 0.012304687500000022 0.018229166666666668
1 0.595849609375 0.5161458333333333 0.007519531250000044 0.013281249999999986
1 0.629541015625 0.5255208333333333 0.007519531250000044 0.01171875
0 0.6173828125 0.376171875 0.012732817197661506 0.01697708959688186
0 0.5814453125 0.164453125 0.006358914295351514 0.008478552393801983
1 0.653564453125 0.22057291666666667 0.016308593750000044 0.023177083333333348
1 0.7451182737764181 0.29307737764182423 0.022703177141268127 0.027953513162773464
1 0.7245240856986899 0.47768263282387197 0.008102483624454204 0.014925627729257688
0 0.8767578125 0.25416666666666665 0.010395690142321445 0.013860920189761927
0 0.93212890625 0.2373697916666667 0.01118579770568462 0.014914396940912974
1 0.920361328125 0.39902343749999997 0.01025390625 0.011067708333333334
0 0.94345703125 0.5149739583333334 0.0073521602440307365 0.009802880325374316
1 0.918896484375 0.7445963541666667 0.016699218750000022 0.014973958333333334
0 0.89521484375 0.8186197916666668 0.007042092334890615 0.00938945644652082
1 0.932275390625 0.8932942708333332 0.01708984375 0.032682291666666696
