0 0.13723785299003322 0.22227990033222597 0.008825705012416585 0.011767606683222112
0 0.448375207641196 0.21060008305647845 0.00882570501241664 0.011767606683222112
0 0.258578176910299 0.29019587486157256 0.007254684831485503 0.009672913108647263
0 0.35039451827242524 0.48788759689922484 0.008130427277656338 0.010840569703541783
0 0.48568573504983387 0.4524155592469547 0.019989256905042163 0.026652342540056218
0 0.33287479235880396 0.17339770210409747 0.02203323147626357 0.029377641968351426
0 0.03731052740863787 0.6764950166112956 0.008729770587023428 0.011639694116031349
0 0.09538517441860464 0.6518376245847176 0.007567161408385176 0.010089548544513605
0 0.13204682308970098 0.6440510797342193 0.00668061548807819 0.008907487317437587
0 0.2277564368770764 0.7742594130675525 0.011088044727623536 0.014784059636831456
0 0.4237178156146179 0.7409503045404208 0.01364189423382256 0.018189192311763414
0 0.4425352990033222 0.9174453211517165 0.005505918665800524 0.007341224887734181
0 0.622923588039867 0.7768549280177187 0.013376977865505957 0.017835970487341275
0 0.789360984219269 0.6795231173864895 0.019520360460562713 0.026027147280750285
0 0.8542488579734219 0.6713039867109635 0.008825705012416751 0.011767606683222262
0 0.6829448712624584 0.6816860465116279 0.0068976755948495505 0.009196900793132734
0 0.6307101328903654 0.5925733665559247 0.0041038694717716595 0.00547182596236236
0 0.8360802533222591 0.1405211794019934 0.005982366368156189 0.00797648849087492
0 0.9729936669435215 0.09856035437430793 0.0075671614083852035 0.010089548544513605
1 0.04639482973421927 0.2326619601328904 0.022710755813953487 0.02682032115171651
1 0.21964545265780727 0.1917825996677741 0.02141299833887042 0.01600567552602435
1 0.44058866279069764 0.08471760797342198 0.008435423588039836 0.02076411960132891
1 0.41771568729235875 0.5099494739756368 0.015248650332225944 0.023359634551495034
1 0.092140780730897 0.9462122785160575 0.025306270764119593 0.029848421926910323
1 0.4182023463455149 0.9325858250276854 0.025955149501661168 0.03114617940199338
1 0.8550599563953487 0.9684904485049833 0.017844165282392077 0.025089977851605678
1 0.7246353301495017 0.628045404208195 0.023684073920265836 0.027685492801771867
1 0.9593672134551494 0.5622923588039868 0.012328696013289009 0.020764119601328918
1 0.8730663413621262 0.4651768410852714 0.018168604651162767 0.03676979512735327
1 0.8265092919435215 0.18897079180509416 0.01265313538205981 0.01730343300110741
