0 0.758789 0.063151 0.0742188 0.0716146
0 0.695801 0.824219 0.00683594 0.0078125
0 0.0751953 0.71875 0.00976562 0.015625
0 0.849609 0.567708 0.0078125 0.0104167
0 0.398438 0.990234 0.0117188 0.0169271
0 0.984863 0.501953 0.0107422 0.0169271
0 0.118164 0.790365 0.00976562 0.0130208
0 0.848633 0.473958 0.0078125 0.0104167
0 0.33252 0.345052 0.0107422 0.0104167
0 0.771973 0.623047 0.00878906 0.0117188
0 0.787598 0.873047 0.0126953 0.0143229
0 0.338867 0.583984 0.00976562 0.0117188
0 0.164551 0.796875 0.00683594 0.0104167
0 0.0839844 0.692057 0.00976562 0.0143229
0 0.328125 0.379557 0.00976562 0.0143229
0 0.462891 0.143229 0.0117188 0.0130208
0 0.0522461 0.677734 0.0107422 0.0143229
0 0.163086 0.210286 0.0117188 0.0143229
0 0.0791016 0.398438 0.0117188 0.015625
0 0.253418 0.509115 0.0107422 0.0130208
0 0.455078 0.539714 0.0117188 0.0143229
0 0.268555 0.91862 0.0136719 0.0169271
0 0.827637 0.619792 0.0107422 0.0130208
0 0.478027 0.640625 0.0107422 0.015625
0 0.222168 0.214193 0.0107422 0.0143229
0 0.632812 0.164714 0.0117188 0.0169271
0 0.507812 0.0351562 0.0117188 0.015625
