0 481.8 448.5 8.682165628459298 8.682165628459298 0
0 329.6 271.9 8.015609770940724 8.015609770940724 0
0 434.7 570.0 3.640054944640234 3.640054944640234 0
0 842.3 450.7 5.586591089385433 5.586591089385433 0
0 106.7 731.4 4.964876634922542 4.964876634922542 0
0 101.1 763.8 4.548626166217626 4.548626166217626 0
0 146.2 605.3 3.088689042296115 3.088689042296115 0
0 254.7 105.9 3.5355339059327338 3.5355339059327338 0
0 644.1 253.5 2.5553864678360747 2.5553864678360747 0
0 714.7 463.8 2.5317977802344287 2.5317977802344287 0
1 438.0 432.0 10.130399794677405 6.102663352995981 13.6
1 707.0 488.0 9.871423402934374 8.203810090439674 -1.7
1 460.0 554.0 4.750789408087852 3.1468237955119047 -47.8
1 345.0 714.0 8.582831700551992 4.418144406874908 85.0
1 200.0 534.0 4.787744771810623 2.7663152387246104 6.2
1 30.0 356.0 8.050621094052307 3.1819805153394696 10.7
1 356.0 207.0 4.234678264047939 2.325940669922596 -23.5
1 205.0 29.0 7.570006605016943 4.280186911806544 40.7
1 595.0 268.0 5.9340121334557425 4.669582422444224 -73.9
1 799.0 619.0 10.832012740022053 7.976528066771908 -37.0
0 949.8 309.2 3.0805843601498792 3.0805843601498792 0
0 322.0 208.4 2.7802877548915528 2.7802877548915528 0
0 278.4 714.9 3.8078865529319543 3.8078865529319543 0
0 955.2 563.2 2.731300056749496 2.731300056749496 0
