0 176.625 109.125 5.87632963677158 5.87632963677158 0
1 53.0 230.0 6.380206207482639 8.235308889167424 -57.4
1 148.0 230.0 5.160320363117004 3.4192698416474827 73.1
0 12.75 422.75 12.145601055526235 12.145601055526235 0
1 322.0 353.0 10.697729023021662 11.58123482190047 74.9
1 256.0 622.0 13.346933168334964 6.466560619834937 -21.7
0 299.875 601.875 3.7687033579203337 3.7687033579203337 0
0 265.0 705.25 3.557562367689427 3.557562367689427 0
0 415.25 584.0 5.340002340823457 5.340002340823457 0
0 435.125 282.875 4.155192534648665 4.155192534648665 0
0 470.375 177.75 3.0439489154714803 3.0439489154714803 0
0 466.125 86.0 2.6721947908039936 2.6721947908039936 0
0 469.75 551.5 3.5794552658190883 3.5794552658190883 0
1 470.0 519.0 7.751007998963748 12.325342287336284 87.4
0 494.375 335.875 7.435136178981526 7.435136178981526 0
0 496.5 364.625 4.310234912391667 4.310234912391667 0
0 602.0 388.125 4.731873307686925 4.731873307686925 0
1 624.0 251.0 8.91737244091554 9.971247727842288 21.6
0 650.625 323.0 4.125 4.125 0
0 651.875 186.125 9.132702228803915 9.132702228803915 0
0 679.875 132.0 6.504805915628844 6.504805915628844 0
0 731.0 153.375 6.558629811172453 6.558629811172453 0
0 759.25 212.0 3.972562145517676 3.972562145517676 0
1 858.0 97.0 8.494713429539575 16.237735756564092 53.4
1 898.0 133.0 5.8846330599282055 3.841589840157327 -22.0
1 927.0 717.0 12.70841871556017 12.207355620690338 -13.8
0 986.0 748.875 3.5355339059327378 3.5355339059327378 0
0 986.25 748.625 4.00195264839553 4.00195264839553 0
0 1006.875 226.0 5.038911092686593 5.038911092686593 0
1 531.0 91.0 6.387879147260023 6.975851202541531 69.9
