0 472.4395604395604 309.8241758241758 5.721794634363848 5.721794634363848 0
0 244.6007326007326 475.3919413919414 3.893826305031021 3.893826305031021 0
0 71.34065934065934 447.9194139194139 3.151034896352634 3.151034896352634 0
0 103.94139194139194 516.4175824175824 3.9621442587516422 3.9621442587516422 0
0 296.98168498168496 591.5091575091575 7.036400260915182 7.036400260915182 0
0 882.3296703296704 608.3589743589743 11.502064811800476 11.502064811800476 0
0 671.3406593406594 413.1208791208791 3.6076402204381104 3.6076402204381104 0
0 691.1208791208792 342.42490842490844 4.271759629923243 4.271759629923243 0
0 940.9377289377289 212.021978021978 2.93040293040292 2.93040293040292 0
1 585.0 391.0 5.509746870509657 4.066594013035597 77.2
1 401.0 606.0 16.230248002853703 7.571438318166426 -50.7
1 353.0 674.0 13.608687170886387 11.226075399796288 30.9
1 632.0 473.0 5.509746870509646 4.184490717507637 23.1
1 918.0 388.0 5.0888073221427845 2.9532079664097517 59.8
1 660.0 311.0 7.774719881608482 6.357712438721534 -47.6
