0 19.9248366013072 126.79738562091504 5.438992476174259 5.438992476174259 0
0 334.5 80.2 1.9104973174542814 1.9104973174542814 0
0 677.5231560891938 227.10120068610635 5.000816376368199 5.000816376368199 0
0 847.8336221837088 289.7746967071057 3.5092645981484254 3.5092645981484254 0
0 579.0 98.2 2.9732137494637345 2.9732137494637345 0
0 583.1 92.7 2.195449840009992 2.195449840009992 0
1 468.0 265.0 5.265216044950103 3.100403199585493 0.9
1 601.0 220.0 7.788170178592624 3.165441644252218 -77.0
0 569.7771587743733 633.1476323119778 3.6769857332713456 3.6769857332713456 0
0 536.0724233983287 732.4512534818941 3.12983357301455 3.12983357301455 0
0 218.6 656.1 1.802775637731949 1.802775637731949 0
0 352.0 680.0 2.1633307652783493 2.1633307652783493 0
0 805.4718100890208 719.8813056379822 5.26235841275022 5.26235841275022 0
0 835.293768545994 634.7181008902077 3.257343976276064 3.257343976276064 0
