0 536.2 292.1 4.404543109109001 4.404543109109001 0
0 572.1 126.0 3.0479501308256425 3.0479501308256425 0
0 481.1 209.6 3.1240998703626444 3.1240998703626444 0
0 387.1 257.2 3.0413812651491154 3.0413812651491154 0
0 256.1 224.0 4.38292140016222 4.38292140016222 0
0 139.3 606.4 4.318564576337856 4.318564576337856 0
0 145.6 640.3 11.788977903109375 11.788977903109375 0
0 495.4 509.0 2.765863337187891 2.765863337187891 0
0 443.9 389.0 3.244996147917634 3.244996147917634 0
0 783.6 117.2 4.049691346263307 4.049691346263307 0
0 715.4 193.3 2.594224354214625 2.594224354214625 0
0 771.5 536.9 2.5553864678361435 2.5553864678361435 0
0 610.4 677.5 2.8017851452243554 2.8017851452243554 0
1 780.0 582.0 6.900181157042172 4.774149138851866 39.6
1 522.0 462.0 18.01256505886934 11.941942890501533 4.8
1 742.0 399.0 13.21183181848754 6.389053137985294 38.5
1 688.0 427.0 3.9385911186616003 2.512468905280209 57.2
1 104.0 511.0 7.358838223524172 5.823443998185253 -61.3
1 151.0 261.0 6.05082638984131 4.052468383590427 -10.1
1 179.0 224.0 5.203124061561469 3.6527386985657797 70.4
1 325.0 77.0 6.93108938046539 4.279310692155915 -46.3
1 991.0 649.0 11.977478866606297 5.120790954530385 22.7
1 204.0 706.0 7.486153885674547 4.654299087940114 33.0
