0 79.76556776556777 13.120879120879097 7.407966452804646 7.407966452804646 0
0 385.2600732600732 175.75824175824172 5.7335076346148695 5.7335076346148695 0
0 511.26739926739924 492.24175824175825 3.4750303957894424 3.4750303957894424 0
0 318.9597069597069 646.0879120879121 4.530885302876489 4.530885302876489 0
0 773.5384615384615 613.4871794871794 5.333413838300715 5.333413838300715 0
0 643.1355311355312 506.16117216117215 6.04118040383531 6.04118040383531 0
0 916.0293040293041 218.98168498168494 5.9629379472892845 5.9629379472892845 0
0 930.3150183150184 247.9194139194139 6.063349947709454 6.063349947709454 0
0 1007.2380952380953 464.03663003663 3.4556707443430437 3.4556707443430437 0
1 105.0 580.0 12.931233046229915 5.157555985468393 -74.3
1 82.0 535.0 9.95097267927189 8.821681010104271 5.6
1 112.0 427.0 11.0438193638691 5.543130384769795 84.3
1 380.0 303.0 21.83485113330226 13.28438667090739 -79.9
1 334.0 167.0 4.931469603603033 3.863557346104212 -58.7
1 843.0 470.0 9.722497758232233 8.521897526836524 -8.7
