0 533.0 414.0 5.531726674375782 5.531726674375782 0
0 564.8 479.8 4.763402145525857 4.763402145525857 0
0 366.0 486.2 4.716990566028302 4.716990566028302 0
0 699.7 230.0 12.006664815842914 12.006664815842914 0
0 621.7 242.8 6.576473218982899 6.576473218982899 0
0 927.1 434.1 4.924428900898001 4.924428900898001 0
0 972.9 518.9 4.64004310324815 4.64004310324815 0
0 937.7 495.9 2.983286778035254 2.983286778035254 0
0 930.2 737.9 2.8653097563788696 2.8653097563788696 0
0 1010.9 758.6 4.346262762420119 4.346262762420119 0
0 1015.8 30.4 4.780167361086837 4.780167361086837 0
0 731.0 50.6 7.184705978674435 7.184705978674435 0
1 505.0 587.0 10.02621563701881 8.422143432642285 34.4
1 479.0 659.0 4.54532727094539 2.100595153760012 50.8
1 557.0 282.0 11.310724998867249 4.856439024635243 -58.8
1 377.0 207.0 6.505766672729676 4.040420770167386 -44.3
1 305.0 113.0 11.524430571616103 7.988272654335229 -26.0
1 28.0 350.0 13.0 10.705722768687776 -21.3
1 235.0 350.0 4.36176569751289 2.638654960391755 -64.8
1 76.0 625.0 6.5103763332083755 3.911840998813721 36.0
1 90.0 709.0 12.778106275970636 11.490213226916156 16.7
0 69.4 712.3 2.692582403567252 2.692582403567252 0
1 631.0 711.0 12.807224523681917 8.065358020571683 18.1
1 976.0 375.0 9.948869282486324 8.444228798416113 43.7
