0 153.74836601307192 241.66666666666666 4.0190764301466775 4.0190764301466775 0
0 510.8312342569269 221.9093198992443 4.304284002678865 4.304284002678865 0
0 788.7990074441688 191.0669975186104 10.32985523399435 10.32985523399435 0
0 708.0604534005038 537.0226700251889 11.233805098729277 11.233805098729277 0
0 567.0025188916876 559.44080604534 4.987151101567628 4.987151101567628 0
0 496.22166246851384 603.5214105793451 2.6776185926283085 2.6776185926283085 0
0 864.5042839657283 613.1921664626683 5.436776576380086 5.436776576380086 0
0 932.6 634.4 4.386342439892243 4.386342439892243 0
0 804.1 570.8 2.416609194718956 2.416609194718956 0
1 697.0 524.0 7.300479206731861 6.075221643257596 -79.1
1 849.0 590.0 9.848721934630605 5.2927132532676255 22.0
1 202.0 633.0 13.346029357305898 6.457032142847131 -60.5
1 68.0 715.0 6.559750295726569 5.04310332009906 71.9
1 119.0 741.0 7.244032358270131 5.795225886616107 -65.6
1 657.0 149.0 8.5978835978836 4.404980371784822 39.3
1 573.0 77.0 9.173831155767036 7.407407407407391 -84.2
