0 360.4 112.1 4.219004621945818 4.219004621945818 0
0 613.7 104.9 5.366563145999451 5.366563145999451 0
0 555.3 310.9 3.748332962798311 3.748332962798311 0
0 508.4 355.0 4.382921400162244 4.382921400162244 0
0 582.0 460.0 8.121576201698778 8.121576201698778 0
0 471.2 634.1 2.9732137494636928 2.9732137494636928 0
0 459.7 724.3 5.366563145999546 5.366563145999546 0
0 361.9 651.5 3.397057550292575 3.397057550292575 0
0 672.7 317.7 2.9732137494636928 2.9732137494636928 0
0 275.6 533.3 2.325940669922571 2.325940669922571 0
0 960.7 691.1 5.6938563381946725 5.6938563381946725 0
0 930.5 752.5 3.5510561809129446 3.5510561809129446 0
0 1002.9 746.8 2.9068883707497775 2.9068883707497775 0
0 836.7 524.4 3.3286633954186464 3.3286633954186464 0
0 869.3 528.7 2.9832867780352976 2.9832867780352976 0
0 562.8 252.9 5.371219600798351 5.371219600798351 0
1 557.0 341.0 8.81036321612222 5.085518655948487 27.8
1 629.0 372.0 6.700746227100387 5.801939330947887 38.2
1 330.0 455.0 5.771698190307616 3.579455265819088 21.7
1 382.0 511.0 5.75608373809833 1.5402921800749139 13.1
1 304.0 307.0 4.368352092036546 2.9295904150580427 58.5
1 270.0 237.0 6.185466837676865 2.12602916254694 -35.1
0 188.6 245.0 2.3537204591879752 2.3537204591879752 0
1 10.0 480.0 2.7513632984395153 2.0554804791094483 71.1
0 322.7 329.4 2.469817807045719 2.469817807045719 0
1 334.0 704.0 3.920459156782535 2.1023796041628864 2.7
1 551.0 704.0 12.328219660599835 10.420172743289752 35.2
1 476.0 747.0 9.2792779891541 7.143178564196737 13.4
1 620.0 627.0 16.054983649944926 8.249242389456152 -27.5
1 844.0 587.0 6.747592163134925 4.472694937059752 -83.2
1 786.0 32.0 8.662707428973931 4.398295124249868 -46.5
1 428.0 194.0 4.569737410398979 2.2321514285549755 -72.2
0 472.3 487.5 1.7691806012954139 1.7691806012954139 0
1 314.0 94.0 4.438468204234425 1.4577379737113307 -22.2
0 175.7 759.2 3.522782990761712 3.522782990761712 0
