0 139.6 257.9 5.661271941887267 5.661271941887267 0
0 434.6 412.6 4.981967482832421 4.981967482832421 0
0 252.5 570.5 5.077400909914397 5.077400909914397 0
0 242.1 596.8 5.2345009313209845 5.2345009313209845 0
0 69.6 619.8 3.7161808352124144 3.7161808352124144 0
0 776.6 557.9 4.280186911806535 4.280186911806535 0
0 846.0686274509803 691.1691176470588 5.9496255362444 5.9496255362444 0
0 710.1 308.7 2.6172504656604736 2.6172504656604736 0
0 1012.1175030599755 135.2239902080783 6.080657208506342 6.080657208506342 0
0 3.9 10.0 5.636488268416781 5.636488268416781 0
0 904.9 7.8 3.860051813123775 3.860051813123775 0
1 455.0 527.0 9.051243008559664 7.500166664814856 -89.1
1 338.0 573.0 5.8303087396809445 4.021504693519583 53.2
1 211.0 463.0 13.423952473098224 11.89642803533902 -16.3
1 542.0 611.0 11.28372722109146 7.582216034906937 50.7
1 245.0 665.0 13.736447866897748 7.402702209328704 85.8
1 269.0 228.0 6.657514551242086 4.285148772213153 74.3
1 588.0 86.0 8.310385069297352 6.642665127793234 -35.8
1 479.0 687.0 10.05049750012405 6.421253771655532 -37.4
0 720.5 621.6 3.4438350715445334 3.4438350715445334 0
1 691.0 731.0 9.121403400793108 7.263952092353043 -74.8
1 417.0 742.0 6.274750991075278 3.1945265689926563 -49.5
1 974.0 749.0 10.845526367391928 7.341490545050078 -0.0
1 896.0 118.0 7.2278973429345275 3.400367627183852 -70.2
1 333.0 50.0 7.460060321471938 3.381198012539348 46.4
1 994.0 144.0 9.6260064408871 6.898731767506257 47.3
