0 312.3 575.1 7.430343195303981 7.430343195303981 0
0 382.9 231.1 6.488451279003372 6.488451279003372 0
0 752.4 178.8 3.6674241641785086 3.6674241641785086 0
0 759.8 242.8 3.891015291668739 3.891015291668739 0
0 727.4 98.2 5.069516742254608 5.069516742254608 0
0 1015.5 686.2 7.999999999999955 7.999999999999955 0
1 760.0 416.0 6.985699678629208 3.7232378382263196 76.8
1 556.0 527.0 12.656610623284514 10.581577716441709 -48.7
0 533.0912863070539 612.6307053941908 4.200924633053183 4.200924633053183 0
1 503.0 397.0 5.731055749161755 4.770744176750622 -55.4
1 292.0 558.0 11.216171361030462 5.79741321625432 -16.2
1 315.0 608.0 6.686740611089971 5.586591089385353 -43.5
0 70.6 506.3 4.808326112068524 4.808326112068524 0
1 89.0 423.0 8.514986788010892 5.98414572015085 -7.9
1 104.0 421.0 6.71956099756524 3.422352991729514 -12.7
1 99.0 443.0 5.555627777308322 4.000312487793922 87.4
0 229.8 419.6 4.081666326391693 4.081666326391693 0
