1 191.0 63.0 10.474112432564393 9.375 55.8
1 8.0 129.0 4.020455509018848 2.7740426276465184 12.5
0 116.25 404.75 6.596637400979381 6.596637400979381 0
0 180.875 658.5 3.1942330847951594 3.1942330847951594 0
0 304.0 174.375 3.607717422415453 3.607717422415453 0
0 210.875 179.875 4.155192534648665 4.155192534648665 0
1 223.0 131.0 9.427560991582075 8.103336504181472 71.4
1 336.0 334.0 6.5898240682130504 5.057482081035977 -37.0
1 222.0 615.0 4.868585523537612 3.969119077326857 62.0
0 208.125 561.75 7.142522313580827 7.142522313580827 0
0 296.0 596.125 4.257346591481601 4.257346591481601 0
0 441.125 151.375 6.095592670118305 6.095592670118305 0
0 365.875 104.375 7.403546447480424 7.403546447480424 0
0 379.875 444.5 3.8830561417522667 3.8830561417522667 0
0 444.625 477.625 3.2596012026013246 3.2596012026013246 0
0 402.375 737.5 5.647178499038259 5.647178499038259 0
0 550.375 69.25 6.046693311223912 6.046693311223912 0
0 568.125 56.5 3.7165171868296265 3.7165171868296265 0
0 589.125 71.125 2.5495097567963922 2.5495097567963922 0
1 563.0 15.0 4.750411166414966 2.84289135388604 33.2
1 558.0 410.0 12.723624680098043 15.916039472808555 -87.2
1 530.0 513.0 9.40495215298834 5.891267372136491 -4.3
0 506.625 640.0 11.554896148386621 11.554896148386621 0
1 561.0 705.0 3.281101187101672 2.275034340400162 -38.1
1 756.0 214.0 12.453036778232047 13.452752971046484 -69.8
0 661.75 600.875 3.377314021526574 3.377314021526574 0
1 739.0 739.0 10.44030650891055 8.400381315749899 17.1
1 866.0 32.0 6.260615984070577 3.6896180357863604 -30.5
1 997.0 289.0 10.796411440844592 5.50567888638631 -84.7
1 978.0 686.0 7.848417436018551 5.260777627879741 13.1
0 999.625 192.375 3.0644126680328156 3.0644126680328156 0
