0 295.5 407.6 5.315072906367374 5.315072906367374 0
0 628.8 488.9 5.0960769224963345 5.0960769224963345 0
0 824.5 549.2 6.040695324215588 6.040695324215588 0
0 832.2 587.1 2.6832815729997477 2.6832815729997477 0
0 873.7 683.2 8.400595217007037 8.400595217007037 0
0 862.5 112.9 4.638965401897292 4.638965401897292 0
0 967.7 60.1 4.019950248448365 4.019950248448365 0
0 924.0 34.0 2.968164415931178 2.968164415931178 0
0 714.0 14.3 10.261578825892213 10.261578825892213 0
0 502.7 32.8 2.7513632984395113 2.7513632984395113 0
0 995.5 695.2 3.5114099732158603 3.5114099732158603 0
0 832.7 307.2 4.019950248448365 4.019950248448365 0
1 393.0 286.0 9.81121806912883 7.907275131168754 -30.0
1 465.0 142.0 13.506479926316846 7.110028129339563 -81.3
1 567.0 141.0 11.730835434869919 10.10457817031468 -5.9
1 640.0 279.0 11.99635361266081 10.311765125331373 -60.3
1 717.0 301.0 6.860029154457012 4.95176736125598 -51.2
1 619.0 319.0 7.097358663615639 2.325940669922596 -23.9
1 503.0 460.0 12.680891135878422 9.674838499944073 -66.0
1 166.0 401.0 15.62465999630073 8.516014325962583 -57.6
1 470.0 663.0 12.1247680390183 8.9018256554484 25.0
1 665.0 680.0 4.4407206622348845 3.18943568676339 82.2
1 447.0 402.0 4.285148772213178 3.0793668180325624 -56.2
