0 597.5 231.1 7.964923100695964 7.964923100695964 0
0 396.4 363.7 7.441102068914294 7.441102068914294 0
0 487.6127450980392 33.6936274509804 9.28222873455839 9.28222873455839 0
0 448.1519607843137 66.16911764705883 3.511409015170197 3.511409015170197 0
0 403.0 43.1 2.2472205054244014 2.2472205054244014 0
0 206.4 696.9 4.204759208325741 4.204759208325741 0
0 56.3 307.0 2.8284271247461903 2.8284271247461903 0
0 494.0 481.9 2.8178005607210794 2.8178005607210794 0
0 650.0 484.9 2.657066051117296 2.657066051117296 0
0 816.5 588.0 4.763402145525857 4.763402145525857 0
0 627.9 623.8 8.586617494683296 8.586617494683296 0
0 557.1 608.4 11.610770861575029 11.610770861575029 0
0 589.0 744.8 2.692582403567252 2.692582403567252 0
1 346.0 241.0 11.14001795330689 9.387891136991316 14.8
1 237.0 118.0 12.903487900563938 9.768444093098962 -88.7
1 359.0 47.0 10.451076499576482 8.905054744357269 62.9
1 203.0 21.0 11.13665120222412 7.008031107236891 58.1
1 954.0 538.0 10.70945843635424 8.736131867136663 -71.5
0 869.5 62.9 3.080584360149873 3.080584360149873 0
