0 642.8531746031747 175.36904761904765 9.762630635033728 9.762630635033728 0
0 193.2 172.3 2.765863337187869 2.765863337187869 0
0 459.7 129.0 2.370653918225957 2.370653918225957 0
0 489.1 88.0 1.838477631085022 1.838477631085022 0
0 789.5300171526586 25.385934819897084 7.7091612536001 7.7091612536001 0
0 839.9709302325582 200.71511627906978 2.9929157386589633 2.9929157386589633 0
0 400.1 368.6 1.2041594578792154 1.2041594578792154 0
0 516.2068965517242 437.58620689655174 3.7655740806623106 3.7655740806623106 0
0 38.90187431091512 636.3704520396913 4.288566778120552 4.288566778120552 0
0 236.45833333333334 664.7916666666667 4.218428485690888 4.218428485690888 0
0 392.03539823008845 563.0530973451326 3.662156052488311 3.662156052488311 0
0 489.6017699115044 551.9911504424779 4.5394434797970735 4.5394434797970735 0
0 598.6492146596859 547.089005235602 4.333231768912918 4.333231768912918 0
0 658.8586387434556 547.3507853403141 3.413194976545871 3.413194976545871 0
0 832.1699544764796 584.825493171472 3.4402986490908303 3.4402986490908303 0
0 920.6349206349206 660.7142857142857 11.535271312498956 11.535271312498956 0
1 421.0 599.0 10.583043931027476 4.70367840917845 60.1
1 539.0 559.0 9.359108265929152 5.101174655627965 -85.1
1 566.0 693.0 11.946026367849479 7.189551957140234 49.0
0 316.2955465587044 762.6437246963562 4.394391365605767 4.394391365605767 0
