0 219.0 165.1 9.633275663033853 9.633275663033853 0
0 410.4 227.8 9.167878707749137 9.167878707749137 0
0 487.4 588.7 14.571547618561311 14.571547618561311 0
0 207.9 613.3 10.62544116731163 10.62544116731163 0
0 437.5 660.7 5.738466694161382 5.738466694161382 0
0 428.5 640.6 3.6769552621700177 3.6769552621700177 0
0 709.0 424.6 7.256031973468667 7.256031973468667 0
0 652.2 465.9 5.630275304103654 5.630275304103654 0
0 638.6 495.3 6.809552114493257 6.809552114493257 0
0 826.8 376.6 4.32781700167649 4.32781700167649 0
0 801.9 471.9 6.933974329343933 6.933974329343933 0
0 883.9 495.7 8.156592425762156 8.156592425762156 0
0 509.9 109.8 8.81192374002409 8.81192374002409 0
0 106.9 300.0 4.701063709417282 4.701063709417282 0
0 54.8 736.4 6.212889826803668 6.212889826803668 0
1 461.0 636.0 5.534663494739285 4.531004303683662 -67.2
1 325.0 514.0 3.9016022349798756 3.08585482484189 -55.5
1 242.0 578.0 7.234638899074372 5.6029010342857175 52.3
1 614.0 267.0 4.944946915791922 3.0732718721258325 65.6
1 634.0 286.0 5.750217387194987 3.44093010681706 -30.2
1 553.0 337.0 12.822246293064229 9.484724561103485 -43.6
