0 405.87596899224803 25.085271317829484 3.4002654572808266 3.4002654572808266 0
0 532.077519379845 102.60465116279072 11.05133853469562 11.05133853469562 0
0 911.2233009708738 87.57281553398057 6.315905230015794 6.315905230015794 0
0 764.0388349514564 98.05825242718446 9.607236409206225 9.607236409206225 0
0 912.0 155.72815533980582 3.8689046301303236 3.8689046301303236 0
0 381.51260504201684 343.66386554621846 9.960730748848459 9.960730748848459 0
0 312.47058823529414 340.70588235294116 3.067859955389499 3.067859955389499 0
0 161.75806451612905 291.741935483871 3.7619044482872863 3.7619044482872863 0
0 630.5623471882641 404.15647921760393 11.801973971782042 11.801973971782042 0
0 727.8728606356968 391.4425427872861 4.177996941475556 4.177996941475556 0
0 741.3986636971047 241.62806236080178 3.408736718265932 3.408736718265932 0
0 922.8043217286915 344.77791116446576 4.904369319523529 4.904369319523529 0
0 440.1088082901554 712.1761658031088 8.793037693511543 8.793037693511543 0
0 352.5440414507772 725.9067357512954 2.9538223448164187 2.9538223448164187 0
0 26.03940886699513 664.039408866995 11.233255419695924 11.233255419695924 0
0 680.3823529411765 692.156862745098 10.974810380999118 10.974810380999118 0
0 765.9215686274509 615.6862745098039 6.248798423520581 6.248798423520581 0
0 611.7549019607843 565.1960784313725 3.676470588235361 3.676470588235361 0
0 674.9901960784314 722.0588235294117 5.54593553871804 5.54593553871804 0
0 1013.5873015873015 713.3650793650794 12.088528739466518 12.088528739466518 0
1 143.0 221.0 7.663543636741642 2.660667439439842 -87.8
1 332.0 246.0 5.41374065384985 3.2930498797989958 -31.2
1 325.0 435.0 6.549293882758494 2.122527946257397 44.2
