0 384.5 174.6 6.185466837676865 6.185466837676865 0
0 576.8 142.1 5.905929224093406 5.905929224093406 0
0 528.8 62.3 5.5542776307995485 5.5542776307995485 0
0 582.6 269.8 4.464302857109896 4.464302857109896 0
0 624.6 286.7 2.624880949681341 2.624880949681341 0
0 499.0 206.2 3.1575306807694155 3.1575306807694155 0
0 727.3 23.7 11.833004690272057 11.833004690272057 0
0 813.3 90.6 10.885311203635888 10.885311203635888 0
0 922.4 392.7 4.429446918070011 4.429446918070011 0
0 153.4 79.4 4.477722635447615 4.477722635447615 0
0 180.4 92.4 4.924428900898033 4.924428900898033 0
0 231.4 101.2 5.05371150739731 5.05371150739731 0
0 122.4 511.1 4.920365840057011 4.920365840057011 0
0 243.3 403.0 6.753517601961229 6.753517601961229 0
0 206.0 714.8 5.990826320300075 5.990826320300075 0
1 232.0 491.0 4.172529209005017 2.616295090390248 45.5
1 249.0 351.0 7.97762495984864 5.09313263129875 41.5
1 418.0 458.0 9.297311439335552 7.45821694508815 -20.5
1 407.0 700.0 7.795030468189352 6.577613549000878 18.2
1 490.0 595.0 4.632763753959424 2.4748737341529043 -8.1
0 519.5 262.0 2.7202941017471387 2.7202941017471387 0
1 629.0 176.0 12.820783907390368 10.272779565434096 58.5
1 831.0 402.0 8.65520074868283 6.1094189576424 57.1
1 862.0 386.0 4.596737973824501 2.483948469674867 46.6
1 922.0 173.0 12.625470288270442 7.926064597263912 -75.1
1 313.0 275.0 5.1053893093475144 2.4191940806805996 -75.8
1 959.0 641.0 5.903388857258153 2.507987240796894 4.6
1 720.0 739.0 4.229066090758121 2.4667792767088237 -65.7
