0 59.625 126.25 7.25 7.25 0
1 130.0 202.0 6.779161544763482 5.747961595209209 51.7
0 162.75 389.5 3.4118360159890453 3.4118360159890453 0
0 64.125 667.0 6.68253320231183 6.68253320231183 0
1 59.0 653.0 6.048308131204957 6.853660062331659 13.1
1 100.0 641.0 4.129259164789732 7.941436031978095 2.6
1 305.0 738.0 7.118692383436722 8.355387483534201 47.8
1 250.0 749.0 3.79658563712186 5.5971532943095275 59.5
0 329.125 682.875 5.618051263561058 5.618051263561058 0
0 217.375 431.125 12.269117735191884 12.269117735191884 0
0 313.625 417.0 4.625 4.625 0
1 234.0 661.0 2.2534695471649933 3.4055331814563194 -43.2
0 263.75 529.0 3.5794552658190883 3.5794552658190883 0
0 355.875 315.25 5.659615711335886 5.659615711335886 0
1 319.0 300.0 3.074593469062211 4.420301177521731 31.2
1 374.0 398.0 14.900188757193648 22.64191356754106 61.8
0 459.125 83.875 5.859020822628983 5.859020822628983 0
0 484.125 215.875 4.685416203497828 4.685416203497828 0
0 527.625 424.125 5.790617410950235 5.790617410950235 0
0 506.25 761.125 3.6443449342783127 3.6443449342783127 0
0 639.75 520.5 5.755432216610669 5.755432216610669 0
0 616.875 481.625 5.006246098625197 5.006246098625197 0
1 603.0 732.0 10.306627115598973 6.443565104039844 -8.4
0 624.125 528.25 3.2596012026013246 3.2596012026013246 0
0 637.125 285.0 6.4055639876594785 6.4055639876594785 0
0 732.625 178.125 9.500822332829932 9.500822332829932 0
0 727.75 753.75 4.266512041469003 4.266512041469003 0
0 747.25 401.25 5.25594901040716 5.25594901040716 0
0 723.125 122.0 5.376453291901642 5.376453291901642 0
0 828.0 301.75 8.186307165016471 8.186307165016471 0
0 801.0 65.75 4.192627457812105 4.192627457812105 0
0 880.375 232.375 5.46723193215726 5.46723193215726 0
0 913.0 253.125 8.398288516120413 8.398288516120413 0
0 987.0 306.25 13.193274801958761 13.193274801958761 0
1 850.0 712.0 5.443244092450751 6.514706919731693 25.4
0 1014.75 134.75 10.402073110683274 10.402073110683274 0
0 913.0 8.5 6.001301942078902 6.001301942078902 0
1 353.0 463.0 5.199909854987872 4.204257514710535 -11.1
