0 30.6 268.6 5.1312766442669595 5.1312766442669595 0
0 225.3419689119171 184.97409326424872 10.896238779695896 10.896238779695896 0
0 299.43523316062175 164.24870466321244 2.953822344816429 2.953822344816429 0
0 394.7720207253886 305.95854922279796 4.404145077720179 4.404145077720179 0
0 153.32124352331604 568.1347150259068 4.055045555051462 4.055045555051462 0
0 207.4663212435233 601.5544041450777 5.10960697495239 5.10960697495239 0
0 123.57142857142856 662.4999999999999 7.8652555519805185 7.8652555519805185 0
0 948.2142857142857 582.1428571428571 5.309310266899445 5.309310266899445 0
0 770.3571428571428 407.1428571428571 7.533936824903232 7.533936824903232 0
0 713.9285714285713 232.1428571428571 6.3285875523819355 6.3285875523819355 0
0 314.6428571428571 46.07142857142857 7.034898429854346 7.034898429854346 0
0 630.3571428571428 8.571428571428571 7.832754356950489 7.832754356950489 0
0 417.85714285714283 348.9285714285714 5.91176619901671 5.91176619901671 0
0 440.71428571428567 357.1428571428571 11.025249314595104 11.025249314595104 0
0 644.2857142857142 719.2857142857142 7.709654694615334 7.709654694615334 0
0 368.9285714285714 726.4285714285713 13.674421227911926 13.674421227911926 0
1 128.0 492.0 12.650703198072062 9.766141236206018 27.5
1 306.0 463.0 10.06733212188949 7.095406891650344 -69.1
1 335.0 489.0 5.342462702902339 3.391133241676416 39.7
1 223.0 538.0 13.278072498455597 8.311427150473218 63.6
1 196.0 628.0 3.37364427099092 2.5565692580509705 -33.8
1 75.0 679.0 4.94395769713855 3.1383247684407443 20.8
1 521.0 365.0 8.40126815759 6.17901231014529 -72.8
1 792.0 339.0 6.386696196722769 4.588184147713272 81.7
1 647.0 111.0 10.618094966734803 5.05038925007316 -68.6
1 130.0 58.0 4.34633756334674 2.25285198688525 60.8
