0 286.81481481481484 124.74074074074075 5.1170121597542595 5.1170121597542595 0
0 163.52749490835032 265.1608961303462 4.19868189981433 4.19868189981433 0
0 86.53125000000003 230.56250000000006 4.352621336620038 4.352621336620038 0
0 187.15625000000003 326.81250000000006 6.5921947217903085 6.5921947217903085 0
0 643.40625 115.87500000000006 6.502703764589004 6.502703764589004 0
0 714.34375 128.06250000000006 11.763456390449194 11.763456390449194 0
0 509.7444089456869 374.5750798722045 5.003341777433175 5.003341777433175 0
0 441.6932907348243 406.84345047923324 5.369883806380688 5.369883806380688 0
0 322.49388753056235 363.81418092909536 6.170870153605847 6.170870153605847 0
0 420.0 581.9047619047619 4.7313304184282465 4.7313304184282465 0
0 450.12893081761007 541.0377358490566 3.629998861828682 3.629998861828682 0
0 652.5149051490515 600.8021680216802 4.599068495522258 4.599068495522258 0
0 722.2678571428571 742.5595238095239 6.534076904791629 6.534076904791629 0
1 197.0 665.0 6.736723919162724 3.52790624732186 -52.3
1 287.0 673.0 12.896520838628943 7.508418289347634 48.1
1 268.0 552.0 2.7771388153997565 2.3070543990118684 -26.0
1 408.0 227.0 4.504886055776405 3.631996179581421 37.2
1 929.0 221.0 10.79402875521351 4.256538956004211 -57.3
1 888.0 18.0 11.878392099080616 8.414863161646165 72.2
1 840.0 557.0 7.032658746283416 5.123252443303896 68.0
0 977.3295128939828 612.0343839541547 7.180495178304725 7.180495178304725 0
0 993.6618911174785 756.160458452722 10.892021666904421 10.892021666904421 0
1 559.0 154.0 13.768538526406157 9.684933983436839 -7.5
1 382.0 439.0 10.441503723123402 8.34161255393704 -43.5
1 401.0 483.0 8.626268022731509 6.386900656813139 13.6
1 516.0 452.0 6.73584851730449 6.8418629236379 -71.5
