0 310.7 479.7 4.802082881417207 4.802082881417207 0
0 439.4 414.3 4.254409477236552 4.254409477236552 0
0 114.2 615.1 4.964876634922574 4.964876634922574 0
0 21.1 678.2 2.247220505424405 2.247220505424405 0
0 778.6 541.9 4.242640687119285 4.242640687119285 0
0 853.6 452.0 6.014149981501957 6.014149981501957 0
0 492.0 230.5 4.0459856648287955 4.0459856648287955 0
0 673.1 72.8 2.5059928172283032 2.5059928172283032 0
0 717.1 83.1 9.903534722511928 9.903534722511928 0
0 243.6 188.1 3.0610455730028012 3.0610455730028012 0
0 838.6 109.1 2.8653097563788834 2.8653097563788834 0
0 924.3 133.2 3.883297567789567 3.883297567789567 0
0 990.5 89.6 9.360021367496993 9.360021367496993 0
0 797.0 671.2 3.7483329627982287 3.7483329627982287 0
0 618.7 691.4 3.046309242345599 3.046309242345599 0
0 598.9 734.8 2.247220505424428 2.247220505424428 0
0 295.9 272.8 3.0528675044947513 3.0528675044947513 0
1 313.0 318.0 10.354346913253396 7.470107094279164 52.1
1 63.0 206.0 10.285912696499036 4.924428900898049 -27.1
1 845.0 322.0 8.564169545262377 7.047162549565606 -27.4
1 549.0 166.0 5.499318139551483 4.002811511925081 49.3
1 578.0 144.0 4.676002566295271 3.5003571246374263 -65.5
1 571.0 430.0 6.688235940814318 4.474650824366068 -18.2
1 798.0 740.0 12.19231315214631 10.277402395547233 -20.9
1 31.0 635.0 5.7293106042525075 4.131888188225812 -68.9
