0 191.3 373.9 8.786353054595521 8.786353054595521 0
0 777.3 117.1 11.73882447266337 11.73882447266337 0
0 664.9 181.4 4.5343136195018365 4.5343136195018365 0
0 139.8 139.9 4.313930922024594 4.313930922024594 0
0 208.1 29.1 4.38634243989226 4.38634243989226 0
0 357.5 560.2 5.448853090330064 5.448853090330064 0
0 697.7 666.0 6.220128616033621 6.220128616033621 0
0 691.4 377.3 3.699999999999996 3.699999999999996 0
0 590.5 76.9 2.6476404589747675 2.6476404589747675 0
0 884.7 189.8 2.473863375370573 2.473863375370573 0
0 1006.4 105.6 6.628725367670622 6.628725367670622 0
1 793.0 444.0 8.935882720806056 5.0062460986252075 32.3
1 495.0 340.0 12.313610356024759 9.897979591815695 -30.5
1 545.0 399.0 5.015226814412275 3.827531841800953 -19.9
1 446.0 272.0 4.7887889909663155 3.8948684188300895 -49.1
1 441.0 140.0 5.045047076093539 3.541892149684964 -70.3
1 654.0 181.0 9.658286597528575 8.55058477532386 -87.6
1 672.0 206.0 5.17228189486999 2.2940139493908913 -16.5
1 842.0 150.0 5.0707494515110545 3.7312866413611556 51.4
1 242.0 752.0 13.088353601580309 8.41457069611991 -46.3
1 123.0 467.0 8.005623023850172 2.055480479109446 -48.6
1 54.0 569.0 6.561440390645953 2.3048861143232418 58.6
