0 463.5 27.7 5.936328831862329 5.936328831862329 0
0 561.0 135.3 11.112605455067673 11.112605455067673 0
0 514.5 228.0 4.623851208678784 4.623851208678784 0
0 445.5 327.0 3.1320919526731585 3.1320919526731585 0
0 429.4 350.1 5.608029957123968 5.608029957123968 0
0 497.6 372.2 3.4713109915419875 3.4713109915419875 0
0 637.1 406.6 6.087692502089785 6.087692502089785 0
0 219.8 391.5 8.376156636548766 8.376156636548766 0
0 213.4 230.2 4.188078318274376 4.188078318274376 0
0 84.2 613.9 6.044005294504675 6.044005294504675 0
0 100.0 757.9 9.879271228182757 9.879271228182757 0
0 380.7 665.7 4.393176527297747 4.393176527297747 0
0 553.8 716.8 5.1623637996561715 5.1623637996561715 0
0 534.0 757.2 12.401612798341905 12.401612798341905 0
1 790.0 700.0 4.697073557013984 3.000416637735495 -64.9
1 139.0 103.0 4.838646504963968 3.3526109228480383 14.9
1 36.0 226.0 12.794139283281242 4.473533279187714 -62.3
1 656.0 58.0 8.650578015369872 7.495665414090999 -18.7
1 772.0 112.0 4.827007354458843 5.731491952362866 -44.2
1 377.0 456.0 6.199395131785036 3.962322551231785 -43.0
1 721.0 418.0 6.0508263898413155 4.400284081738382 40.5
1 682.0 334.0 4.002499219237879 3.069609095634173 12.2
1 918.0 481.0 16.61400012038042 12.330855606972293 -21.2
1 128.0 670.0 13.86001443000689 6.489992295835192 -53.8
