0 226.25389755011136 181.9599109131403 10.266753293199208 10.266753293199208 0
0 334.71714922049 309.35412026726056 10.389223866094067 10.389223866094067 0
0 277.25612472160356 250.7795100222717 4.542556359548141 4.542556359548141 0
0 579.9418604651163 292.13953488372096 4.8140974307207225 4.8140974307207225 0
0 312.5 78.8 3.046309242345556 3.046309242345556 0
0 327.8 89.4 9.544108130150255 9.544108130150255 0
0 357.5 108.1 4.318564576337832 4.318564576337832 0
0 61.224489795918366 89.15145005370569 2.819420998583606 2.819420998583606 0
0 339.7031539888683 476.9499072356215 10.501648755536118 10.501648755536118 0
0 553.3333333333333 454.1176470588235 5.97315537714818 5.97315537714818 0
0 687.2508361204013 455.8528428093645 5.094162612618032 5.094162612618032 0
0 700.628762541806 487.95986622073576 3.555232713289206 3.555232713289206 0
0 865.2763295099062 203.64963503649636 5.847789319211648 5.847789319211648 0
0 988.2938230383974 326.37729549248746 6.0192842662170225 6.0192842662170225 0
0 315.2753108348135 719.1687388987567 8.490528172445536 8.490528172445536 0
1 112.0 237.0 8.771917858934499 6.136857787730448 -80.8
1 525.0 353.0 12.087208736756637 10.192647185784296 17.9
1 486.0 454.0 4.007804885470354 2.953811097548364 -56.6
1 501.0 460.0 3.262667620215067 2.619637379485957 -74.9
1 946.0 272.0 11.019951023687547 7.358374382407572 43.3
1 311.0 654.0 9.526804291051647 3.7643060449437282 39.1
1 633.0 682.0 7.1978063500627885 6.130586393713366 5.5
