0 246.94244604316543 91.0071942446043 6.356329873047599 6.356329873047599 0
0 366.0071942446043 81.47482014388488 6.3588739315336875 6.3588739315336875 0
0 783.3662790697674 144.17441860465118 6.500197609011013 6.500197609011013 0
0 171.93500738552436 314.9187592319054 3.319380362517626 3.319380362517626 0
0 95.48088064889917 290.83661645422944 2.4111995419101926 2.4111995419101926 0
0 49.63919821826283 582.4053452115812 5.478117539531777 5.478117539531777 0
0 287.4740834386852 471.16814159292034 8.077184750929593 8.077184750929593 0
0 520.7317073170732 488.4146341463414 2.2661690163595205 2.2661690163595205 0
1 125.0 319.0 4.899342434333624 3.3597014686975024 -65.8
1 556.0 522.0 8.191026964883052 4.49953418998337 84.7
1 870.0 542.0 18.75119281916264 7.654264478934105 80.1
1 648.0 207.0 9.20773022409526 7.068380613522514 11.6
1 548.0 41.0 8.139410298049853 4.682413907377263 6.7
