0 560.1 440.7 7.789736837660144 7.789736837660144 0
0 691.4 459.5 4.29534631898289 4.29534631898289 0
0 684.9 451.2 3.465544690232715 3.465544690232715 0
0 712.8 381.0 4.022437072223802 4.022437072223802 0
0 820.2332761578044 425.04288164665525 6.982206667940855 6.982206667940855 0
0 221.6138328530259 531.4063400576368 7.542508546571995 7.542508546571995 0
0 254.75504322766568 126.79538904899134 4.796344950170976 4.796344950170976 0
0 506.6 643.7 2.469817807045641 2.469817807045641 0
0 329.0 759.3 9.451454914456304 9.451454914456304 0
0 61.8 758.7 2.8284271247461903 2.8284271247461903 0
0 381.1 457.0 2.262741699796944 2.262741699796944 0
0 583.9376391982182 59.77951002227173 3.8784130884784345 3.8784130884784345 0
1 470.0 17.0 11.895851121974468 6.148280362511423 -17.7
1 546.0 178.0 3.8551913052402407 3.1400636936215025 35.2
1 568.0 251.0 12.064514080558727 9.027181176867996 51.4
1 777.0 398.0 9.69416381853717 7.716461856315965 -77.2
1 607.0 503.0 5.277546778570504 4.060788100849404 -40.2
1 938.0 490.0 9.999442280699688 6.714242544373531 -2.6
