0 511.0032362459547 320.873786407767 11.146271908928519 11.146271908928519 0
0 450.4854368932039 391.747572815534 9.22472026779241 9.22472026779241 0
0 475.4 411.7 6.041522986797313 6.041522986797313 0
0 411.7354497354497 458.8148148148148 6.627076534116886 6.627076534116886 0
0 397.02645502645504 516.1693121693121 4.719386903910588 4.719386903910588 0
0 630.4 501.0 6.132699242584806 6.132699242584806 0
0 726.2 605.4 3.939543120718368 3.939543120718368 0
0 767.7 581.5 4.031128874149227 4.031128874149227 0
0 801.9 572.8 7.294518489934734 7.294518489934734 0
0 727.1 664.0 4.661544808322606 4.661544808322606 0
0 739.2 722.1 6.5787536813593235 6.5787536813593235 0
0 805.7 733.6 11.815244390193518 11.815244390193518 0
0 924.4 622.9 8.561541917201604 8.561541917201604 0
0 746.7 429.3 2.7513632984394274 2.7513632984394274 0
0 869.6 215.5 4.304648650006112 4.304648650006112 0
0 821.2 92.9 4.5650848842053255 4.5650848842053255 0
0 950.9 17.5 12.401612798342052 12.401612798342052 0
0 495.0 193.9 2.7073972741361647 2.7073972741361647 0
0 568.4 11.1 2.2803508501983196 2.2803508501983196 0
0 448.3 29.5 4.052159917870941 4.052159917870941 0
0 170.2 463.6 5.412023651093939 5.412023651093939 0
0 67.3 688.1 5.95399025864167 5.95399025864167 0
0 391.6 617.0 3.289376840679681 3.289376840679681 0
0 37.7 749.1 3.699999999999978 3.699999999999978 0
0 109.2 743.9 2.720294101747103 2.720294101747103 0
0 213.1 712.7 3.19530906173406 3.19530906173406 0
1 584.0 382.0 5.925580140374475 2.7115493725912385 5.3
1 651.0 479.0 4.0503086302157385 2.0006249023742546 -1.4
1 895.0 339.0 8.770974860299166 5.935065290289568 -29.0
0 627.9 309.5 3.640054944640242 3.640054944640242 0
1 900.0 564.0 5.640257086339239 4.8757050772170425 -13.0
1 896.0 176.0 9.807395168952857 7.307701416998359 -79.7
1 449.0 307.0 5.205202806016491 2.788464836295636 59.4
1 397.0 229.0 11.05180980654301 9.450529085717903 0.6
0 353.1 207.8 3.08868904229609 3.08868904229609 0
1 547.0 103.0 4.94191258522445 1.2529964086141516 -28.5
1 218.0 586.0 8.528921385497659 3.5003571246374316 66.2
1 444.0 628.0 3.417967232142553 1.9729419656949043 84.1
1 977.0 347.0 3.567211796347351 3.5784074670165875 82.8
1 959.0 98.0 7.988272654335238 3.0647185841443982 56.9
0 1005.5 502.4 2.505992817228395 2.505992817228395 0
