0 561.3 483.7 3.9849717690342796 3.9849717690342796 0
0 881.115107913669 96.76258992805755 5.093454049822402 5.093454049822402 0
0 682.4 181.1 3.905124837953333 3.905124837953333 0
0 932.0 181.6 3.465544690232695 3.465544690232695 0
1 908.0 603.0 11.7356951203427 9.434222221448215 66.2
1 974.0 645.0 7.809017463327114 2.5838754155974435 -88.7
1 1008.0 647.0 7.082053048583772 5.180806758837389 -73.0
1 733.0 538.0 6.8082670335409095 4.807546151624497 24.4
1 362.0 582.0 12.869401860092125 8.006201147661214 -10.7
1 355.0 632.0 7.021395872616771 4.996498774141735 -72.6
1 302.0 515.0 7.4702744260167755 5.763896251668658 4.0
1 261.0 391.0 7.858912138457843 4.732071428032355 -78.4
1 240.0 427.0 6.916104394816499 5.648451115128813 -76.1
1 640.0 400.0 3.9623225512317934 2.9231831964487167 -79.8
1 589.0 312.0 12.098140352963322 9.906689659013198 -62.7
1 384.0 151.0 13.806158046321219 9.392150978343578 61.0
1 217.0 46.0 11.73126165422969 8.746427842267954 82.3
1 724.0 281.0 3.891657744457986 3.3533565274214405 -20.1
1 838.0 63.0 11.800953351318652 8.35059878092583 -0.7
1 797.0 91.0 7.492829905983444 5.2810983706043535 20.9
1 776.0 93.0 5.255949010407161 3.8832975677895303 78.5
1 862.0 328.0 12.38789731956156 2.6277366686941677 26.2
1 1013.0 232.0 4.911466176204418 3.314362683835323 34.2
