1 166.0 605.0 4.939082025032587 3.442042453253591 -35.6
0 283.25 27.125 2.7950849718747373 2.7950849718747373 0
1 325.0 290.0 12.550522897473236 8.705242673240075 -29.3
0 247.875 482.875 9.67115556694235 9.67115556694235 0
1 289.0 484.0 12.189262693042595 10.482500298115903 -75.6
0 377.0 731.375 3.1349840509961133 3.1349840509961133 0
0 357.25 651.875 10.065411069598698 10.065411069598698 0
0 430.75 628.625 6.7418932800809 6.7418932800809 0
0 457.375 597.75 8.87852042853988 8.87852042853988 0
1 411.0 441.0 12.005857945186591 7.2886898685566255 -88.2
0 441.25 288.5 4.403478738452134 4.403478738452134 0
0 503.625 295.75 5.065199897338703 5.065199897338703 0
0 573.75 293.875 4.339138739427446 4.339138739427446 0
0 598.375 13.0 5.5 5.5 0
0 614.5 349.5 3.75 3.75 0
0 497.0 732.875 11.6518507113677 11.6518507113677 0
1 492.0 226.0 6.447504362154398 5.28300636475104 78.3
0 758.625 329.625 12.03185875083314 12.03185875083314 0
0 696.75 609.25 3.659320292076112 3.659320292076112 0
0 775.5 575.125 3.087272258807117 3.087272258807117 0
1 757.0 583.0 14.329411406265088 9.02881671372279 20.8
0 881.0 675.0 4.881406047441659 4.881406047441659 0
1 793.0 738.0 4.459014745434242 3.0631376887107113 84.4
0 903.75 132.5 3.023346655611956 3.023346655611956 0
0 810.625 190.625 7.027846398435298 7.027846398435298 0
0 869.625 354.625 12.747548783981962 12.747548783981962 0
0 930.375 413.25 3.881043674065006 3.881043674065006 0
1 904.0 153.0 3.625538753068294 3.0726871383204637 -89.0
1 957.0 402.0 6.3568983199355955 4.299800140704217 59.6
0 1001.125 193.625 3.2451887464367926 3.2451887464367926 0
0 945.25 495.375 5.4112152054783405 5.4112152054783405 0
1 950.0 749.0 16.747434505021957 12.887281763428625 -18.4
