0 609.8321342925659 435.9184652278177 14.245896153745093 14.245896153745093 0
0 919.2834645669291 450.39370078740154 9.55687881412477 9.55687881412477 0
0 799.992125984252 484.251968503937 3.6297419123200108 3.6297419123200108 0
0 440.6 45.3 8.560373823613075 8.560373823613075 0
0 352.8 59.2 3.324154027718899 3.324154027718899 0
0 680.6369958275383 25.168289290681503 10.53816230292885 10.53816230292885 0
0 673.961057023644 55.210013908205845 5.452655294551441 5.452655294551441 0
0 598.3004172461752 108.75660639777469 3.4350734451261653 3.4350734451261653 0
0 681.6741854636591 160.90225563909775 5.502380551403551 5.502380551403551 0
0 1013.3501259445843 45.83879093198993 11.934869259931611 11.934869259931611 0
0 176.43037974683546 188.73417721518987 3.0642325156734618 3.0642325156734618 0
0 58.6 343.0 2.8425340807103834 2.8425340807103834 0
0 257.3 553.0 3.2202484376209286 3.2202484376209286 0
0 192.4 399.9 2.302172886644279 2.302172886644279 0
0 125.3 677.1 3.2015621187164243 3.2015621187164243 0
0 467.749718151071 614.205186020293 5.534582957670175 5.534582957670175 0
0 539.3087071240105 647.1926121372032 7.669890160289473 7.669890160289473 0
0 720.1105169340464 307.3083778966132 10.590695741542145 10.590695741542145 0
0 991.0712468193384 539.821882951654 4.707379134859977 4.707379134859977 0
0 715.0 653.6 3.0886890422960405 3.0886890422960405 0
1 46.0 133.0 9.11340623203209 4.2988715927217624 -88.4
1 243.0 236.0 7.546025443900915 2.6542418879973915 -3.2
1 1010.0 95.0 6.3406535883708735 3.165586115953293 -42.3
1 364.0 590.0 7.238789432979669 2.2149059748072837 -54.8
