0 503.1 627.1 5.371219600798315 5.371219600798315 0
0 570.1 658.1 3.324154027718884 3.324154027718884 0
0 798.7 573.3 6.303173803727749 6.303173803727749 0
0 566.7 732.7 4.459820624195488 4.459820624195488 0
0 931.0 552.0 6.140032573203473 6.140032573203473 0
0 527.2 185.9 3.310589071449372 3.310589071449372 0
0 421.4 71.1 4.6861498055440105 4.6861498055440105 0
0 934.2 366.1 5.491812087098316 5.491812087098316 0
0 990.5 285.0 5.903388857258187 5.903388857258187 0
0 222.3 84.9 4.404543109109029 4.404543109109029 0
1 521.0 343.0 11.036530251850005 8.782084035125152 -45.1
1 586.0 292.0 4.497221364353765 2.990819285747668 -31.5
1 430.0 312.0 7.158561307972441 3.5654592972013956 68.3
1 210.0 27.0 12.252550754842845 9.4505290857179 -52.2
0 381.6 78.6 2.47588368062799 2.47588368062799 0
1 447.0 109.0 6.5 2.1360009363293826 -22.4
1 630.0 83.0 7.400168916990994 5.049999999999997 -0.0
1 627.0 75.0 3.9156736329781068 1.9602295783912542 -84.9
1 658.0 23.0 4.490267252625377 3.824264635194606 -46.6
0 672.7 215.4 2.4041630560342053 2.4041630560342053 0
1 715.0 214.0 8.469356528095878 5.423098745182486 -22.8
1 583.0 479.0 6.137472806499831 4.839483710622737 -77.1
1 962.0 297.0 4.176122603564217 3.541892149684991 73.3
1 995.0 378.0 12.064928512013655 3.7336309405188826 84.1
1 400.0 708.0 8.348652585896708 6.682252614201284 43.9
0 101.9 110.1 6.350590523722969 6.350590523722969 0
0 104.1 117.9 3.4058772731852796 3.4058772731852796 0
