0 623.9021134593993 354.83870967741933 6.608876875422894 6.608876875422894 0
0 514.7444253859348 186.79245283018867 6.215324504971974 6.215324504971974 0
0 591.6124031007752 58.883720930232585 6.6232587173004225 6.6232587173004225 0
0 892.9775280898876 108.42696629213484 7.930109108703986 7.930109108703986 0
0 465.47985347985343 520.8131868131868 7.890351365764865 7.890351365764865 0
0 379.7586206896552 529.0574712643678 4.633481464539432 4.633481464539432 0
0 302.4 543.4 2.9206163733020976 2.9206163733020976 0
0 345.2647462277092 653.4787379972565 3.7138508561538703 3.7138508561538703 0
0 1013.3089005235602 99.96858638743457 2.7330645311284396 2.7330645311284396 0
1 97.0 163.0 12.388677806876434 8.639748707061694 -23.1
1 436.0 95.0 6.10573500898949 4.077070026379238 60.9
1 503.0 285.0 4.050308630215731 3.4481879299133418 -29.5
1 516.0 341.0 8.961497876935644 5.471858757290644 66.9
1 791.0 541.0 13.361410601813331 12.357513588111546 -72.9
1 841.0 606.0 14.162001402945299 8.564835163859453 15.3
