0 117.71058315334774 246.85097192224626 12.704484811967795 12.704484811967795 0
0 52.3 14.9 12.252754792290586 12.252754792290586 0
0 25.9 619.8 8.802272433866174 8.802272433866174 0
0 358.1 685.0 7.8771822373231855 7.8771822373231855 0
0 536.3 677.8 5.787054518492136 5.787054518492136 0
0 614.6 583.3 6.4776538962806365 6.4776538962806365 0
0 905.2 600.2 9.202716990106715 9.202716990106715 0
0 646.4 369.8 10.890362712049651 10.890362712049651 0
0 704.2 229.9 6.453681120104978 6.453681120104978 0
0 437.7 425.9 4.176122603564233 4.176122603564233 0
0 906.3 480.0 9.512623192369247 9.512623192369247 0
0 944.9 200.5 3.4205262752974814 3.4205262752974814 0
0 744.4 276.2 5.048762224545734 5.048762224545734 0
0 151.9 328.3 4.609772228646424 4.609772228646424 0
1 609.0 649.0 6.755923326977578 4.47213595499958 -61.8
1 366.0 590.0 11.923611030220645 8.46788049041788 86.4
1 216.0 402.0 7.459390055493803 5.378196723809943 74.3
1 647.0 432.0 5.755432216610656 4.127044947659294 -19.1
1 841.0 705.0 8.25742090485885 5.455730931781724 -2.6
1 940.0 677.0 7.500166664814856 6.559344479443058 -89.6
1 747.0 290.0 12.472569903592431 6.952877102322451 86.6
0 971.1 362.6 3.2249030993193633 3.2249030993193633 0
1 786.0 127.0 4.150301193889442 2.332380757938118 -58.8
1 546.0 186.0 8.791188770581593 7.3220557222681455 71.8
0 79.2 344.5 3.19061122670876 3.19061122670876 0
1 541.0 115.0 8.225113980973148 4.180011961705374 35.2
1 60.0 96.0 7.443117626371355 2.8853076092507033 59.7
1 214.0 32.0 15.590461827668868 9.671866417605242 -36.9
