0 191.12087912087912 96.63736263736261 5.206106374927436 5.206106374927436 0
0 113.0928961748634 234.13661202185793 8.828139028089355 8.828139028089355 0
0 165.82513661202188 380.58469945355193 3.9119729681082585 3.9119729681082585 0
0 291.5081967213115 632.7704918032787 5.133413723512553 5.133413723512553 0
0 216.64480874316942 614.4644808743169 3.4560411586539717 3.4560411586539717 0
0 196.97267759562843 615.5573770491802 3.795749723893396 3.795749723893396 0
0 550.7978142076503 610.0928961748633 8.920670883778493 8.920670883778493 0
0 636.5901639344262 700.5300546448087 6.568751519219284 6.568751519219284 0
0 633.8579234972677 506.26775956284155 11.984542185498006 11.984542185498006 0
0 662.0 266.6502732240437 6.010928961748675 6.010928961748675 0
0 546.9726775956284 110.63934426229508 3.4234874552299974 3.4234874552299974 0
0 572.3825136612022 31.677595628415315 4.4140695140446535 4.4140695140446535 0
0 595.0601092896175 14.7377049180328 4.061767417300135 4.061767417300135 0
0 434.95081967213116 77.30601092896175 3.4989749931327143 3.4989749931327143 0
0 468.8306010928962 190.69398907103826 3.9404931972284163 3.9404931972284163 0
0 585.224043715847 177.57923497267763 4.061767417300128 4.061767417300128 0
0 695.6065573770492 48.07103825136613 4.26789599776319 4.26789599776319 0
0 920.4699453551913 201.07650273224044 5.885426018726241 5.885426018726241 0
0 775.3879781420765 277.5792349726776 4.098360655737724 4.098360655737724 0
0 930.3060109289618 346.1584699453552 4.948297889692582 4.948297889692582 0
0 802.4371584699453 636.3224043715846 3.4560411586539805 3.4560411586539805 0
1 118.0 251.0 3.9333825270185683 3.4909651199947147 -24.7
1 187.0 418.0 4.829964352367127 4.134630041098787 -81.9
1 88.0 479.0 4.339448135046057 2.7661826135678407 -60.4
1 129.0 518.0 14.208963789639084 9.531564777329189 58.6
1 316.0 735.0 5.440521243644776 2.704780037325566 -31.9
1 426.0 152.0 6.706523338051143 5.6425891879954575 -0.8
1 488.0 37.0 4.948297889692578 1.955986484054156 83.7
1 634.0 749.0 7.478806389710895 6.378479524551231 -80.5
1 723.0 444.0 6.8059665066017 2.432307898191926 39.9
1 806.0 238.0 7.603781448128822 5.371476298179635 75.6
1 921.0 437.0 8.89657931976226 8.089000733927573 -4.8
1 1000.0 398.0 7.517386061310135 2.6099690129156947 -21.9
1 970.0 261.0 3.0972087564903257 3.258705038764077 -37.0
1 956.0 245.0 8.109738841341994 6.257367481201555 -33.9
