0 44.339622641509436 223.28571428571425 5.249148812439475 5.249148812439475 0
0 79.64959568733154 244.44474393530993 5.457805048872387 5.457805048872387 0
0 315.7514450867052 167.59826589595374 7.658959537572274 7.658959537572274 0
0 226.9 30.8 2.8319604517012564 2.8319604517012564 0
0 351.9 8.8 2.102379604162877 2.102379604162877 0
0 535.5140186915887 61.21495327102804 3.4119350155397883 3.4119350155397883 0
0 804.7519818799547 47.90486976217441 5.371932605042533 5.371932605042533 0
0 886.1219963031423 136.2181146025878 7.189889219510843 7.189889219510843 0
0 604.5851703406813 150.68336673346695 5.884587919850158 5.884587919850158 0
0 759.0930232558139 497.6627906976744 13.622528504488324 13.622528504488324 0
0 717.3020134228188 722.3892617449665 7.228409137093308 7.228409137093308 0
0 430.38235294117646 591.3398692810457 9.741084026659419 9.741084026659419 0
0 26.450867052023142 485.3179190751445 7.908731272363928 7.908731272363928 0
1 262.0 201.0 10.071168788641573 5.532126146458961 46.3
1 477.0 353.0 13.993033981235106 10.231446623034309 20.5
1 512.0 327.0 12.266315665268044 5.736287998348766 74.2
1 297.0 511.0 6.8586010880488475 3.314563036811934 81.9
1 238.0 698.0 10.6664192679643 4.701063709417252 63.5
1 780.0 708.0 11.953451384432833 5.873882872512864 -17.0
