1 36.0 42.0 13.252947785304219 11.803402581459297 -23.8
0 94.0 73.125 2.6487025125521364 2.6487025125521364 0
0 173.75 105.625 3.164747225293041 3.164747225293041 0
0 59.875 256.0 4.995310300672021 4.995310300672021 0
1 13.0 376.0 5.50035510217295 4.129259164789732 -52.6
1 19.0 697.0 7.3274419990880855 6.959986081164243 -27.4
0 136.0 756.0 4.244481711587412 4.244481711587412 0
0 215.75 230.875 3.365728004459065 3.365728004459065 0
0 234.625 555.125 6.032464256006827 6.032464256006827 0
1 227.0 706.0 7.5728235322104265 9.76941176581272 76.5
1 484.0 494.0 2.6487025125521364 3.6109642064135725 66.7
0 449.25 441.0 5.376453291901642 5.376453291901642 0
1 501.0 393.0 7.203785897012764 3.893102875599359 44.1
1 480.0 336.0 5.438936591834842 3.010398644698074 -4.8
0 457.375 203.375 6.005206074732157 6.005206074732157 0
0 653.75 471.375 5.535397456371133 5.535397456371133 0
0 620.5 576.75 7.367581014145688 7.367581014145688 0
0 581.5 757.25 4.7909419741842 4.7909419741842 0
0 558.5 724.625 3.659320292076112 3.659320292076112 0
0 689.5 374.375 11.775238851080687 11.775238851080687 0
0 705.375 315.375 6.62971530308806 6.62971530308806 0
1 840.0 256.0 6.41409580533375 3.4323825544364954 -56.9
0 964.875 247.0 5.535397456371133 5.535397456371133 0
0 912.25 95.75 3.6763602924631855 3.6763602924631855 0
0 983.375 386.375 3.0 3.0 0
