0 216.1 325.0 5.50363516232681 5.50363516232681 0
0 290.6 394.2 3.4132096331751893 3.4132096331751893 0
0 307.3 406.0 5.547071299343456 5.547071299343456 0
0 70.0 475.5 4.651881339845206 4.651881339845206 0
0 223.3 622.3 6.09015599143403 6.09015599143403 0
1 87.0 509.0 10.847349906774468 3.962322551231768 -8.0
0 303.5 534.3 5.608029957124038 5.608029957124038 0
0 307.5 239.1 6.481512169239539 6.481512169239539 0
0 397.7 214.2 4.318564576337832 4.318564576337832 0
1 210.0 119.0 11.11901524416618 8.165323018717636 -86.6
0 453.5 71.5 4.272001872658765 4.272001872658765 0
1 545.0 30.0 5.798706752371583 2.7280945731407376 -60.8
1 370.0 320.0 10.786333946248844 6.896375859826689 -18.9
1 376.0 330.0 5.307541803886219 2.441823089414968 46.4
0 361.5 605.1 9.884331034521214 9.884331034521214 0
0 432.1 620.7 2.3086792761230077 2.3086792761230077 0
1 544.0 482.0 8.660975695613036 5.7467382052778175 77.3
1 585.0 465.0 12.02518191130594 8.105707865448899 -29.6
1 703.0 502.0 15.302600972138958 7.593873112817551 72.3
0 729.2803970223324 485.35980148883374 6.001680705929468 6.001680705929468 0
1 541.0 189.0 4.24264068711927 3.1563428204173025 -81.9
1 624.0 154.0 6.6876752313490835 4.864668539582116 -78.4
1 602.0 101.0 5.9682493245507295 2.926174977679884 31.6
1 786.0 24.0 10.646360880601385 8.170220315266903 51.0
1 903.0 159.0 9.535853396524091 6.753517601961222 -69.3
0 804.3522267206478 558.2914979757085 8.868268339985917 8.868268339985917 0
0 954.0 114.9 7.3355299740373185 7.3355299740373185 0
0 925.7 62.1 2.3706539182258597 2.3706539182258597 0
1 956.0 370.0 8.2936722867497 3.666742423459823 -5.5
0 866.1 606.7 11.985407794480656 11.985407794480656 0
0 978.6 720.4 4.801041553663143 4.801041553663143 0
