0 467.44871794871796 331.4102564102564 9.911311600042444 9.911311600042444 0
0 819.8976640711902 501.7797552836485 11.561990175916554 11.561990175916554 0
0 473.5 214.0 6.8883960397178035 6.8883960397178035 0
0 348.3 7.3 8.200609733428363 8.200609733428363 0
0 140.0 132.0 4.883646178829915 4.883646178829915 0
0 54.2 516.4 2.2803508501982597 2.2803508501982597 0
1 11.0 445.0 7.071951640106147 3.511765937530595 -25.0
1 233.0 650.0 6.614000302388892 3.4655446902326754 40.4
0 286.1 660.1 9.986490875177278 9.986490875177278 0
0 312.8 497.8 2.8600699292150207 2.8600699292150207 0
1 236.0 202.0 3.2422985673746885 2.5268557536986513 27.0
1 464.0 553.0 15.842427213025141 8.743712026365014 -21.8
1 455.0 199.0 5.180974811751148 2.7771388153997827 -23.3
1 520.0 41.0 13.3146535816746 8.550584775323877 56.4
0 547.7 504.0 2.823118842698546 2.823118842698546 0
0 581.5 716.4 4.114608122288267 4.114608122288267 0
1 538.0 408.0 4.4204072210600796 2.337733945512162 -38.5
1 753.0 633.0 8.753570700005833 7.621679604916483 -36.5
0 848.1 300.7 2.692582403567231 2.692582403567231 0
1 929.0 580.0 3.7003378224156664 2.3521266972678387 -2.4
1 922.0 734.0 11.60560209553991 4.732071428032351 71.4
1 1012.0 119.0 4.570557952810575 3.403307215048322 10.2
