0 419.0 552.8 7.545197147855081 7.545197147855081 0
0 463.4 498.5 3.517101079013822 3.517101079013822 0
0 309.9 603.7 6.592419889539825 6.592419889539825 0
0 218.4 478.8 4.604345773288502 4.604345773288502 0
0 228.2 222.9 5.6603886792339715 5.6603886792339715 0
0 92.3 180.2 5.860034129593448 5.860034129593448 0
0 395.9 60.1 4.162931659299739 4.162931659299739 0
0 563.5 191.7 10.560303025955292 10.560303025955292 0
0 610.0 178.2 3.9204591567825533 3.9204591567825533 0
0 680.6 457.0 5.515432893255101 5.515432893255101 0
0 652.0 439.1 3.397057550292575 3.397057550292575 0
1 136.0 476.0 8.028075734570505 5.580546568213534 -76.7
1 159.0 733.0 4.600271731104554 3.010398644698074 -89.4
1 733.0 62.0 6.5071114943575346 4.924428900898062 62.9
1 917.0 333.0 6.668208155119346 5.933169473392767 -12.2
0 780.1 569.0 2.9154759474226504 2.9154759474226504 0
0 880.0 547.2 7.851751396981375 7.851751396981375 0
1 976.0 409.0 3.8242646351946132 2.616295090390258 43.6
