0 330.0346820809249 372.3699421965318 12.160728755567412 12.160728755567412 0
0 205.6 436.6 7.783315488916025 7.783315488916025 0
0 77.5 536.0 4.301162633521294 4.301162633521294 0
0 115.0 293.6 3.4058772731852685 3.4058772731852685 0
0 89.7 186.2 9.305912099305479 9.305912099305479 0
0 56.0 57.6 3.6891733491393444 3.6891733491393444 0
0 504.5 295.8 5.060632371551977 5.060632371551977 0
0 428.8 146.1 4.308131845707601 4.308131845707601 0
0 333.9 58.6 4.465422712353259 4.465422712353259 0
0 481.0 725.1 4.492215489043238 4.492215489043238 0
0 650.5 325.0 11.225862995778998 11.225862995778998 0
0 900.1 575.8 11.321660655575227 11.321660655575227 0
0 695.9 137.4 4.252058325093897 4.252058325093897 0
0 892.8 700.6 5.635601121442159 5.635601121442159 0
0 607.4 262.8 2.6925824035672985 2.6925824035672985 0
1 643.0 181.0 12.984798804756263 5.165510623355621 85.8
1 884.0 253.0 15.032381714152944 7.247930739183445 -49.7
1 834.0 460.0 7.114246270688154 3.26879182573623 -86.4
1 835.0 492.0 5.791804554713465 2.773535649671728 -62.7
1 890.0 509.0 6.350787352761837 4.885949242470705 -20.3
1 880.0 523.0 4.746050990033746 3.882331773560855 78.5
1 888.0 538.0 7.080254232723552 4.880829847474699 55.8
1 754.0 670.0 10.400120191613146 4.830372656431392 27.4
0 963.0 509.4 4.664761515876258 4.664761515876258 0
1 982.0 425.0 8.014518076590734 5.91142960712553 -8.3
1 996.0 423.0 6.7546280430531604 3.3049205739321525 -10.5
1 992.0 446.0 5.11199569639881 3.6585516259853206 -86.1
0 601.4 722.2 3.891015291668714 3.891015291668714 0
1 400.0 744.0 7.55595791412314 4.4780017865114905 15.3
1 372.0 742.0 4.812743500333229 2.5303161857759893 -29.6
0 216.1 686.6 9.18313671900835 9.18313671900835 0
1 472.0 718.0 4.149999999999977 2.849999999999966 -0.0
1 281.0 523.0 4.181506905411 2.392697222801052 26.0
1 380.0 481.0 3.1084562084739207 1.833712082089235 11.0
1 453.0 493.0 4.6349217900629425 3.153569406244288 69.7
1 224.0 197.0 5.703069349043542 4.1173413752080315 64.6
1 43.0 153.0 13.198200634935054 10.396634070698076 44.0
