0 223.2 126.4 3.5693136595149473 3.5693136595149473 0
0 168.9 3.5 4.617358552246084 4.617358552246084 0
1 19.0 505.0 6.202947887899753 5.1878764923617835 73.8
1 175.0 710.0 11.9610370056279 9.262027653273337 72.4
0 168.75 738.5 5.388065515563077 5.388065515563077 0
0 37.875 714.875 5.771698190307598 5.771698190307598 0
0 291.25 408.0 3.758324094593227 3.758324094593227 0
0 385.875 398.125 5.306246319197781 5.306246319197781 0
1 379.0 240.0 3.502231431530475 2.815276407388802 -2.5
0 375.125 76.75 3.8017265814363874 3.8017265814363874 0
0 427.625 123.0 8.25 8.25 0
1 444.0 175.0 5.520204366687886 3.5800008729049213 -74.2
0 480.625 704.875 7.520804478245662 7.520804478245662 0
1 558.0 582.0 11.58342700801451 6.245310740867903 11.6
1 603.0 339.0 4.9152981852579405 9.05042298735258 14.1
0 670.125 300.5 4.802343178074636 4.802343178074636 0
0 620.375 88.0 5.959498720530108 5.959498720530108 0
1 712.0 171.0 12.518891973733139 6.917200029636269 55.3
0 715.125 188.75 3.599045012221992 3.599045012221992 0
0 760.25 529.875 5.297405025104273 5.297405025104273 0
1 740.0 726.0 7.3569694847810805 6.006506888366982 -80.2
1 736.0 515.0 1.9131534831267458 6.278995242074961 66.8
1 910.0 687.0 4.437940119019183 5.155776493410086 0.8
0 1000.125 464.5 4.177693741767101 4.177693741767101 0
0 964.25 172.0 6.10455772353739 6.10455772353739 0
