0 53.4 65.4 6.155485358604949 6.155485358604949 0
0 195.9 381.4 9.800510190801308 9.800510190801308 0
0 192.4 440.5 7.685050422736337 7.685050422736337 0
0 127.5 486.2 2.8600699292150207 2.8600699292150207 0
0 88.6 330.1 2.778488797889944 2.778488797889944 0
0 44.2 598.3 4.080441152620687 4.080441152620687 0
0 467.3 625.1 4.272001872658791 4.272001872658791 0
0 531.1 625.9 3.298484500494162 3.298484500494162 0
0 192.1 748.9 3.94081209904765 3.94081209904765 0
0 569.4 451.4 3.2202484376209446 3.2202484376209446 0
0 412.9 599.7 3.2893768406796275 3.2893768406796275 0
0 830.3 521.6 2.9832867780352483 2.9832867780352483 0
0 739.8 548.3 4.080441152620741 4.080441152620741 0
0 957.4949944382647 32.92547274749722 4.197544441404498 4.197544441404498 0
1 605.0 149.0 12.034222035511913 9.133044399322717 -21.1
1 855.0 227.0 15.512333802494041 10.736503155124568 19.0
1 186.0 425.0 7.576443756803056 3.869431482789173 71.4
1 186.0 457.0 6.481512169239516 4.243819034784576 -53.0
1 312.0 384.0 8.59098364566016 3.6989863476363403 9.3
1 347.0 478.0 6.177378084592205 3.6868007811651653 -63.0
1 200.0 699.0 4.355743334954431 3.7165171868296265 48.0
1 218.0 720.0 11.005112448312351 5.233067933822371 46.8
1 435.0 622.0 5.373313688963287 3.479224051422948 -7.4
1 540.0 643.0 7.712651943397922 6.440496875241845 -49.9
1 595.0 577.0 12.43956479258912 9.577849825676285 3.5
1 815.0 500.0 4.2323161507618945 3.5584406697315987 -75.6
1 833.0 575.0 11.352752970094954 8.665160125467976 17.8
1 765.0 582.0 5.21176553578534 3.5046397817749813 86.1
1 983.0 566.0 7.316419889536113 4.494441010848844 20.9
