0 496.03614457831327 239.12048192771087 7.057454526421654 7.057454526421654 0
0 190.70945945945945 224.79391891891888 4.610589210796003 4.610589210796003 0
0 303.88513513513516 16.854729729729687 8.08343656351714 8.08343656351714 0
0 132.43243243243242 578.0033783783783 6.5964946587049695 6.5964946587049695 0
0 13.682432432432433 654.8614864864865 6.817714888719814 6.817714888719814 0
0 548.006932409012 71.05719237435008 4.0902681875931 4.0902681875931 0
0 241.5 110.4 3.0232432915661884 3.0232432915661884 0
0 326.3 296.3 2.3086792761230495 2.3086792761230495 0
0 82.08733624454149 625.5393013100436 3.2126504300354433 3.2126504300354433 0
0 473.45679012345676 335.08024691358025 3.6836448127506625 3.6836448127506625 0
0 859.3799126637554 332.31441048034935 3.7957510365081393 3.7957510365081393 0
0 928.3628779979146 748.9051094890511 5.840347013530924 5.840347013530924 0
1 943.0 685.0 10.503689451805577 8.187072299036222 -62.6
1 672.0 742.0 2.1497430984497123 3.4033276967471973 29.4
1 710.0 653.0 21.394138041879 13.616505865267769 -35.9
1 501.0 108.0 3.4058772731852796 3.4792240514229498 3.4
1 603.0 596.0 3.3400479332098536 2.7341963221314383 29.6
1 578.0 637.0 4.400319477795268 2.8948857659524467 -83.3
1 431.0 270.0 5.015487838277733 2.765680049524344 -64.3
1 354.0 13.0 2.8570089254323294 2.9154759474226557 4.0
1 257.0 172.0 9.281604015373217 7.873316071025737 -57.0
1 216.0 202.0 2.4459149617269937 1.8721645226849015 -51.0
1 308.0 401.0 10.270843682986303 9.494601800872205 6.6
1 240.0 483.0 5.209518691547047 4.0782019883213705 -63.6
1 139.0 516.0 9.561513657127266 7.746315698243883 -54.8
