0 419.14285714285717 97.22055137844613 5.398661460786453 5.398661460786453 0
0 486.56140350877195 87.94736842105264 5.288458106769222 5.288458106769222 0
0 180.2 132.5 7.826237921249264 7.826237921249264 0
0 625.7 226.9 4.41021541424 4.41021541424 0
0 697.7 38.6 8.203657720797425 8.203657720797425 0
0 985.0 266.9 6.824954212300602 6.824954212300602 0
0 664.8995756718529 714.8345120226309 5.125225157565315 5.125225157565315 0
0 704.3620933521923 690.3649222065064 3.8084616740696253 3.8084616740696253 0
0 525.7 711.1 4.477722635447569 4.477722635447569 0
0 536.6 436.9 2.7459060435492058 2.7459060435492058 0
0 722.0 303.7 3.3615472627943745 3.3615472627943745 0
0 855.6 563.4 4.382921400162244 4.382921400162244 0
0 935.6 764.9 6.824221567329133 6.824221567329133 0
1 417.0 129.0 7.75918810185704 6.677012805139743 -24.9
1 503.0 156.0 8.720808448762085 7.7176745202165655 -61.8
1 315.0 646.0 7.915964881175264 6.732941407735557 -63.8
1 801.0 180.0 6.250199996800098 5.091659847240358 69.0
1 140.0 295.0 11.884864324004726 4.306390600026881 -60.5
