1 177.0 96.0 3.3383425902684105 4.949747468305833 42.9
1 115.0 555.0 5.8473418106007795 8.512169597112125 81.5
1 116.0 568.0 7.4375 5.6747797314080834 -90.0
1 143.0 625.0 4.793387372203503 2.766992952647332 -21.3
0 266.375 33.375 3.75 3.75 0
0 256.0 314.125 8.467769777219974 8.467769777219974 0
0 277.0 507.125 4.138236339311712 4.138236339311712 0
0 296.875 718.25 4.142010381445223 4.142010381445223 0
0 346.625 751.0 14.981759743100941 14.981759743100941 0
1 323.0 671.0 5.870011179716782 5.106674553953874 19.9
1 353.0 721.0 3.563048203434806 4.962751882776329 -84.2
1 368.0 631.0 3.7567647317871797 3.762998305872592 -43.2
1 489.0 342.0 8.52225945685767 5.779814010848446 69.8
0 466.375 518.5 4.5 4.5 0
1 597.0 709.0 6.581816808450384 4.562928062110995 -57.9
0 763.625 99.0 9.013878188659973 9.013878188659973 0
0 756.625 425.25 6.5431261641512 6.5431261641512 0
0 840.75 604.875 6.957460025037873 6.957460025037873 0
1 810.0 332.0 6.29111476608081 3.389436715739062 22.7
1 914.0 699.0 6.452954749570154 7.357500424736651 -30.1
1 907.0 378.0 5.4375 4.422951503238533 -44.5
0 953.625 259.0 5.055937104039171 5.055937104039171 0
1 928.0 45.0 12.551923408386461 11.767606489851707 -28.5
0 844.6 577.6 2.9546573405387413 2.9546573405387413 0
