0 381.8 379.2 5.594640292279771 5.594640292279771 0
0 97.4 470.0 4.531004303683662 4.531004303683662 0
0 279.0 549.8 3.5608987629530175 3.5608987629530175 0
0 417.9 655.1 5.800862004909294 5.800862004909294 0
0 157.2 271.0 3.640054944640257 3.640054944640257 0
0 136.8 224.8 10.399999999999995 10.399999999999995 0
0 928.5 193.2 6.220128616033621 6.220128616033621 0
0 651.6 289.4 3.5777087639997145 3.5777087639997145 0
0 373.2 55.4 5.092150822589606 5.092150822589606 0
0 947.8 457.2 4.404543109109118 4.404543109109118 0
0 255.7 752.0 2.842534080710421 2.842534080710421 0
1 365.0 714.0 9.724325169388367 3.118092365533779 7.9
1 176.0 694.0 8.369289097647448 6.8914802473779195 -59.8
1 187.0 420.0 12.067829133692628 8.578169968005996 71.5
1 338.0 459.0 5.232590180780447 2.896981187374178 24.9
1 540.0 348.0 7.3206898582032105 6.470123646422868 -40.5
1 724.0 447.0 10.403124530639845 5.867282164682408 -84.2
1 585.0 666.0 5.382378656319117 4.315669125408032 58.1
1 228.0 230.0 9.24026514771085 8.128037893612458 -65.8
1 512.0 137.0 4.7908767464838675 3.5735136770411224 17.9
1 538.0 87.0 5.916924876994807 4.210997506529804 -59.6
1 81.0 40.0 6.8016542105578965 5.455730931781734 2.6
1 919.0 133.0 13.046455457326331 8.259691277523634 85.2
1 872.0 83.0 6.932712311931052 2.3753947040439325 -27.8
