0 34.98387096774193 66.0564516129032 6.613394946313201 6.613394946313201 0
0 88.61290322580645 170.08870967741933 8.553711062740513 8.553711062740513 0
0 255.1451612903226 96.7016129032258 4.921998232150634 4.921998232150634 0
0 546.6774193548387 125.3306451612903 4.921998232150657 4.921998232150657 0
0 288.2096774193548 375.7338709677419 5.05240487344423 5.05240487344423 0
0 523.2903225806451 336.62096774193543 7.413216254375105 7.413216254375105 0
0 219.66129032258064 433.79838709677415 4.342874844463339 4.342874844463339 0
0 577.3225806451612 459.6048387096774 3.7175582489084693 3.7175582489084693 0
0 158.7741935483871 545.491935483871 5.424848406078106 5.424848406078106 0
0 262.0 568.4758064516128 4.361553962254801 4.361553962254801 0
0 357.56451612903226 580.9758064516128 5.40984188104789 5.40984188104789 0
0 749.5 345.4919354838709 3.825335879235915 3.825335879235915 0
0 959.5806451612902 397.9112903225806 2.9077026415032368 2.9077026415032368 0
0 778.9354838709677 228.95967741935482 4.15146376652702 4.15146376652702 0
0 669.6612903225806 152.34677419354836 6.93735908632469 6.93735908632469 0
0 961.5967741935484 149.9274193548387 5.645161290322591 5.645161290322591 0
1 12.0 533.0 5.6487603734362315 3.282020281471718 -85.8
1 317.0 27.0 6.0651649018110145 4.462891859108597 -16.5
1 601.0 338.0 14.904362563125977 6.131817066832887 60.3
1 477.0 379.0 6.738215712527597 2.298740776409548 -40.3
1 451.0 628.0 10.366903332405181 8.224225021923846 -77.3
1 846.0 739.0 14.767371030024176 9.35492561138726 -51.6
1 877.0 688.0 11.134436509261327 9.276384734134929 84.8
1 786.0 625.0 7.55712290886745 2.628710647259135 -80.8
1 643.0 112.0 19.804299097598438 15.135745467035042 37.8
