0 15.875 13.875 4.7762432936357 4.7762432936357 0
0 165.375 92.625 4.366062299143245 4.366062299143245 0
0 60.125 145.375 5.535397456371133 5.535397456371133 0
1 82.0 242.0 4.775016361228515 2.1332560207345015 36.1
1 170.0 341.0 9.721311961355834 10.385724878408825 78.3
1 61.0 387.0 5.839654313399039 6.645016930001006 -78.4
0 30.375 355.625 5.306246319197781 5.306246319197781 0
0 64.875 522.0 5.024937810560445 5.024937810560445 0
0 83.375 639.75 4.126893504804794 4.126893504804794 0
0 288.0 6.25 6.501201811972922 6.501201811972922 0
1 321.0 71.0 4.30932854398455 5.777786124459783 17.1
1 407.0 163.0 8.961070318326936 9.448255460665742 -62.8
0 411.875 244.125 5.482928049865327 5.482928049865327 0
1 396.0 338.0 6.4520466714059035 4.402147913235083 51.6
0 489.125 559.25 4.25 4.25 0
0 358.25 259.25 3.439204123049401 3.439204123049401 0
0 578.125 563.375 12.880460007313403 12.880460007313403 0
1 548.0 623.0 11.890286213964743 12.3530423884159 -17.4
0 559.125 339.25 4.5155979670471105 4.5155979670471105 0
0 530.875 101.125 6.269968101992227 6.269968101992227 0
1 538.0 87.0 5.160320363117004 3.252402957814422 -2.2
1 731.0 755.0 11.255033596129334 6.4653523685875 -73.9
0 748.375 33.875 3.164747225293041 3.164747225293041 0
0 1003.75 40.0 6.5 6.5 0
0 925.75 66.25 7.178527007680615 7.178527007680615 0
1 842.0 154.0 9.770011514834566 10.4391839958878 -69.8
1 904.0 250.0 4.870991942099678 2.5875301930605565 37.6
1 974.0 421.0 3.783186487605389 7.613977689092607 80.1
0 914.375 488.875 10.241612421879672 10.241612421879672 0
0 897.75 709.5 5.97520920135856 5.97520920135856 0
0 954.5 742.75 5.569167352486366 5.569167352486366 0
1 976.0 675.0 12.472782869111448 9.917826437783633 7.4
