0 107.96774193548387 255.16935483870967 2.5502239194906324 2.5502239194906324 0
0 82.16129032258065 264.84677419354836 2.01612903225805 2.01612903225805 0
0 402.72580645161287 229.36290322580643 4.342874844463313 4.342874844463313 0
0 551.516129032258 237.02419354838707 5.100447838981265 5.100447838981265 0
0 619.258064516129 303.1532258064516 4.838709677419331 4.838709677419331 0
0 102.3225806451613 24.12096774193546 4.508201567539897 4.508201567539897 0
0 548.2903225806451 359.6048387096774 7.94262725951299 7.94262725951299 0
0 130.95161290322582 504.766129032258 6.854838709677428 6.854838709677428 0
0 260.7903225806451 510.8145161290322 4.855481684996929 4.855481684996929 0
0 115.62903225806453 594.2822580645161 6.8903256010624565 6.8903256010624565 0
0 483.7741935483871 606.7822580645161 4.435483870967687 4.435483870967687 0
0 50.70967741935483 621.7016129032257 2.935528181161547 2.935528181161547 0
0 719.258064516129 568.8790322580645 5.241935483870888 5.241935483870888 0
0 799.0967741935484 574.1209677419355 4.8721959570945295 4.8721959570945295 0
0 935.3870967741935 504.3629032258064 4.209801011657517 4.209801011657517 0
0 901.516129032258 307.58870967741933 5.409841881047838 5.409841881047838 0
0 860.7903225806451 166.86290322580643 7.756203250673918 7.756203250673918 0
0 793.4516129032257 205.16935483870967 5.241935483871011 5.241935483871011 0
0 753.5322580645161 141.86290322580643 5.484463914812693 5.484463914812693 0
0 869.6612903225806 65.24999999999999 6.311482194555875 6.311482194555875 0
1 783.0 597.0 12.379097929845786 8.72543750337997 38.1
1 662.0 571.0 11.037270720299233 9.214834582279378 -80.5
1 906.0 518.0 8.266129032258062 6.762302351309847 10.3
1 1009.0 442.0 8.288227738344554 4.654595314764192 71.6
1 533.0 420.0 8.385739654469916 4.440063618053455 -29.8
1 775.0 315.0 8.72543750338003 7.33882045290377 39.0
1 429.0 179.0 6.407358299222051 6.262993777019797 -28.4
1 564.0 123.0 6.656279846459332 3.6346283018790504 55.1
1 172.0 30.0 11.653504852111631 10.2802812774048 61.9
1 337.0 320.0 7.021804341640319 4.991700969008027 -40.6
1 82.0 517.0 10.776393560397393 8.03421727627874 72.6
1 18.0 640.0 11.896869751558008 9.495090192997237 2.0
1 151.0 732.0 14.5175290543506 6.8548387096774235 89.2
