0 61.58536585365853 698.0243902439024 12.511149102855587 12.511149102855587 0
0 488.85135135135135 580.0675675675676 4.8015778390377735 4.8015778390377735 0
0 425.33783783783787 487.5 2.906190968595495 2.906190968595495 0
0 750.8241758241758 744.4395604395604 7.543697921838503 7.543697921838503 0
0 955.9560439560439 738.3956043956044 5.494505494505439 5.494505494505439 0
0 200.57142857142858 517.3333333333334 2.907492861423573 2.907492861423573 0
1 978.0 721.0 11.627870321734473 4.858824919704314 30.6
1 609.0 353.0 5.658443271669103 4.053731778134786 -55.6
1 119.0 75.0 7.531839147977007 6.459410510706699 -70.8
1 68.0 47.0 6.934819430193812 5.94743231833799 72.4
