0 387.97173144876325 301.7667844522968 10.606594360285266 10.606594360285266 0
0 415.53356890459366 265.7243816254417 6.638973225461458 6.638973225461458 0
0 400.97919216646267 118.94492044063645 3.9962858549117404 3.9962858549117404 0
0 261.8384401114206 164.48467966573816 2.9512005710887657 2.9512005710887657 0
0 319.9588477366255 119.7510288065844 2.6550386626674642 2.6550386626674642 0
0 177.95995288574792 180.21201413427562 3.628485701001037 3.628485701001037 0
0 229.9047619047619 265.5238095238095 3.1529419728089567 3.1529419728089567 0
0 414.9348986125934 344.71718249733186 2.930529395463432 2.930529395463432 0
0 462.7470651013874 332.01707577374594 2.050093138986001 2.050093138986001 0
0 28.976034858387802 183.76906318082789 8.406876418986815 8.406876418986815 0
0 91.8 437.5 2.308679276123029 2.308679276123029 0
0 608.2 183.9 3.269556544854345 3.269556544854345 0
0 626.1 165.6 1.910497317454271 1.910497317454271 0
0 768.8766066838047 230.20565552699227 4.387158911536265 4.387158911536265 0
0 866.5 11.7 3.5846896657869625 3.5846896657869625 0
0 796.7 42.1 2.7856776554368254 2.7856776554368254 0
0 667.7 334.7 2.23606797749979 2.23606797749979 0
0 837.9 440.6 7.057619995437523 7.057619995437523 0
0 913.8 449.4 3.3734255586866206 3.3734255586866206 0
0 939.1 448.2 5.720139858430041 5.720139858430041 0
0 870.2857142857143 603.1428571428571 5.613395058396705 5.613395058396705 0
0 733.4566929133858 740.8897637795276 6.408984486653339 6.408984486653339 0
0 587.60706401766 660.9271523178808 9.245206000605748 9.245206000605748 0
1 44.0 448.0 12.301190099699943 10.005048593026387 53.5
1 304.0 289.0 14.570714472432066 6.416416171200648 56.8
1 781.0 396.0 7.605425694857587 4.7835656157306135 47.7
