0 284.79411764705884 165.359477124183 5.584316173410153 5.584316173410153 0
0 360.2 96.5 4.904079934095682 4.904079934095682 0
0 419.9 608.1 4.664761515876258 4.664761515876258 0
0 476.99272197962154 547.3071324599708 4.603024250609082 4.603024250609082 0
0 445.1 489.9 4.622769732530491 4.622769732530491 0
0 423.2 476.2 2.1095023109729203 2.1095023109729203 0
0 647.8 597.7 2.7513632984394647 2.7513632984394647 0
0 859.0 707.3 7.803204469959801 7.803204469959801 0
0 803.5445757250268 406.0150375939849 2.3581630934587308 2.3581630934587308 0
1 972.0 6.0 4.522151013854017 3.835369000419054 26.2
1 767.0 84.0 8.933393128262157 6.29820051413882 -0.0
1 575.0 100.0 7.290376249279125 5.9227922857073 -83.8
1 560.0 151.0 5.674072040961254 3.923961962669478 -70.3
1 410.0 43.0 7.522230800316286 2.678267035845193 48.9
1 233.0 160.0 5.442655601817924 2.452039967047848 2.3
1 210.0 195.0 6.222539674441626 4.21099750652978 -45.8
1 133.0 276.0 8.229989350935083 4.948958279492921 -74.5
1 339.0 220.0 10.056474628235664 8.61903960618787 12.9
1 467.0 383.0 5.33385414123782 3.585038354048682 -8.0
1 470.0 517.0 5.042726721461914 3.956894982228845 -71.6
1 598.0 545.0 7.632008754060067 4.871218571021395 80.8
1 371.0 624.0 5.886005583449174 4.69469098629401 -70.7
1 224.0 637.0 5.8423026282451405 2.768122107133304 -27.6
1 913.0 470.0 12.437716411635506 6.219920350694134 -47.8
