1 150.0 334.0 12.058613363484211 4.138708282785826 58.1
1 120.0 469.0 8.95060228420412 6.888055785198026 33.2
0 97.75 542.5 15.641491297187747 15.641491297187747 0
0 242.75 150.75 11.283976471085005 11.283976471085005 0
1 233.0 246.0 4.089812037245721 3.0065033677014235 -49.6
0 246.875 698.375 3.092329219213245 3.092329219213245 0
1 383.0 192.0 5.5971532943095275 4.456824121501767 23.1
0 365.5 535.125 11.399698460924306 11.399698460924306 0
0 410.25 532.25 5.209666496043677 5.209666496043677 0
0 422.625 47.375 2.2980970388562794 2.2980970388562794 0
1 518.0 456.0 4.111721050849631 2.9080975310329604 -8.7
1 503.0 752.0 3.4787300125189367 4.942244555867304 -76.8
1 578.0 581.0 5.5971532943095275 6.2076691479169535 -59.0
0 617.875 210.25 3.8507304501873407 3.8507304501873407 0
0 662.25 92.25 5.875 5.875 0
0 700.75 127.625 2.62797450520358 2.62797450520358 0
0 706.25 181.625 11.667931479058316 11.667931479058316 0
1 721.0 599.0 12.299167908846517 17.27545675951869 64.3
0 849.0 489.25 3.125 3.125 0
0 850.125 348.25 3.365728004459065 3.365728004459065 0
0 927.375 455.75 6.806476695030991 6.806476695030991 0
1 956.0 419.0 7.181791211111612 4.116468450018778 58.7
0 939.75 515.625 5.821565511097509 5.821565511097509 0
0 879.75 627.75 3.5794552658190883 3.5794552658190883 0
