0 97.75 375.25 5.495736984245152 5.495736984245152 0
0 111.875 722.375 5.25594901040716 5.25594901040716 0
0 238.5 638.125 5.25594901040716 5.25594901040716 0
1 252.0 80.0 3.387707558216913 5.647178499038259 59.7
0 206.25 211.5 3.1868871959954905 3.1868871959954905 0
0 327.625 135.75 9.003471552684553 9.003471552684553 0
0 313.25 212.125 3.0 3.0 0
1 308.0 69.0 8.284256529707418 7.076037909734515 43.6
0 331.375 13.625 5.032705534799349 5.032705534799349 0
0 424.25 714.5 3.8588372601082828 3.8588372601082828 0
0 508.5 92.375 3.5200319600821808 3.5200319600821808 0
1 489.0 175.0 12.172266120160206 13.643049970589422 40.6
0 517.5 209.0 3.9941363271676145 3.9941363271676145 0
0 513.875 231.5 2.5 2.5 0
1 604.0 63.0 10.485294762189568 6.136468854316789 -3.5
0 621.0 183.0 5.755432216610669 5.755432216610669 0
1 649.0 372.0 5.641988235542502 5.2384545669500655 36.6
0 632.375 651.25 5.613877893221405 5.613877893221405 0
0 729.625 84.125 3.7165171868296265 3.7165171868296265 0
0 832.25 536.25 7.634215742301235 7.634215742301235 0
1 835.0 669.0 11.014372712506146 7.564824023068878 -1.4
1 887.0 368.0 3.357012250498946 2.699102860211148 36.3
1 881.0 177.0 7.213269023126754 5.211540679108242 -5.5
1 852.0 43.0 6.313737502462389 5.175060386121113 33.8
0 821.25 451.5 2.1830311495716224 2.1830311495716224 0
1 932.0 120.0 3.2015621187164243 2.3133444404152184 -44.8
1 958.0 258.0 5.005075548880356 3.0644126680328156 11.8
0 987.375 371.5 7.3569694847810805 7.3569694847810805 0
0 977.75 543.5 4.396376348767244 4.396376348767244 0
0 1002.25 719.875 4.889401803901986 4.889401803901986 0
