0 102.8 275.9 9.849365461795013 9.849365461795013 0
0 802.5 178.2 8.323460818673908 8.323460818673908 0
0 933.6 92.9 7.224956747275341 7.224956747275341 0
0 663.5 43.0 4.802082881417207 4.802082881417207 0
0 702.7 18.3 4.205948168962604 4.205948168962604 0
0 524.6 39.7 4.622769732530469 4.622769732530469 0
0 497.3 367.8 4.879549159502325 4.879549159502325 0
0 177.8 95.2 3.6769552621700305 3.6769552621700305 0
0 864.7 515.0 4.841487374764046 4.841487374764046 0
0 904.9 629.6 3.3301651610692975 3.3301651610692975 0
0 340.2 436.8 8.156592425762119 8.156592425762119 0
0 441.2 481.9 3.758989225842516 3.758989225842516 0
0 197.0 468.2 3.482814953453584 3.482814953453584 0
0 129.8 585.1 6.859300255856959 6.859300255856959 0
0 349.4 640.8 12.267436570041895 12.267436570041895 0
1 940.0 645.0 6.796506455525529 5.580770556114959 -22.6
1 500.0 573.0 11.950941385514382 7.850159234053813 0.4
1 322.0 313.0 15.743728910267748 10.065411069598717 -66.9
1 465.0 422.0 4.0527768258319 2.8071337695236505 -4.1
1 440.0 378.0 8.560373823613075 4.930770730829005 54.3
1 991.0 136.0 10.25914226434164 6.224347355345783 5.1
