0 188.125 66.0 3.952847075210474 3.952847075210474 0
0 78.125 25.375 4.031128874149275 4.031128874149275 0
0 55.625 215.25 4.550068680800324 4.550068680800324 0
0 35.125 238.5 3.701773223740212 3.701773223740212 0
0 87.625 745.375 10.287279766779942 10.287279766779942 0
0 194.875 503.625 5.939802185258361 5.939802185258361 0
1 324.0 105.0 5.626735843275389 3.9705950435671475 -36.7
1 340.0 135.0 11.538827117606019 8.088620478796122 -45.7
0 232.125 581.0 2.75 2.75 0
0 401.0 157.125 2.6516504294495533 2.6516504294495533 0
0 491.5 512.375 5.306246319197781 5.306246319197781 0
1 443.0 605.0 4.835577783471175 3.662521330995903 26.3
0 679.0 84.125 3.1349840509961133 3.1349840509961133 0
0 593.75 137.0 3.555365663331973 3.555365663331973 0
1 651.0 470.0 13.163040112375256 10.39775366365255 85.6
0 661.0 694.375 4.071624368725582 4.071624368725582 0
1 737.0 250.0 8.972396906624228 4.0625 -26.2
1 736.0 297.0 6.6831177230391505 5.7135392927676625 67.2
0 790.625 717.75 3.023346655611956 3.023346655611956 0
0 838.625 583.75 5.25594901040716 5.25594901040716 0
1 705.0 643.0 6.878692190380378 3.0650499588098072 -26.9
0 894.375 549.875 12.539936203984453 12.539936203984453 0
0 904.75 477.125 4.295710069359895 4.295710069359895 0
1 938.0 501.0 6.0817991786970405 3.321920566479578 -20.0
0 894.375 550.625 12.016265018715258 12.016265018715258 0
