0 454.5 160.8 11.527792503337302 11.527792503337302 0
0 846.4 478.9 7.0936591403872775 7.0936591403872775 0
0 598.7 159.8 9.349331526906063 9.349331526906063 0
0 417.5 378.5 3.224903099319441 3.224903099319441 0
0 115.7 393.1 2.5495097567963922 2.5495097567963922 0
1 333.0 244.0 7.4237793609454785 6.0373835392494195 -26.6
1 589.0 355.0 14.415009538671837 10.07335594526472 -38.4
1 551.0 319.0 5.323532661682456 2.8570089254323414 -29.1
1 816.0 201.0 10.983282751527447 8.955445270895208 -57.8
1 764.0 97.0 7.798717843338123 5.983519031473036 -41.5
1 258.0 469.0 10.094181492325157 5.581442465886398 -80.3
1 624.0 543.0 10.375210841231116 9.53231346526119 -7.5
1 731.0 539.0 8.818304825758714 5.66083032778764 -67.4
1 753.0 417.0 10.69298835686263 5.277546778570518 -25.1
1 316.0 326.0 7.881148393476694 2.274313083108813 31.9
1 335.0 696.0 9.474835090913198 7.591113225344488 19.0
1 55.0 535.0 11.06763298993964 8.992357866544229 -72.3
1 244.0 754.0 8.559351610957467 6.354919354327015 87.3
0 846.4 740.8 4.204759208325818 4.204759208325818 0
0 965.0 37.0 2.418677324489586 2.418677324489586 0
1 986.0 33.0 12.633784072873802 11.039248162805292 18.1
