1 825.0 360.0 9.680005165287868 7.701460900374657 38.0
0 789.7 449.6 5.755866572463197 5.755866572463197 0
1 223.0 100.0 13.806610735441195 6.786199230791857 -70.9
0 356.1 72.0 8.091971329657557 8.091971329657557 0
0 445.2 47.0 3.8470768123342607 3.8470768123342607 0
1 500.0 19.0 10.470076408508202 8.3621169568477 -54.5
1 411.0 276.0 7.833421985313954 2.500000000000002 -66.6
0 743.1 100.0 3.280243893371363 3.280243893371363 0
0 728.2 171.5 2.6172504656604714 2.6172504656604714 0
0 610.7 337.1 1.6031219541880468 1.6031219541880468 0
0 777.3584905660376 513.6268343815514 6.047046164300134 6.047046164300134 0
0 683.8574423480084 566.4570230607966 4.192872117400429 4.192872117400429 0
0 651.153039832285 552.6205450733752 9.492017964504615 9.492017964504615 0
0 206.9 621.2 4.177319714841006 4.177319714841006 0
0 398.4 664.5 2.86356421265531 2.86356421265531 0
1 574.0 442.0 3.400367627183895 2.0524375751773634 2.8
1 926.0 303.0 7.019437299385189 4.261748467471984 22.1
0 916.6437659033079 580.1526717557251 9.23159284156325 9.23159284156325 0
0 592.3 728.8 6.688796603276296 6.688796603276296 0
