0 205.9800664451827 142.13953488372096 4.46964254055606 4.46964254055606 0
0 183.0564784053156 274.3654485049834 4.6983839281498545 4.6983839281498545 0
0 230.23255813953486 287.9867109634552 2.5947673341882713 2.5947673341882713 0
0 4.651162790697674 395.9601328903655 4.905256830642312 4.905256830642312 0
0 115.61461794019932 577.3554817275747 3.5781825961026965 3.5781825961026965 0
0 774.0863787375415 451.10963455149505 4.983388704318941 4.983388704318941 0
0 606.3122923588039 397.6212624584718 5.529341188403089 5.529341188403089 0
0 900.9966777408637 199.9468438538206 4.905256830642355 4.905256830642355 0
0 789.3687707641195 592.6378737541528 4.72181740981788 4.72181740981788 0
1 425.0 114.0 12.382938247201249 9.851212626699482 -83.1
1 516.0 258.0 5.390359049697037 4.102687387119106 -33.0
1 112.0 410.0 19.12248030718693 10.757657713416709 9.3
1 392.0 649.0 11.82322900284002 9.972312969969172 86.0
1 620.0 601.0 9.29342241242485 8.484779261875154 66.3
1 947.0 636.0 9.10596018183766 7.608626239600544 52.6
