1 49.0 24.0 6.174544517614234 2.6048332480218384 -58.4
0 21.375 169.375 9.261816776421352 9.261816776421352 0
1 134.0 288.0 12.605957173098757 10.901010560952594 -56.8
0 83.125 744.5 5.065199897338703 5.065199897338703 0
1 194.0 524.0 5.831286843399148 2.7740426276465184 18.5
0 242.75 178.625 4.417649261768073 4.417649261768073 0
0 288.75 226.0 2.7613402542968153 2.7613402542968153 0
1 345.0 682.0 5.501420271166347 4.37901601390084 -88.7
0 410.375 491.75 6.9473466157951265 6.9473466157951265 0
0 438.125 23.0 5.297405025104273 5.297405025104273 0
0 431.625 369.0 4.155192534648665 4.155192534648665 0
0 589.875 330.875 3.2137400330456103 3.2137400330456103 0
1 555.0 325.0 14.882482361823918 5.5933135304575945 71.6
0 597.625 590.75 3.701773223740212 3.701773223740212 0
0 612.875 204.0 4.957633003762985 4.957633003762985 0
0 587.5 227.0 3.0413812651491097 3.0413812651491097 0
1 569.0 70.0 10.784827305061496 5.62117925794935 46.4
1 582.0 98.0 3.274546724357434 2.3954709870921 -7.5
1 644.0 14.0 16.763287639958936 12.784573223224935 34.6
1 765.0 214.0 5.009756106837937 4.455070846799184 -34.0
0 787.625 465.0 3.640054944640259 3.640054944640259 0
0 661.5 495.0 2.75 2.75 0
0 923.25 286.375 5.460082416960389 5.460082416960389 0
0 907.375 315.375 4.5 4.5 0
1 898.0 503.0 5.9111256330753115 4.500434006848673 -70.0
1 922.0 526.0 11.45115305329555 9.48889153168061 -30.5
1 951.0 487.0 14.080682689415312 7.425673370139573 35.4
0 979.5 528.375 3.783186487605389 3.783186487605389 0
0 986.875 512.375 3.365728004459065 3.365728004459065 0
1 981.0 494.0 6.4978962941862966 4.06682462124936 -44.5
0 946.625 426.875 5.762215285808055 5.762215285808055 0
1 964.0 146.0 6.048308131204957 2.47250505560656 20.8
1 900.0 603.0 6.8308239803115995 5.356435965266457 57.1
