0 384.7134146341464 18.597560975609756 2.810836724784406 2.810836724784406 0
0 260.9329268292683 89.32926829268293 3.9043440472151496 3.9043440472151496 0
0 305.14024390243907 86.58536585365853 5.605114728917755 5.605114728917755 0
0 38.98170731707321 284.4512195121951 4.82054521367129 4.82054521367129 0
0 242.33536585365854 416.4634146341463 3.97512341780652 3.97512341780652 0
0 306.6646341463415 421.3414634146341 6.173309979059948 6.173309979059948 0
0 644.469512195122 669.2073170731707 10.813504787175756 10.813504787175756 0
0 777.701219512195 647.560975609756 8.388302739144837 8.388302739144837 0
0 790.810975609756 754.2682926829268 3.6838554797543477 3.6838554797543477 0
0 572.2134146341464 452.43902439024384 2.876213759773342 2.876213759773342 0
0 624.3475609756098 422.2560975609756 9.095386518400154 9.095386518400154 0
0 712.1524390243902 372.2560975609756 4.501470445193085 4.501470445193085 0
0 562.7621951219512 225.30487804878047 4.365189348559886 4.365189348559886 0
0 657.8841463414634 167.98780487804876 4.146789789248624 4.146789789248624 0
0 806.359756097561 135.0609756097561 9.470868638420152 9.470868638420152 0
0 922.5182926829268 275.60975609756093 3.721510858455403 3.721510858455403 0
1 60.0 75.0 11.0945871786151 3.2048469575653424 -13.6
1 466.0 175.0 12.230322672886734 11.603403801210392 9.8
1 525.0 611.0 5.508936280363649 2.3664900451616155 -75.6
1 566.0 515.0 7.786337066537899 2.41027260683567 24.1
1 813.0 251.0 9.987955640781191 7.76840994282985 -74.1
