0 300.19599109131406 137.4164810690423 9.769136837176518 9.769136837176518 0
0 269.6837416481069 256.12472160356344 5.50070781079224 5.50070781079224 0
0 856.6 290.8 9.265527507918778 9.265527507918778 0
0 827.2949245541838 424.1234567901235 4.970554439504347 4.970554439504347 0
0 700.0 442.6 4.614108798023708 4.614108798023708 0
0 942.2 537.4 6.8352029962539955 6.8352029962539955 0
0 731.5 564.4 9.65194280961091 9.65194280961091 0
0 400.4 567.4 3.546829570193682 3.546829570193682 0
0 92.4 268.6 6.896375859826663 6.896375859826663 0
0 735.0 219.0 5.108815909777911 5.108815909777911 0
0 930.9 571.9 3.99624824053761 3.99624824053761 0
0 367.0 318.2 3.6055512754640175 3.6055512754640175 0
1 284.0 382.0 13.362728014892753 9.840858702369443 -35.8
1 363.0 133.0 10.218243488975967 8.429116205154594 -46.7
1 457.0 38.0 7.742254193708697 6.420669746996814 -67.6
1 663.0 232.0 4.051234379790941 3.0516389039334255 54.6
1 863.0 192.0 5.632051136131511 4.364057744805851 4.6
1 936.0 141.0 6.717328337962938 4.404543109109026 -79.3
1 941.0 148.0 5.402082931610766 5.564395744373323 85.9
1 498.0 537.0 16.347859187061786 9.24188833518346 -85.6
1 474.0 699.0 9.03396369264348 5.632051136131486 -80.1
1 1001.0 516.0 6.047941394302548 4.476671561982311 84.7
1 980.0 587.0 8.52984291172318 3.743913307324235 -17.5
