0 155.006993006993 304.62937062937067 10.224574451963285 10.224574451963285 0
0 179.6 622.9 6.8029405406780254 6.8029405406780254 0
0 497.4 245.1 9.073588044428751 9.073588044428751 0
0 749.7 135.6 4.666904755831189 4.666904755831189 0
0 788.4 320.5 7.262231062146113 7.262231062146113 0
0 830.4 560.7 3.8910152916687637 3.8910152916687637 0
0 24.9 455.3 3.9408120990475974 3.9408120990475974 0
0 828.2 522.8 4.404543109109089 4.404543109109089 0
1 146.0 168.0 7.059922095887469 5.4886246000250365 -61.0
1 245.0 111.0 10.631204071035416 7.233429338840603 68.2
1 575.0 323.0 8.255452743490208 5.058903043150711 87.9
1 403.0 20.0 4.970160963188215 4.057708713054696 66.3
1 397.0 3.0 3.5302266216207796 2.983286778035263 39.0
1 875.0 359.0 13.803260484392792 7.699999999999989 88.8
1 841.0 417.0 4.1382363393117005 3.2097507691407636 -78.1
1 788.0 577.0 4.8324424466309015 3.4731109973624497 63.4
1 930.0 556.0 7.2945184899347835 2.392697222801039 28.4
1 435.0 496.0 12.098966898045465 10.364000192975688 43.1
