0 125.3 657.1 11.020889256316835 11.020889256316835 0
0 430.6 38.0 7.707788269017253 7.707788269017253 0
0 503.3 4.5 3.546829570193644 3.546829570193644 0
0 882.6 179.3 11.365298060323806 11.365298060323806 0
0 303.9 732.5 3.77359245282268 3.77359245282268 0
1 51.0 544.0 10.89690322981713 9.82305960482782 -81.7
1 259.0 445.0 5.327522876534649 3.7161808352124015 62.5
1 297.0 473.0 11.531912243856173 6.900181157042166 54.0
1 505.0 80.0 7.40016891699101 4.565084884205339 -30.4
1 582.0 62.0 6.166441437328337 4.83140766236923 85.8
1 676.0 217.0 12.824975633505112 9.971208552627898 86.4
1 874.0 128.0 12.932613811600488 11.66929732246118 -15.4
1 488.0 518.0 3.4928498393145766 2.786574958618553 76.8
1 397.0 634.0 16.213960034488817 7.522134005719352 14.1
1 755.0 410.0 6.128825336065631 3.845126785946081 -12.8
1 997.0 271.0 9.193475947648984 8.202743443507195 -44.8
0 54.7 740.0 3.008321791298242 3.008321791298242 0
