0 507.3 394.3 4.313930922024573 4.313930922024573 0
0 363.2 590.5 2.9068883707497033 2.9068883707497033 0
0 407.1 680.4 4.887739763939965 4.887739763939965 0
0 253.2 718.6 7.547184905645312 7.547184905645312 0
0 761.1 109.9 3.38378486313766 3.38378486313766 0
0 847.6635514018691 16.00467289719626 6.057893533861797 6.057893533861797 0
0 200.3 169.2 5.3600373133029615 5.3600373133029615 0
0 193.6 346.4 6.529931086925814 6.529931086925814 0
0 104.4 407.2 4.1109609582188815 4.1109609582188815 0
0 803.9 570.6 2.9068883707497264 2.9068883707497264 0
0 839.2 621.6 2.5942243542144974 2.5942243542144974 0
0 969.0 606.7 3.6124783736376225 3.6124783736376225 0
0 988.0 554.1 2.0518284528683037 2.0518284528683037 0
1 460.0 471.0 10.52675163571365 8.60130804005995 1.0
1 510.0 538.0 7.7493548118537054 6.7203050525999 -15.9
1 753.0 333.0 8.16853720074777 6.499999999999977 58.0
1 775.0 274.0 6.420669746996796 4.843810483493353 -81.5
1 705.0 227.0 6.896375859826661 4.756311596184624 -73.2
1 611.0 262.0 7.091191719309248 6.158733636065119 -34.4
1 360.0 356.0 3.481738071710732 2.4052026941611424 37.7
1 785.0 623.0 21.389541837075463 6.502499519415609 77.7
1 929.0 604.0 7.446139939592823 4.774149138851865 -41.6
1 975.0 74.0 10.70011682179217 7.650000000000006 -0.0
1 692.0 57.0 9.416076677682705 7.447986305035766 -70.4
1 680.0 119.0 5.091659847240379 2.9124731758421243 54.8
1 419.0 68.0 6.519202405202655 3.5355339059327378 -47.1
1 480.0 13.0 9.782254341408237 6.213895718468397 -35.4
0 1018.7 355.4 8.005623023850157 8.005623023850157 0
