0 20.79120879120879 358.1758241758242 4.690933507276824 4.690933507276824 0
0 21.890109890109887 509.09157509157507 4.761904761904748 4.761904761904748 0
0 198.08058608058607 442.05860805860806 6.096453105162368 6.096453105162368 0
0 401.37728937728934 467.6996336996337 4.176466758604923 4.176466758604923 0
0 505.4065934065934 453.04761904761904 2.641429505834439 2.641429505834439 0
0 450.0952380952381 540.2271062271062 2.666706919150342 2.666706919150342 0
0 580.1318681318681 514.2197802197802 4.456236285932694 4.456236285932694 0
0 209.8021978021978 607.992673992674 3.9621442587516342 3.9621442587516342 0
0 350.46153846153845 719.7142857142857 5.101973727906218 5.101973727906218 0
0 166.94505494505495 687.4798534798534 3.3771225118288766 3.3771225118288766 0
0 937.2747252747253 727.7728937728937 4.176466758604959 4.176466758604959 0
0 857.7875457875458 387.4798534798535 5.244623100101246 5.244623100101246 0
0 940.9377289377289 431.0695970695971 4.045919786515453 4.045919786515453 0
0 655.956043956044 21.545787545787523 5.244623100101212 5.244623100101212 0
0 838.3736263736264 49.384615384615365 9.453104689057813 9.453104689057813 0
1 344.0 126.0 10.84304770374775 4.020970402948753 -53.4
1 568.0 81.0 10.246593941904285 7.224572499383164 -26.3
1 554.0 110.0 5.436198563976487 3.9621442587516382 57.2
1 421.0 630.0 11.178164483272617 8.610006793804532 88.1
1 732.0 624.0 8.243792992620444 4.216433858322813 2.5
1 940.0 464.0 12.616109962853107 4.669431789004373 -76.6
1 783.0 420.0 7.518086355961075 4.228350322569677 5.0
1 990.0 269.0 11.835527048647284 11.06506041537964 65.0
1 698.0 228.0 11.590672038312617 8.683713986175642 59.9
1 611.0 183.0 14.78193316775168 4.662242513317849 -34.7
1 812.0 69.0 10.657389396319541 8.610006793804516 20.9
