0 112.875 223.25 4.339138739427446 4.339138739427446 0
0 41.25 265.25 2.4558603380485624 2.4558603380485624 0
0 140.625 596.125 7.583905656058756 7.583905656058756 0
0 32.5 714.5 11.470069746954461 11.470069746954461 0
0 223.0 8.875 4.5069390943299865 4.5069390943299865 0
1 348.0 157.0 12.568872761707789 8.212509512932085 -56.0
1 336.0 180.0 7.6367736970529645 5.522680508593631 5.2
0 357.5 349.75 5.959498720530108 5.959498720530108 0
1 413.0 612.0 21.019429256047843 15.378175485082748 22.1
0 553.5 552.125 3.9250796170268956 3.9250796170268956 0
0 570.0 209.625 12.675024654808368 12.675024654808368 0
0 530.0 253.125 3.972562145517676 3.972562145517676 0
1 434.0 230.0 6.396410126000364 4.66578302645976 -54.4
0 532.625 10.75 3.972562145517676 3.972562145517676 0
1 551.0 91.0 7.9495479431223 5.625 86.8
0 605.0 633.5 6.189709201569974 6.189709201569974 0
0 636.5 153.125 6.888622866727427 6.888622866727427 0
0 731.375 16.125 5.125 5.125 0
0 772.5 186.5 3.625 3.625 0
1 874.0 144.0 6.5921947217903085 3.6443449342783127 31.0
1 898.0 185.0 5.950643347571757 4.281592139613488 35.2
1 1009.0 525.0 11.582921155736146 9.722718241315029 8.1
0 949.0 410.5 5.836308764964376 5.836308764964376 0
0 984.875 438.0 9.375 9.375 0
1 980.0 452.0 9.80772176654701 6.784921241252547 -59.3
0 930.5 38.875 9.87579110755184 9.87579110755184 0
