0 711.0 425.3 9.75909831900469 9.75909831900469 0
0 674.5 404.5 3.8948684188300877 3.8948684188300877 0
0 600.2 386.4 3.6055512754639834 3.6055512754639834 0
0 592.6 517.1 2.5999999999999788 2.5999999999999788 0
0 556.4 520.7 5.4781383699209565 5.4781383699209565 0
0 448.5 565.2 3.2649655434628433 3.2649655434628433 0
0 302.3 537.4 5.80517010947999 5.80517010947999 0
0 202.9 302.5 4.140048308896876 4.140048308896876 0
0 244.3 273.7 5.142956348249529 5.142956348249529 0
0 153.4 219.6 3.676955262170039 3.676955262170039 0
0 46.4 183.4 11.560276813294731 11.560276813294731 0
0 277.7 38.7 4.933558553417593 4.933558553417593 0
0 103.8 20.3 3.6235341863986883 3.6235341863986883 0
0 113.0 279.5 2.0248456731316735 2.0248456731316735 0
0 294.1 677.3 3.0232432915662204 3.0232432915662204 0
0 857.2 436.9 5.966573556070456 5.966573556070456 0
0 997.8 471.4 5.0 5.0 0
0 686.1 174.9 11.542096863222048 11.542096863222048 0
1 364.0 228.0 4.491380634058971 2.5164459064323226 44.9
1 173.0 94.0 5.254759747124506 3.927467377331087 65.2
1 108.0 160.0 8.758139071743491 5.750217387195024 -65.2
1 185.0 587.0 7.091720524668196 4.304648650006203 -58.6
1 405.0 425.0 11.905145946186469 7.686676785191351 -0.4
1 731.0 559.0 6.201814250685059 4.396020928066628 54.8
1 668.0 753.0 9.576272761361784 5.820008591058948 -8.9
1 831.0 177.0 11.985407794480771 10.946803186318808 65.4
1 549.0 32.0 8.100771568190302 5.784678037713074 14.5
1 982.0 41.0 7.2499999999999885 5.488624600025034 6.8
