1 15.0 189.0 6.722745904762428 3.3692079929858885 42.3
0 128.125 336.875 3.599045012221992 3.599045012221992 0
1 153.0 570.0 10.900831390311474 5.3945864067600215 86.1
1 76.0 588.0 8.282370207253477 4.292526208423194 71.3
1 79.0 603.0 6.987712429686843 5.823242760696139 -78.8
0 171.375 665.5 3.5200319600821808 3.5200319600821808 0
0 165.5 733.125 6.170747523598742 6.170747523598742 0
0 61.0 737.125 2.9288436284649952 2.9288436284649952 0
0 339.0 248.375 10.872126057032267 10.872126057032267 0
1 257.0 373.0 5.851348669324022 6.885219676960205 -75.1
0 211.125 450.75 3.760402239122831 3.760402239122831 0
0 250.75 472.25 3.893102875599359 3.893102875599359 0
0 326.0 575.5 3.6784847423905402 3.6784847423905402 0
0 448.625 590.375 4.0945848385398 4.0945848385398 0
0 470.375 603.625 4.031128874149275 4.031128874149275 0
0 480.625 750.0 8.946018667541445 8.946018667541445 0
0 473.0 365.5 3.4323825544364954 3.4323825544364954 0
1 458.0 409.0 6.5625 8.652356976570026 -85.4
1 413.0 176.0 6.238113697264582 7.59445727158959 -38.7
1 469.0 193.0 4.3346352210999255 2.254336099608929 45.7
1 376.0 130.0 5.03309360632206 3.173375568696526 -61.5
0 359.25 89.875 2.1578345627040085 2.1578345627040085 0
1 539.0 200.0 10.555100958778178 12.063633366444787 78.9
0 538.75 97.625 6.379900077587423 6.379900077587423 0
1 504.0 82.0 5.241436468183126 3.2793149055862263 -81.8
0 605.625 437.875 4.651948516482099 4.651948516482099 0
0 527.75 746.375 3.701773223740212 3.701773223740212 0
0 619.375 602.25 3.9151149408414563 3.9151149408414563 0
0 612.125 610.125 3.252402957814422 3.252402957814422 0
0 657.25 411.125 3.627154532136727 3.627154532136727 0
0 674.25 504.875 12.002603884157804 12.002603884157804 0
0 759.25 395.5 5.247022965453839 5.247022965453839 0
1 641.0 132.0 8.452995031348356 2.756384633899993 -37.9
1 775.0 735.0 4.969437845471055 3.2125243189740993 37.9
1 696.0 597.0 6.041522986797286 2.3560096031213456 -24.1
0 672.75 256.5 2.766992952647332 2.766992952647332 0
1 813.0 678.0 12.707803950722564 9.495270204159542 -29.3
1 908.0 96.0 8.341350310351435 3.0777680630612827 -29.0
1 987.0 103.0 11.9773549354605 10.629594594809342 -27.1
0 944.875 342.375 6.126275377421423 6.126275377421423 0
