0 368.3324538258575 53.788918205804784 14.301667791944737 14.301667791944737 0
0 505.27176781002635 182.02110817941957 13.352592009372 13.352592009372 0
0 643.0493273542601 45.964125560538115 7.952532668595626 7.952532668595626 0
0 456.5928753180662 575.0636132315522 6.389251668951527 6.389251668951527 0
0 644.4803149606299 756.6929133858267 9.556878814124662 9.556878814124662 0
0 763.3422818791946 542.5570469798657 10.611670000565068 10.611670000565068 0
1 180.0 239.0 11.725927712899562 9.44879632810126 32.9
1 353.0 103.0 10.971321212691135 7.557317846516972 27.9
1 425.0 214.0 6.378986866791749 5.444134382193974 90.0
1 371.0 272.0 7.326688251319567 3.2114902004922294 -6.7
1 272.0 541.0 7.49466476902071 6.079679267856137 -58.7
1 742.0 709.0 13.36495322192808 10.414981013821976 47.4
1 16.0 470.0 12.026013470805694 6.254998001598393 -48.5
0 918.3679245283018 125.0 4.856429311786324 4.856429311786324 0
0 864.8379052369078 562.5536159600997 4.3623081507570785 4.3623081507570785 0
