0 331.8 556.0 5.1478150704934995 5.1478150704934995 0
0 432.2 595.6 4.382921400162255 4.382921400162255 0
0 18.0 480.5 8.736704184073083 8.736704184073083 0
0 102.8 510.3 4.827007354458865 4.827007354458865 0
0 290.1 204.6 3.2802438933713183 3.2802438933713183 0
1 110.0 195.0 15.060627476967886 7.960056532462565 33.4
1 153.0 135.0 7.932370389738487 4.09420321918685 -29.9
1 403.0 250.0 9.427884174087001 8.063808033429376 70.6
1 390.0 667.0 7.716540675717291 5.503180898353236 72.3
0 471.5 596.1 2.5999999999999788 2.5999999999999788 0
0 562.6 732.3 2.758622844826807 2.758622844826807 0
0 670.2 529.3 11.030865786510157 11.030865786510157 0
0 690.8704883227176 434.47770700636937 4.36407745033856 4.36407745033856 0
1 660.0 423.0 4.485373553784076 3.720424396788749 -41.2
0 706.8 427.0 2.7294688127913216 2.7294688127913216 0
0 876.8 616.1 5.2697248505022225 5.2697248505022225 0
0 937.6 670.6 5.069516742254558 5.069516742254558 0
0 955.5 715.4 3.3286633954186464 3.3286633954186464 0
1 776.0 597.0 3.4713109915419387 2.0700241544484723 49.9
0 908.2 376.8 4.841487374764046 4.841487374764046 0
0 568.6 58.3 4.429446918070001 4.429446918070001 0
0 776.6 190.0 3.9408120990475575 3.9408120990475575 0
0 878.6 187.6 6.041522986797286 6.041522986797286 0
0 736.3949483352468 366.36050516647526 2.9872817063737203 2.9872817063737203 0
1 354.0 125.0 12.692123541787641 11.16825859299469 -73.7
1 472.0 103.0 9.882654151517427 4.536830587143037 8.2
1 403.0 34.0 8.932244958575641 6.823672031978078 42.3
1 254.0 46.0 5.1061237744496575 2.795084971874723 -87.2
1 753.0 435.0 4.688178810780084 3.187837126672408 63.2
0 703.0 738.0 2.2203603311173885 2.2203603311173885 0
1 984.0 653.0 5.564395744373337 2.17082933460922 7.9
