0 282.6 433.4 11.183022847155433 11.183022847155433 0
0 329.6 727.4 7.655063683601861 7.655063683601861 0
1 59.0 154.0 9.979228427087936 8.225113980973141 -50.6
0 8.4 397.8 2.731300056749519 2.731300056749519 0
0 82.7 377.8 3.041381265149102 3.041381265149102 0
0 40.4 659.0 5.50272659687903 5.50272659687903 0
0 108.9 74.0 2.2847319317591697 2.2847319317591697 0
1 145.0 269.0 16.939450994645618 7.569015788066501 -63.4
1 55.0 550.0 3.517456467392314 2.504495957273639 -3.4
0 196.6632962588473 565.9009100101113 4.267127976948239 4.267127976948239 0
0 202.73003033367036 614.1314459049545 10.59750765701531 10.59750765701531 0
1 266.0 470.0 4.750789408087892 3.905124837953327 49.6
1 275.0 292.0 6.046693311223912 3.1292970456637788 8.3
1 179.0 84.0 3.2882366094914754 2.1029740844813167 50.2
1 285.0 13.0 6.504805915628853 3.7802116342871668 38.7
1 338.0 680.0 5.149999999999977 3.7003378224156664 90.0
1 351.0 445.0 2.977414986191892 2.202271554554541 40.0
1 453.0 447.0 7.972766144820765 4.301162633521313 52.3
1 430.0 59.0 6.080296045424108 5.339007398384094 35.1
0 536.6 332.4 3.31209903233583 3.31209903233583 0
0 566.8 193.4 9.571311299921241 9.571311299921241 0
1 611.0 278.0 3.8564880396547334 2.435159132377153 15.1
1 626.0 108.0 5.269724850502139 2.9516944286290645 -34.7
0 683.7 187.5 3.6619666847201073 3.6619666847201073 0
0 738.0 256.4 4.846648326421058 4.846648326421058 0
0 707.8 443.1 5.60802995712401 5.60802995712401 0
1 715.0 436.0 4.958671211494364 2.3551874424594588 24.5
1 727.0 457.0 7.707950440940824 5.681769090697018 6.1
1 774.0 413.0 14.71750658229853 9.941453616046307 -35.9
0 703.1 653.7 5.299999999999976 5.299999999999976 0
0 843.7 204.3 3.605551275463989 3.605551275463989 0
0 836.0 261.0 3.780211634287132 3.780211634287132 0
1 805.0 268.0 4.7055817918723015 2.490983741416245 -10.4
0 871.2 399.3 4.04598566482869 4.04598566482869 0
0 875.9 515.7 2.5059928172283406 2.5059928172283406 0
0 875.8646288209607 695.1899563318777 7.815404510522025 7.815404510522025 0
1 850.0 754.0 4.895956549452208 1.7000449238425435 -32.2
0 964.4 478.3 4.614108798023737 4.614108798023737 0
1 982.0 512.0 10.220689800595688 4.364057744805879 -4.6
