0 297.7 49.7 6.5299310869258 6.5299310869258 0
0 193.9 170.2 4.518849411078024 4.518849411078024 0
0 91.9 334.8 5.277309920783491 5.277309920783491 0
0 230.9 376.2 4.661544808322669 4.661544808322669 0
0 264.7 396.4 6.809552114493334 6.809552114493334 0
0 279.0 417.5 5.108815909777911 5.108815909777911 0
0 326.7 568.3 7.021395872616787 7.021395872616787 0
0 473.5 618.9 9.794386147176402 9.794386147176402 0
0 419.9 685.2 9.571833680126225 9.571833680126225 0
0 375.6 719.4 3.361547262794297 3.361547262794297 0
0 465.7 518.0 3.3286633954186153 3.3286633954186153 0
0 884.9 429.8 5.964059020499346 5.964059020499346 0
0 985.6 538.9 14.681961721786381 14.681961721786381 0
0 213.8 675.3 12.288612614937476 12.288612614937476 0
0 968.9 259.1 4.161730409336931 4.161730409336931 0
1 428.0 58.0 5.104164965986111 3.7646380968162125 -60.6
1 372.0 111.0 6.161168720299746 5.080354318352216 76.9
1 344.0 411.0 11.202008748434364 6.573621528503135 16.0
1 315.0 523.0 7.349319696407294 5.4783665448744845 61.1
1 509.0 714.0 13.453624047073703 6.207455195166507 78.9
1 985.0 614.0 15.19243232665528 10.189455333824302 -67.1
1 955.0 692.0 5.622499444197345 4.420689991392746 45.1
1 998.0 347.0 8.124807690031822 5.280151512977614 27.8
0 329.82810920121335 120.40040444893833 2.5778662859417376 2.5778662859417376 0
0 332.15369059656217 130.91607684529828 1.9077818265028497 1.9077818265028497 0
0 400.6 12.7 2.8017851452243434 2.8017851452243434 0
