0 535.8150289017341 349.2485549132948 11.426387480287794 11.426387480287794 0
0 663.4 293.6 5.2810983706043535 5.2810983706043535 0
0 245.4 431.9 5.594640292279773 5.594640292279773 0
0 136.7 263.3 5.7271284253105605 5.7271284253105605 0
0 112.6 251.5 4.060788100849389 4.060788100849389 0
0 320.4 578.1 4.614108798023708 4.614108798023708 0
0 317.7 595.1 4.517742799230618 4.517742799230618 0
0 740.1 494.4 4.301162633521338 4.301162633521338 0
0 494.2 457.2 4.468780594300914 4.468780594300914 0
0 796.6 81.0 9.902019995940186 9.902019995940186 0
0 875.2 355.6 5.714017850864605 5.714017850864605 0
0 816.2 390.1 9.50157881617568 9.50157881617568 0
1 771.0 392.0 5.076662289339319 4.143066497173309 72.8
1 899.0 374.0 2.7730849247724048 2.13600093632938 63.9
0 909.3506200676437 500.7891770011273 4.634679772512793 4.634679772512793 0
0 163.8 577.0 4.675467891024399 4.675467891024399 0
1 133.0 570.0 12.01686315142183 9.06228448019593 24.4
1 36.0 455.0 5.916924876994807 4.074616546375852 30.1
1 521.0 45.0 8.832326986700618 7.200694410957906 -60.7
1 436.0 69.0 8.0190873570638 3.514192979772663 27.5
