0 451.8 738.9 4.242640687119285 4.242640687119285 0
0 146.7 214.2 9.481033698917019 9.481033698917019 0
0 197.3 246.6 2.8844410203711695 2.8844410203711695 0
0 85.6 488.6 3.8013155617496426 3.8013155617496426 0
0 305.7 563.6 2.9068883707497264 2.9068883707497264 0
0 238.6 115.3 4.000000000000017 4.000000000000017 0
0 343.4 360.0 2.594224354214601 2.594224354214601 0
0 312.6 286.6 3.324154027718884 3.324154027718884 0
0 460.4 133.9 5.162363799656151 5.162363799656151 0
0 521.9 91.4 3.220248437620937 3.220248437620937 0
1 436.0 107.0 9.44695718207718 3.5468295701936414 15.3
1 325.0 238.0 6.278733948814842 4.512759687818534 -6.9
0 259.5 367.7 8.34386001800127 8.34386001800127 0
0 210.1 490.6 7.343023900274316 7.343023900274316 0
1 262.0 448.0 7.2886898685566255 2.8412145290350854 -67.0
1 301.0 602.0 5.5724770075792875 3.6086701151531924 4.0
1 343.0 474.0 4.181506905411012 2.801785145224386 -28.9
1 404.0 477.0 3.7215588131856965 3.106444913401807 83.8
1 253.0 152.0 14.246490795981995 10.189823354700522 -5.6
1 474.0 49.0 11.108555261599058 6.198386886924688 77.2
1 508.0 396.0 5.036119537898227 2.6669270706189 -30.3
0 467.9 587.5 3.9458839313898086 3.9458839313898086 0
1 524.0 547.0 8.85127109515918 7.85254735738667 -1.5
1 543.0 697.0 5.608029957123979 2.778488797889979 -59.0
1 584.0 326.0 4.364057744805851 2.452039967047834 -85.4
0 613.6 178.6 5.941380311005203 5.941380311005203 0
1 752.0 470.0 4.523549491273402 3.398896879871478 26.1
1 760.0 453.0 6.328506932918707 4.870831551183043 -5.3
1 806.0 386.0 10.267058975188558 6.119231977952818 -65.6
1 882.0 75.0 7.566538178057342 5.950000000000003 -0.0
0 890.6 289.5 3.8078865529319037 3.8078865529319037 0
1 784.0 691.0 10.67450233031967 8.274357981136655 48.5
0 981.2 670.2 3.1622776601682787 3.1622776601682787 0
