0 617.4 154.2 3.0232432915662204 3.0232432915662204 0
0 844.2 61.4 6.020797289396153 6.020797289396153 0
0 812.3 508.4 6.860029154456979 6.860029154456979 0
0 783.7248908296942 591.2598253275108 7.009039702739998 7.009039702739998 0
0 161.0 684.7 5.280151512977573 5.280151512977573 0
0 103.2 328.7 3.5805027579936555 3.5805027579936555 0
0 234.2 544.4 5.185556864985676 5.185556864985676 0
1 176.0 124.0 12.472696297342127 9.818302761712234 -14.8
1 100.0 273.0 9.052209674990952 8.053725845843038 -50.0
1 217.0 271.0 5.008991914547277 4.069705149024922 -86.6
1 570.0 57.0 6.710067063748328 5.047771785649576 54.1
1 216.0 424.0 11.058141796884332 8.346406412342985 15.1
1 317.0 668.0 6.8720448194114345 5.8008620049092805 85.4
