0 800.8 234.2 6.933974329343933 6.933974329343933 0
0 830.6 279.1 3.5805027579935933 3.5805027579935933 0
0 672.4 262.5 4.341658669218552 4.341658669218552 0
0 665.0 254.0 4.12310562561771 4.12310562561771 0
0 781.6 419.6 4.404543109109001 4.404543109109001 0
0 771.8 614.5 5.060632371552012 5.060632371552012 0
0 836.5 681.9 4.272001872658821 4.272001872658821 0
0 989.2 229.2 5.1884487084290605 5.1884487084290605 0
0 895.0 30.0 5.4708317466360095 5.4708317466360095 0
0 795.2 102.5 3.6124783736376416 3.6124783736376416 0
0 411.1 325.9 3.7696153649941655 3.7696153649941655 0
0 200.0 365.9 9.972963451251594 9.972963451251594 0
0 124.50469238790407 334.09801876955163 8.136813837288589 8.136813837288589 0
0 91.13660062565172 281.96037539103236 5.829165739050522 5.829165739050522 0
0 63.503649635036496 295.09906152241916 3.470973300749382 3.470973300749382 0
0 35.45359749739312 363.7122002085506 5.367898926479132 5.367898926479132 0
0 32.012513034410844 549.1136600625651 5.929038154673436 5.929038154673436 0
0 100.52137643378519 568.1960375391033 4.294319141183292 4.294319141183292 0
0 310.1 650.1 6.1611687202997585 6.1611687202997585 0
0 374.4 608.3 6.576473218982973 6.576473218982973 0
0 150.9 164.8 5.92368128784795 5.92368128784795 0
1 96.0 376.0 13.408392894004853 3.026549190084312 84.7
0 135.66930917327295 437.14609286523216 2.95320607257196 2.95320607257196 0
1 265.0 522.0 4.410215414239968 2.8284271247461983 86.1
1 310.0 586.0 10.95639082910062 7.066293229126587 -30.9
1 327.0 397.0 7.100176054155291 3.578058132562978 -56.3
1 361.0 258.0 10.7281283746288 7.400418386553614 31.7
1 448.0 213.0 4.874679476642544 3.153173005085524 63.1
1 402.0 74.0 7.673333856137817 4.978763803100679 15.8
0 482.9 54.9 4.6097722286464435 4.6097722286464435 0
1 474.0 47.0 4.3502873468312355 2.8999999999999986 -0.0
0 541.7 316.4 3.6400549446402684 3.6400549446402684 0
1 665.0 281.0 9.061042986323384 5.506813960903321 -70.6
1 725.0 534.0 7.842352963237499 4.843810483493358 81.2
1 920.0 583.0 8.250606038346499 4.667440412046002 42.4
1 831.0 717.0 13.345411196362603 5.05890304315077 -85.3
1 580.0 692.0 6.580273550544844 2.4829418035870323 73.1
1 189.0 640.0 5.790077719685633 2.8200177304407164 -36.7
0 217.9 15.7 9.353608929178074 9.353608929178074 0
