0 305.79271070615033 531.7767653758542 10.187097847379453 10.187097847379453 0
0 213.20689655172418 493.08045977011494 6.034209079727186 6.034209079727186 0
0 76.7 594.4 3.22490309931942 3.22490309931942 0
0 95.6 173.3 4.204759208325731 4.204759208325731 0
0 308.4 673.6 3.492849839314619 3.492849839314619 0
0 346.9 683.4 7.80064099930258 7.80064099930258 0
0 398.1 327.0 4.808326112068484 4.808326112068484 0
0 414.6 350.4 5.047771785649582 5.047771785649582 0
0 314.1 316.2 10.515227054134392 10.515227054134392 0
0 337.3 188.8 4.684015371452142 4.684015371452142 0
0 478.0 365.6 3.982461550347965 3.982461550347965 0
1 466.0 387.0 3.124099870362666 2.086264604502518 41.7
1 386.0 461.0 6.454843142943145 5.180974811751153 -21.1
1 489.0 564.0 10.135704218257354 7.704057372579769 1.9
1 495.0 628.0 7.326834241335098 6.016643582596546 -77.4
1 108.0 126.0 9.300134407630896 6.400195309519857 -44.6
1 210.0 186.0 8.423330695158537 6.1059397311142956 65.3
1 161.0 66.0 4.956309110618508 3.3948490393536 87.1
0 250.6 138.2 2.8319604517012587 2.8319604517012587 0
1 517.0 717.0 13.182564242210223 8.395981181493896 52.8
0 584.3 638.7 5.099019513592812 5.099019513592812 0
1 627.0 665.0 5.916924876994826 3.5777087639996634 60.5
0 650.1 590.1 2.4758836806279096 2.4758836806279096 0
0 632.3 167.2 5.3075418038863225 5.3075418038863225 0
0 708.1 251.8 2.9832867780352097 2.9832867780352097 0
0 629.8 751.8 3.264965543462916 3.264965543462916 0
0 701.9 700.5 3.0610455730027613 3.0610455730027613 0
0 689.4 386.9 2.3706539182259703 2.3706539182259703 0
1 761.0 463.0 4.14035022673203 3.820994634908584 -42.7
1 771.0 349.0 6.8740453882702885 4.570557952810573 -79.1
0 831.1 606.2 2.8160255680656663 2.8160255680656663 0
1 825.0 674.0 9.456479260274417 3.585038354048678 -39.1
0 936.0 661.7 5.661271941887257 5.661271941887257 0
0 889.3 313.6 7.156116265125988 7.156116265125988 0
0 950.7 552.2 2.5999999999999788 2.5999999999999788 0
0 977.9 380.6 3.224903099319462 3.224903099319462 0
0 903.3 400.6 2.433105012119374 2.433105012119374 0
1 954.0 157.0 10.160831658875178 7.920858539325143 -42.8
0 860.4 156.4 2.6172504656605313 2.6172504656605313 0
