0 385.4 106.1 6.912307863514168 6.912307863514168 0
0 598.9 73.0 3.5902646142032384 3.5902646142032384 0
0 542.2 304.1 3.544009029333903 3.544009029333903 0
0 585.0 337.9 2.9068883707496758 2.9068883707496758 0
0 617.6 410.8 4.327817001676533 4.327817001676533 0
0 664.5 341.6 2.8600699292150544 2.8600699292150544 0
0 736.5 151.6 3.448187929913317 3.448187929913317 0
0 819.3 302.7 8.095677859203628 8.095677859203628 0
0 878.8 320.0 4.396589587396098 4.396589587396098 0
0 832.3 353.4 4.27551166528637 4.27551166528637 0
0 885.7 522.2 5.7939623747484825 5.7939623747484825 0
0 710.8 570.4 2.6172504656604323 2.6172504656604323 0
0 967.5 339.2 3.736308338453848 3.736308338453848 0
0 919.7 627.8 3.3060550509632582 3.3060550509632582 0
0 988.9 764.0 9.912618221236988 9.912618221236988 0
0 715.5 756.2 10.312128781197455 10.312128781197455 0
0 788.3 528.3 5.080354318352211 5.080354318352211 0
1 346.0 187.0 6.462971452822616 5.402314318882241 -8.0
1 233.0 538.0 13.100572506573899 9.276313923105414 -11.2
1 94.0 665.0 11.950732195141883 4.038873605350878 66.0
1 776.0 531.0 15.50241916605276 7.591113225344488 -19.6
1 1006.0 268.0 9.36082261342455 6.407027391856516 87.2
0 671.9 746.0 2.6000000000000227 2.6000000000000227 0
