0 238.2157123834887 301.5765645805593 8.126867919929234 8.126867919929234 0
0 288.3 124.3 7.829431652425335 7.829431652425335 0
0 113.0 133.6 6.303173803727785 6.303173803727785 0
0 769.3 281.3 4.5221676218380225 4.5221676218380225 0
0 497.8 45.2 3.4481879299133316 3.4481879299133316 0
0 5.4 6.1 3.733630940518894 3.733630940518894 0
0 836.4 713.1 3.9698866482558564 3.9698866482558564 0
0 562.8 735.1 2.863564212655263 2.863564212655263 0
0 147.7 756.2 2.6248809496812933 2.6248809496812933 0
0 883.7 132.4 4.964876634922539 4.964876634922539 0
0 418.8 10.3 9.664884893261792 9.664884893261792 0
0 72.7 509.7 2.2135943621178567 2.2135943621178567 0
0 414.6 488.4 3.220248437620918 3.220248437620918 0
1 541.0 429.0 16.248153741271643 9.475890459476606 85.6
1 461.0 256.0 12.68227108999016 10.851843161417321 37.0
1 501.0 297.0 6.4274800660912295 3.8810436740650185 50.8
1 227.0 147.0 4.193447269252355 2.358495283014151 52.4
1 95.0 143.0 9.840858702369422 7.128990110808119 55.1
1 373.0 256.0 3.811823710509196 2.7294688127912257 85.5
1 147.0 545.0 13.09293702726778 6.101843983583955 -29.8
1 127.0 556.0 5.997707895521416 3.8268786236305115 -28.9
1 296.0 544.0 3.5979765879105186 2.61657956031119 54.7
1 670.0 437.0 4.57739008606434 3.5784074670165595 7.2
1 569.0 582.0 7.650163396947783 2.8714108030722714 -89.6
1 782.0 392.0 13.003461077728499 11.199999999999989 -88.7
1 76.0 748.0 10.950114154656106 7.851432990225381 1.1
0 1006.066734074823 238.19615773508593 4.156684487582337 4.156684487582337 0
