0 482.5 501.8 6.103277807866855 6.103277807866855 0
0 594.5 569.4 2.59422435421455 2.59422435421455 0
0 217.3 531.0 4.640043103248035 4.640043103248035 0
0 205.52850539291217 404.6224961479199 7.523300841746499 7.523300841746499 0
0 203.98767334360556 468.4129429892142 4.7865098819750225 4.7865098819750225 0
0 130.1 604.3 4.036087214122143 4.036087214122143 0
1 22.0 330.0 6.672705598181299 5.297405025104256 -17.8
1 125.0 188.0 4.883646178829909 3.4329287787543756 79.4
0 80.2 405.9 2.6832815729997797 2.6832815729997797 0
1 107.0 742.0 2.7721832551258214 2.122498527679123 -40.6
0 165.4 375.2 2.4413111231467437 2.4413111231467437 0
0 243.3 284.2 2.3600847442411914 2.3600847442411914 0
0 256.4 103.2 9.990495483208043 9.990495483208043 0
0 286.4 61.8 9.265527507918838 9.265527507918838 0
1 269.0 95.0 6.506919393998973 4.26380112106558 47.6
0 281.6 434.7 3.5805027579936386 3.5805027579936386 0
1 267.0 668.0 6.260391361568337 5.03289181286462 42.4
1 283.0 680.0 6.240392615853587 4.130980513146959 37.7
0 353.6 386.7 3.5355339059327378 3.5355339059327378 0
0 416.2 290.2 11.314592347937282 11.314592347937282 0
1 442.0 428.0 10.359174677550321 8.763846187605068 29.4
0 518.1 133.1 6.506919393998927 6.506919393998927 0
1 564.0 235.0 4.652418725781233 3.3559648389099737 -69.1
1 608.0 90.0 12.290036615079691 10.207840124139878 2.2
0 669.2618806875631 177.12436804853388 5.149780213648848 5.149780213648848 0
0 690.6 343.5 4.860041152089115 4.860041152089115 0
0 743.8 317.7 4.081666326391722 4.081666326391722 0
0 751.8 333.6 4.280186911806591 4.280186911806591 0
1 428.0 726.0 5.836522937503121 5.277546778570506 25.8
1 637.0 600.0 11.773805671914268 8.091044431963041 -48.1
0 726.8 661.5 4.080441152620675 4.080441152620675 0
1 809.0 579.0 4.100000000000008 2.458149710656359 -77.3
0 893.6 220.9 10.154801819828906 10.154801819828906 0
