0 392.2888616891065 360.31578947368416 9.175845686164626 9.175845686164626 0
0 412.8004268943437 87.40661686232656 8.169758467024375 8.169758467024375 0
0 62.2 66.1 5.093132631298739 5.093132631298739 0
0 22.9 157.3 3.9408120990475988 3.9408120990475988 0
0 602.7729636048526 470.1906412478336 9.93326161588015 9.93326161588015 0
0 725.8181818181819 416.3636363636364 11.60222264257729 11.60222264257729 0
0 832.4734446130501 190.89529590288316 2.6501136868851165 2.6501136868851165 0
0 997.1882160392798 370.2127659574468 4.9777107449249085 4.9777107449249085 0
0 988.5361552028219 448.9911816578483 10.889135125526051 10.889135125526051 0
0 882.363315696649 463.2768959435626 2.9353292728559666 2.9353292728559666 0
0 897.3061224489795 647.1428571428571 5.949950913107422 5.949950913107422 0
0 778.3265306122448 754.4897959183672 6.756304227447681 6.756304227447681 0
0 518.0 595.1 9.430270409696575 9.430270409696575 0
0 569.7 632.2 3.606937759374221 3.606937759374221 0
0 299.88049605411504 673.3934611048477 3.6583947552622447 3.6583947552622447 0
0 229.84749455337692 722.2222222222223 11.322689725652499 11.322689725652499 0
0 538.4529058116233 703.8897795591182 3.928315788359282 3.928315788359282 0
1 463.0 675.0 8.43743093614421 3.641456582633024 -71.1
1 390.0 625.0 4.941937101932605 2.763292866065158 52.2
1 256.0 202.0 10.98055146982249 6.177176541471382 11.0
1 300.0 223.0 5.4273090327570435 3.5521329784813025 -65.7
1 998.0 646.0 10.89153914461731 6.138613861386148 -0.0
1 85.0 48.0 12.357469825682767 4.973035936533925 33.4
1 156.0 114.0 7.574981719093155 2.8229250124957668 32.3
1 493.0 280.0 11.332279970494023 7.861285921862326 -61.1
