0 219.6 113.9 4.252058325093871 4.252058325093871 0
0 156.32314410480348 340.6048034934498 3.789640820460644 3.789640820460644 0
0 135.3004385964913 547.8070175438596 3.072132834675869 3.072132834675869 0
0 455.7057991513437 456.84299858557284 2.863996708814212 2.863996708814212 0
0 526.992927864215 477.77652050919374 2.8288543140028195 2.8288543140028195 0
0 525.8 570.1 3.679673898594853 3.679673898594853 0
0 199.6 691.5 3.2695565448543675 3.2695565448543675 0
0 715.1 570.3 3.0413812651491394 3.0413812651491394 0
0 672.1 379.2 3.5383612025908278 3.5383612025908278 0
0 871.9 272.1 6.36553218513582 6.36553218513582 0
0 883.6 316.5 6.352952069707457 6.352952069707457 0
0 916.2 139.9 5.024937810560384 5.024937810560384 0
0 978.1 187.9 3.9458839313897807 3.9458839313897807 0
0 963.1 14.2 3.0675723300355955 3.0675723300355955 0
0 980.3 9.8 3.667424164178511 3.667424164178511 0
0 903.6913946587537 498.07121661721067 5.374115808983607 5.374115808983607 0
1 98.0 270.0 11.996353612660812 3.7202150475476525 -25.1
1 192.0 516.0 9.952231480041656 8.407814459218034 -83.2
1 233.0 493.0 4.33820239269678 5.4362211139724606 -59.0
1 330.0 467.0 13.284295239116002 9.104119946485765 28.4
1 317.0 243.0 12.831406781799103 10.599292429214337 31.5
1 520.0 653.0 7.823202668984112 6.0632087214609065 44.8
1 555.0 554.0 4.242640687119277 3.832753579347349 -11.3
1 572.0 562.0 9.871423402934315 6.166441437328316 4.2
1 660.0 384.0 4.815859217211379 2.8231188426985874 -77.4
1 1015.0 302.0 6.96419413859206 5.8585407739470385 -66.8
1 739.0 66.0 4.759464255564907 3.262667620215095 15.1
