0 195.55555555555554 189.77777777777777 8.385761006272546 8.385761006272546 0
0 286.22222222222223 104.88888888888889 4.097575314352409 4.097575314352409 0
0 465.77777777777777 50.666666666666664 4.399775527382987 4.399775527382987 0
0 661.3333333333334 78.22222222222223 8.49109918868564 8.49109918868564 0
0 414.6666666666667 224.0 4.097575314352369 4.097575314352369 0
0 414.6666666666667 339.1111111111111 5.202088849208744 5.202088849208744 0
0 192.0 383.1111111111111 3.384788047050659 3.384788047050659 0
0 632.0 365.77777777777777 12.34883910173315 12.34883910173315 0
0 611.5555555555555 398.22222222222223 2.845832994414636 2.845832994414636 0
0 60.44444444444444 437.3333333333333 9.838197164968328 9.838197164968328 0
0 74.22222222222223 579.5555555555555 4.192880503136253 4.192880503136253 0
0 638.6666666666666 596.4444444444445 4.64013622618249 4.64013622618249 0
0 713.7777777777778 680.0 3.6649827783267757 3.6649827783267757 0
0 465.3333333333333 704.4444444444445 4.807401700618663 4.807401700618663 0
0 947.5555555555555 584.4444444444445 4.3772701341316225 4.3772701341316225 0
0 818.2222222222222 452.0 5.777777777777785 5.777777777777785 0
0 975.5555555555555 330.6666666666667 4.6401362261824355 4.6401362261824355 0
1 343.0 90.0 12.224242257311168 6.478835438717007 27.9
1 393.0 278.0 8.027729719194863 4.245549594342852 -85.2
1 589.0 255.0 9.818098681944225 6.758625033664685 6.6
1 319.0 361.0 7.761888531810218 6.659255139454086 -65.5
1 256.0 490.0 7.387008950486504 5.028314888437684 -45.8
1 639.0 719.0 12.515669191403306 10.068898452630373 -18.6
1 923.0 668.0 46.06222307989196 11.525602204346656 -21.1
1 867.0 312.0 10.934146311237786 3.15837120078932 52.3
1 953.0 216.0 14.30013381617437 8.655263152955749 -35.3
1 788.0 50.0 14.3415136002334 9.900741959975743 42.3
