0 61.3 264.3 12.313001258832067 12.313001258832067 0
0 19.4 337.3 12.149074038789944 12.149074038789944 0
0 128.6 410.4 10.901834707974645 10.901834707974645 0
0 495.5 394.3 7.134423592694752 7.134423592694752 0
0 471.9041278295606 609.1664447403463 9.886761534405625 9.886761534405625 0
0 428.62849533954727 614.4926764314248 6.207116921867704 6.207116921867704 0
0 322.4 529.8 5.375872022286301 5.375872022286301 0
0 873.2 476.8 6.041522986797285 6.041522986797285 0
0 864.0 400.2 4.5967379738245215 4.5967379738245215 0
0 886.6 545.2 6.276941930590036 6.276941930590036 0
0 925.6 590.0 4.024922359499621 4.024922359499621 0
0 1007.8 213.5 10.15135458941321 10.15135458941321 0
0 404.2 689.4 4.172529209005036 4.172529209005036 0
0 282.7 671.8 4.716990566028382 4.716990566028382 0
0 225.9 127.5 4.6097722286464435 4.6097722286464435 0
1 50.0 592.0 8.089653886292057 3.66674242345982 -84.3
1 89.0 594.0 4.304648650006174 2.857008925432314 31.4
1 106.0 601.0 8.748857068211812 3.1120732639190885 69.2
1 615.0 212.0 10.358088626768934 7.499999999999988 74.9
1 725.0 386.0 9.949999999999989 5.2038447325030655 -2.2
1 758.0 362.0 13.271209439986986 10.151970252123476 39.3
1 846.0 471.0 10.065783625729269 8.0215335192219 49.4
1 813.0 496.0 12.728413098261708 9.010271915985674 17.1
1 803.0 583.0 6.7832514327570035 5.466488818245191 -75.6
1 575.0 624.0 12.071143276425815 8.358528578643499 48.1
