0 164.45098039215688 240.19607843137254 7.1247263988963985 7.1247263988963985 0
0 272.8 345.1 2.418677324489544 2.418677324489544 0
0 417.6 306.9 2.3345235059857576 2.3345235059857576 0
0 375.4 491.0 5.70087712549569 5.70087712549569 0
0 644.2 509.2 3.8078865529319526 3.8078865529319526 0
0 567.7 594.1 6.888396039717798 6.888396039717798 0
0 522.8 589.0 3.7336309405189176 3.7336309405189176 0
0 819.9 674.3 11.300442469213364 11.300442469213364 0
0 41.8 188.6 5.186520991955982 5.186520991955982 0
0 109.8 126.0 2.8301943396169857 2.8301943396169857 0
0 298.0 63.9 3.2015621187164287 3.2015621187164287 0
0 1002.7 374.8 3.9560080889704823 3.9560080889704823 0
0 980.5 641.0 3.44818792991329 3.44818792991329 0
0 968.6 637.7 4.026164427839457 4.026164427839457 0
1 410.0 583.0 6.432923130272896 2.757263135792449 4.2
1 947.0 31.0 6.342318188170636 4.98623104157841 75.8
1 748.0 56.0 7.518643494673768 6.589764790946643 11.8
1 482.0 160.0 11.080839318390998 8.805963888183966 78.3
1 860.0 199.0 8.652311829794405 5.921570737566164 -53.4
1 818.0 303.0 8.430005931196025 2.5059928172283183 -26.6
1 460.0 317.0 3.670490430446573 2.7735356496717483 34.8
1 528.0 381.0 5.977666768899022 4.240577790820461 48.7
1 541.0 349.0 3.6472592449673864 1.874166481399135 -35.5
1 586.0 433.0 14.703007718951682 10.960090205634346 35.8
1 839.0 507.0 5.64003546088145 4.615733961137725 -47.1
1 920.0 608.0 15.592466129512676 10.76289923765896 -48.6
1 890.0 691.0 13.366469242099818 8.6478320982776 73.3
