0 412.7326007326007 128.1391941391941 10.367012233029245 10.367012233029245 0
0 565.4798534798535 4.695970695970672 5.6865108777509095 5.6865108777509095 0
0 407.23809523809524 286.38095238095235 5.206106374927422 5.206106374927422 0
0 435.07692307692304 359.27472527472526 4.410840505052118 4.410840505052118 0
0 462.18315018315013 384.9157509157509 4.095362596153478 4.095362596153478 0
0 539.1062271062272 447.9194139194139 4.817929098156011 4.817929098156011 0
0 563.2820512820513 329.6043956043956 3.73554543120347 3.73554543120347 0
0 591.8534798534799 499.9340659340659 4.095362596153473 4.095362596153473 0
0 142.03663003663004 218.61538461538458 3.151034896352619 3.151034896352619 0
0 41.670329670329664 481.6190476190476 3.893826305031027 3.893826305031027 0
0 464.38095238095235 721.1794871794871 4.176466758604889 4.176466758604889 0
0 677.934065934066 285.64835164835165 6.041180403835365 6.041180403835365 0
0 659.2527472527473 749.7509157509157 8.033594212256851 8.033594212256851 0
1 242.0 269.0 5.843610305327407 5.029131947892313 -57.4
1 323.0 257.0 4.489981931183626 3.5372175670014308 -74.6
1 576.0 518.0 11.226075399796269 5.323971374999513 84.4
1 505.0 590.0 5.28285901166883 4.115788471473321 28.9
1 787.0 721.0 14.473500439655954 9.614948533631248 38.9
1 678.0 536.0 4.958603066183478 3.850512095536403 -2.7
1 951.0 481.0 9.009797711537614 5.436198563976482 -28.2
