0 280.4834123222749 386.25592417061614 9.443061064062213 9.443061064062213 0
0 398.32134292565945 347.189448441247 4.826045994603837 4.826045994603837 0
0 378.241610738255 123.73154362416109 4.995380957296223 4.995380957296223 0
0 514.4906743185079 159.82496413199428 7.123208945369518 7.123208945369518 0
0 644.0497335701599 85.77619893428066 9.312772098698591 9.312772098698591 0
0 855.207126948775 135.9487750556793 2.9399507310566073 2.9399507310566073 0
0 942.8571428571429 222.34231805929915 4.900177617977827 4.900177617977827 0
0 978.167115902965 244.04043126684633 6.286740587434314 6.286740587434314 0
0 925.2956152758132 484.1414427157001 8.432168916995131 8.432168916995131 0
0 878.4780763790665 488.1018387553041 5.34683399474848 5.34683399474848 0
0 718.467583497053 553.0451866404716 12.478148925894233 12.478148925894233 0
0 589.947598253275 682.9694323144105 5.5106678882637015 5.5106678882637015 0
0 739.5956284153006 36.04918032786887 10.687217057709276 10.687217057709276 0
1 162.0 661.0 9.346378348714063 6.128797358737834 81.3
1 274.0 334.0 10.392676737404571 4.288360721750398 -17.8
1 288.0 308.0 5.438285189818385 2.7365863899165532 62.6
1 264.0 166.0 12.915924351699317 9.08172455592527 83.9
