0 56.625 65.875 5.50567888638631 5.50567888638631 0
1 190.0 109.0 12.963892162464173 10.513755870287268 -38.8
0 147.125 287.625 3.9151149408414563 3.9151149408414563 0
0 41.25 545.375 11.782534744272983 11.782534744272983 0
0 7.75 644.875 7.690294207636012 7.690294207636012 0
0 27.75 708.25 9.128424015129884 9.128424015129884 0
0 362.25 334.0 5.87632963677158 5.87632963677158 0
1 258.0 442.0 6.227459353540575 1.9131534831267458 39.6
0 246.0 622.5 4.035003097892243 4.035003097892243 0
0 402.625 164.75 5.790617410950235 5.790617410950235 0
0 449.25 364.75 6.013006735402847 6.013006735402847 0
0 447.625 386.625 7.626024521334822 7.626024521334822 0
1 484.0 38.0 9.951444618747571 8.41362362481232 34.0
0 567.75 42.625 4.438820226141176 4.438820226141176 0
0 615.625 362.25 3.321332563896606 3.321332563896606 0
0 614.25 723.25 5.003124024047375 5.003124024047375 0
1 736.0 389.0 7.241913593795497 4.086945681067954 65.0
0 756.375 525.875 3.1349840509961133 3.1349840509961133 0
1 796.0 636.0 5.376453291901642 4.250459533979826 88.7
0 795.75 260.375 6.251249875024993 6.251249875024993 0
0 873.625 754.5 7.442487823302098 7.442487823302098 0
1 881.0 674.0 6.754628043053148 3.6811385806568055 39.8
0 933.5 265.75 6.452954749570154 6.452954749570154 0
0 1007.0 50.5 5.790617410950235 5.790617410950235 0
