0 162.875 121.5 6.9473466157951265 6.9473466157951265 0
1 154.0 334.0 9.471173369757308 5.038911092686593 67.3
0 6.5 474.625 4.808846015417836 4.808846015417836 0
1 38.0 499.0 6.238113697264582 3.4141250709369158 -24.1
1 155.0 599.0 5.839654313399039 4.88060575133866 -84.5
1 248.0 244.0 8.101166968406465 7.0724487449539 -66.3
1 220.0 415.0 3.939483627329856 3.3336588382736467 6.5
0 285.75 521.0 5.97520920135856 5.97520920135856 0
1 274.0 600.0 8.273640371686456 7.115399233352968 -25.2
1 415.0 646.0 10.040931854165727 8.046981188619743 71.4
0 349.625 502.875 7.591113225344488 7.591113225344488 0
0 371.0 398.625 5.896238207535378 5.896238207535378 0
0 305.25 499.875 2.4906073556464094 2.4906073556464094 0
0 379.0 59.25 3.3095505737184316 3.3095505737184316 0
0 453.875 450.75 3.659320292076112 3.659320292076112 0
1 531.0 411.0 9.637572956922298 5.81014737334605 35.7
0 586.0 302.0 2.9712160810011783 2.9712160810011783 0
0 498.375 60.875 11.94060823408925 11.94060823408925 0
1 570.0 115.0 6.101037309343387 4.265138479580704 -36.9
1 501.0 605.0 7.575144388062844 6.195386388273132 -86.7
1 564.0 122.0 4.900573945978165 4.48783076775406 -84.1
0 722.875 482.75 10.93303480283494 10.93303480283494 0
1 794.0 66.0 4.793387372203503 3.5055759155950397 71.5
0 835.875 256.875 4.172079817069659 4.172079817069659 0
0 863.75 718.375 3.5 3.5 0
1 840.0 687.0 6.514706919731693 5.065971032289861 81.2
1 934.0 413.0 7.899762654662481 5.1009343506851765 85.5
1 953.0 76.0 17.161912772182475 12.710262831664812 -23.2
0 1015.25 742.125 7.42988055085679 7.42988055085679 0
0 995.625 761.5 4.21678194835825 4.21678194835825 0
1 997.0 711.0 5.9098038250013 3.53829496367954 -72.1
