0 178.0 239.9 4.7201694884823775 4.7201694884823775 0
0 287.5 164.9 4.244997055358225 4.244997055358225 0
0 363.5 158.6 5.110772935672271 5.110772935672271 0
0 858.5648854961833 35.87786259541985 7.432954997767317 7.432954997767317 0
0 603.2 245.3 4.687216658103117 4.687216658103117 0
0 227.87401574803147 365.1811023622047 5.94266528003566 5.94266528003566 0
0 46.55696202531648 448.4810126582278 5.950713556224403 5.950713556224403 0
0 21.746835443037998 450.126582278481 3.048504956656281 3.048504956656281 0
0 506.0 145.1 1.886796226411316 1.886796226411316 0
0 191.42857142857144 589.8791208791208 4.267359964603845 4.267359964603845 0
1 647.0 655.0 12.468237565842887 9.425063777599467 60.5
1 770.0 671.0 9.831286261992828 7.780635100127334 -89.2
1 729.0 184.0 4.951009997970109 2.933428028774488 57.4
