0 298.1640146878825 82.47001223990205 9.980587579875737 9.980587579875737 0
0 254.1198501872659 129.02621722846442 3.688710787189559 3.688710787189559 0
0 325.6554307116105 190.2621722846442 4.986339683780639 4.986339683780639 0
0 341.7602996254682 193.07116104868913 3.3183605143575745 3.3183605143575745 0
0 417.04119850187266 204.4943820224719 7.415352012443195 7.415352012443195 0
0 126.52830188679246 144.6289308176101 2.7587059370391613 2.7587059370391613 0
0 13.360323886639675 158.69635627530363 4.226844740449614 4.226844740449614 0
0 23.886639676113358 347.36032388663966 5.506668222160092 5.506668222160092 0
0 366.3967611336032 305.2550607287449 9.232189676916116 9.232189676916116 0
0 320.33333333333337 318.19338422391854 3.6164555734228716 3.6164555734228716 0
0 594.6120689655173 269.77586206896547 10.046432776557468 10.046432776557468 0
0 615.948275862069 376.45689655172407 4.919272504531632 4.919272504531632 0
0 558.3596214511041 401.8233438485804 4.382474444621369 4.382474444621369 0
0 776.1235955056179 210.95505617977528 5.845126979405854 5.845126979405854 0
0 797.7528089887641 339.60674157303373 8.189539178153504 8.189539178153504 0
0 893.6176470588234 375.735294117647 12.862393885688192 12.862393885688192 0
0 993.6176470588234 445.5882352941176 8.884592627643075 8.884592627643075 0
0 112.3931623931624 717.5213675213676 10.476624506095114 10.476624506095114 0
1 13.0 89.0 8.860724394596813 7.2847421566807515 -81.5
1 141.0 92.0 10.446593543368989 5.770602352910501 20.4
1 384.0 473.0 14.119299277229343 9.004283990622246 41.7
