0 270.60805860805857 281.6190476190476 3.6076402204381335 3.6076402204381335 0
0 301.7435897435897 272.82783882783883 2.860897317181902 2.860897317181902 0
0 59.61904761904761 506.8937728937729 4.095362596153424 4.095362596153424 0
0 6.871794871794869 551.9487179487179 2.8608973171818928 2.8608973171818928 0
0 396.98168498168496 546.8205128205127 5.101973727906324 5.101973727906324 0
0 585.6263736263736 679.7875457875457 5.543130384769883 5.543130384769883 0
0 294.41758241758237 731.4358974358973 4.176466758604938 4.176466758604938 0
0 763.2820512820513 631.069597069597 5.282859011668878 5.282859011668878 0
0 847.1648351648352 553.7802197802197 6.140313045509342 6.140313045509342 0
0 741.6703296703297 442.42490842490844 6.480515023060147 6.480515023060147 0
0 703.941391941392 470.6300366300366 3.7712930919366086 3.7712930919366086 0
0 935.4432234432235 521.9120879120878 4.77597245802393 4.77597245802393 0
0 647.8974358974359 347.5531135531136 9.061770605753061 9.061770605753061 0
0 636.5421245421246 279.7875457875458 6.6035737645860415 6.6035737645860415 0
1 156.0 393.0 9.99805425930855 2.789660478338405 -9.5
1 306.0 353.0 12.450171721140928 7.124047743141639 -65.8
1 430.0 382.0 12.29291149783868 7.701024191072753 62.4
1 349.0 581.0 8.45670064513935 5.570295357415943 -85.0
1 454.0 620.0 12.443434250156042 8.72417975371032 -48.5
1 255.0 662.0 11.960983052934553 10.819820870140571 29.2
1 570.0 735.0 8.085619067635202 6.618795237946025 76.9
1 995.0 730.0 10.819820870140648 9.768963628640723 -6.5
1 772.0 360.0 5.618264340724548 4.1320564735085945 12.8
1 948.0 180.0 11.819928791401145 9.816918156232513 -14.0
