0 195.88278388278388 18.615384615384592 5.4945054945054945 5.4945054945054945 0
0 371.7069597069597 123.010989010989 3.66300366300365 3.66300366300365 0
0 219.6923076923077 140.95970695970692 10.157820237261562 10.157820237261562 0
0 155.95604395604397 204.3296703296703 5.494505494505466 5.494505494505466 0
0 15.296703296703294 219.34798534798531 5.721794634363859 5.721794634363859 0
0 29.58241758241758 249.01831501831498 5.24462310010122 5.24462310010122 0
0 513.8315018315019 396.27106227106225 6.882159057895936 6.882159057895936 0
0 106.87179487179488 464.7692307692308 2.590134729621054 2.590134729621054 0
0 653.7582417582418 693.3406593406593 5.24462310010131 5.24462310010131 0
0 836.908424908425 721.1794871794871 8.706860310626217 8.706860310626217 0
0 810.901098901099 740.5934065934065 9.732842678085381 9.732842678085381 0
0 678.3003663003664 536.9304029304029 7.864802400580102 7.864802400580102 0
0 843.8681318681319 479.7875457875458 5.7917173263157125 5.7917173263157125 0
0 661.8168498168499 369.16483516483515 5.591332425814552 5.591332425814552 0
0 642.0366300366301 206.5274725274725 6.007772698482352 6.007772698482352 0
0 965.8461538461539 581.6190476190476 3.6076402204381104 3.6076402204381104 0
0 952.2930402930403 438.76190476190476 9.523809523809518 9.523809523809518 0
1 516.0 346.0 6.894333415647901 3.260896303070477 -41.8
1 372.0 410.0 9.952657999409174 8.274254211045074 -80.4
1 459.0 635.0 11.472864295506081 10.264583347400775 73.8
1 563.0 754.0 9.677541988002138 7.263931141044639 -30.9
1 752.0 474.0 12.45555907393354 10.622710622710656 -89.2
1 765.0 390.0 5.698296405166337 2.747252747252742 43.4
1 789.0 158.0 4.593383224902707 3.048226552581184 26.3
