0 97.67441860465115 72.37209302325586 3.7143986337205943 3.7143986337205943 0
0 157.80730897009965 92.63787375415288 10.60003729803575 10.60003729803575 0
0 344.51827242524917 195.6279069767442 3.5935726997979986 3.5935726997979986 0
0 485.71428571428567 174.36544850498342 3.0084336007101116 3.0084336007101116 0
0 203.98671096345512 352.4385382059801 4.905256830642367 4.905256830642367 0
0 190.69767441860463 612.2392026578073 3.787958222920733 3.787958222920733 0
0 231.8936877076412 659.4152823920265 3.8743866410932437 3.8743866410932437 0
0 619.9335548172756 430.84385382059804 4.627371520659189 4.627371520659189 0
0 760.1328903654485 405.92691029900334 4.938893271534389 4.938893271534389 0
0 687.3754152823919 140.14617940199338 3.874386641093234 3.874386641093234 0
0 743.1893687707641 142.80398671096347 6.390493043744654 6.390493043744654 0
0 705.3156146179401 103.93355481727579 4.615429896827201 4.615429896827201 0
0 965.7807308970099 87.65448504983394 11.295681063122936 11.295681063122936 0
0 953.8205980066444 493.63455149501664 3.5316099045629685 3.5316099045629685 0
0 393.0232558139535 298.6179401993356 10.104256694847532 10.104256694847532 0
1 84.0 425.0 7.372870771153532 4.102687387119092 -74.2
1 242.0 446.0 9.28599658430147 7.372870771153531 65.0
1 408.0 509.0 5.89174347208245 2.994643916498327 51.0
1 541.0 734.0 6.392651629532839 3.4245063335694708 62.2
1 808.0 757.0 7.780756430983645 6.094331005928267 17.4
1 641.0 503.0 12.053209258253656 6.288203731145407 -8.0
