0 135.625 219.875 4.192627457812105 4.192627457812105 0
0 89.375 288.0 6.4347688381168755 6.4347688381168755 0
0 177.625 342.75 9.540210951546092 9.540210951546092 0
0 57.75 400.125 8.156669050537726 8.156669050537726 0
0 103.875 534.875 3.6336104634371584 3.6336104634371584 0
1 188.0 733.0 10.707948274529533 8.83750884016531 51.8
0 275.375 351.0 8.857376869028437 8.857376869028437 0
0 219.375 443.75 5.199158585771356 5.199158585771356 0
1 306.0 435.0 12.65806314172907 10.156586532885939 76.6
1 370.0 197.0 10.940356769776752 9.084026158592895 3.9
0 404.25 475.0 5.065199897338703 5.065199897338703 0
1 517.0 510.0 12.724545669688958 9.4227948348672 -11.0
0 548.875 739.5 5.771698190307598 5.771698190307598 0
0 566.25 726.625 3.377314021526574 3.377314021526574 0
1 562.0 686.0 4.577885019307497 3.3383425902684105 38.4
1 696.0 399.0 9.926487608917869 7.298597896171565 65.1
1 687.0 583.0 4.2005393998866385 2.405235175611732 51.4
0 864.125 229.625 6.261239893184097 6.261239893184097 0
1 793.0 336.0 11.337506890846859 9.362700264880853 38.1
1 853.0 353.0 14.06736027120938 12.400384318641096 13.4
0 808.75 621.5 3.087272258807117 3.087272258807117 0
1 866.0 703.0 5.274126112447445 3.7291084725440746 -39.9
0 865.0 142.25 3.701773223740212 3.701773223740212 0
1 992.0 394.0 4.405695887144277 3.1030478968266024 -27.9
