0 70.1 15.4 4.036087214122114 4.036087214122114 0
0 87.3 11.2 2.687005768508885 2.687005768508885 0
0 23.0 141.1 5.099019513592789 5.099019513592789 0
0 85.2 189.1 3.1304951684997118 3.1304951684997118 0
0 119.1 426.9 2.7018512172212947 2.7018512172212947 0
0 11.134453781512606 498.73949579831935 3.970810540217598 3.970810540217598 0
0 305.3680981595092 541.4110429447852 5.241720089151926 5.241720089151926 0
0 337.8834355828221 572.3926380368098 5.214723926380329 5.214723926380329 0
0 415.9 606.3 2.968164415931178 2.968164415931178 0
0 383.7587373167982 674.1826381059751 5.370239171956959 5.370239171956959 0
0 458.95898161244696 373.9575671852899 8.101840730760777 8.101840730760777 0
0 589.5 573.2 5.099019513592722 5.099019513592722 0
0 720.8078335373317 511.72337821297424 6.515951850284522 6.515951850284522 0
0 726.1933904528764 540.2423500611994 3.504974556493597 3.504974556493597 0
0 927.3846153846154 268.0144230769231 5.8796032733822905 5.8796032733822905 0
0 867.8894230769231 317.05288461538464 2.433708741744764 2.433708741744764 0
1 972.0 678.0 4.254182948858471 2.3720070053775326 17.5
1 766.0 757.0 8.574734812080568 5.876902403427412 7.0
1 699.0 579.0 11.162974980360763 4.5308220946001425 74.2
1 526.0 592.0 6.003678227584208 1.8241852911096084 -26.4
1 266.0 440.0 4.422951503238533 3.701351104664321 49.1
1 122.0 304.0 6.462664409462058 5.569169270272969 -70.1
1 400.0 134.0 12.129708158635909 10.381153392728978 60.7
1 706.0 177.0 5.605931427553515 4.072681704260643 28.9
1 785.0 21.0 7.63144690522423 5.846395368275036 42.9
1 410.0 715.0 8.116662917458683 2.3853302483076186 53.0
