0 140.531561461794 170.71096345514954 4.51876096635728 4.51876096635728 0
0 459.1362126245847 161.74086378737545 4.518760966357297 4.518760966357297 0
0 264.7840531561462 222.87043189368774 3.71439863372055 3.71439863372055 0
0 358.80398671096344 374.69767441860466 4.162778766160042 4.162778766160042 0
0 497.3421926910299 347.4551495016612 10.234499535381584 10.234499535381584 0
0 340.86378737541526 133.16943521594686 11.281014515846953 11.281014515846953 0
0 38.20598006644518 519.5481727574751 4.469642540555997 4.469642540555997 0
0 97.67441860465115 500.61129568106315 3.8743866410932095 3.8743866410932095 0
0 135.2159468438538 494.6312292358804 3.420475129896025 3.420475129896025 0
0 233.22259136212622 594.6312292358804 5.67707890054325 5.67707890054325 0
0 433.88704318936874 569.0498338870432 6.98464984771716 6.98464984771716 0
0 453.15614617940196 704.5980066445183 2.8190303568898925 2.8190303568898925 0
0 637.8737541528238 596.624584717608 6.84901266713904 6.84901266713904 0
0 808.3056478405315 521.873754152824 9.994424555808111 9.994424555808111 0
0 874.750830564784 515.5614617940199 4.51876096635734 4.51876096635734 0
0 699.3355481727574 523.5348837209302 3.5316099045630054 3.5316099045630054 0
0 645.8471760797341 455.0963455149502 2.1011811695471216 2.1011811695471216 0
0 856.1461794019933 107.92026578073094 3.06297158049597 3.06297158049597 0
0 996.345514950166 75.6943521594685 3.874386641093222 3.874386641093222 0
1 49.0 178.0 12.139891289430873 9.77105725571611 -17.1
1 228.0 147.0 10.191270199453797 6.4184980353361 16.8
1 451.0 63.0 8.77730552400194 3.049428530014253 -60.5
1 428.0 392.0 10.740972199552964 2.8239202657807376 -51.4
1 95.0 727.0 12.628955354649975 10.964713508776919 0.9
1 429.0 715.0 13.098720268250036 11.482238975937149 -13.2
1 875.0 744.0 9.64313971674416 8.872671336261563 49.6
1 741.0 482.0 11.97857566599333 10.631229235880397 -0.0
1 982.0 430.0 7.786074182895654 5.027490348977263 -78.9
1 894.0 355.0 13.031135320568223 8.512377392238534 -77.2
1 847.0 144.0 6.931111642865502 4.594457370743967 -47.0
