1 58.0 7.0 5.327185584340008 6.295149422372752 -66.8
0 5.875 42.625 7.828234155925588 7.828234155925588 0
0 156.875 198.625 3.3095505737184316 3.3095505737184316 0
0 98.125 270.75 5.767635997529664 5.767635997529664 0
0 102.875 280.25 6.501201811972922 6.501201811972922 0
0 179.625 607.375 4.543195461346562 4.543195461346562 0
0 272.875 477.0 3.6784847423905402 3.6784847423905402 0
1 336.0 251.0 12.9810559085153 9.697978204244428 0.0
0 341.0 175.625 3.281101187101672 3.281101187101672 0
1 448.0 252.0 2.5124689052802225 3.783186487605389 82.4
1 440.0 391.0 7.898279084712062 4.59364370625324 13.7
0 392.75 374.5 4.87660230078279 4.87660230078279 0
0 372.875 568.375 4.155192534648665 4.155192534648665 0
0 485.875 628.875 2.6516504294495533 2.6516504294495533 0
1 483.0 572.0 8.340881997726619 2.8235892495191295 -85.3
0 587.75 545.75 4.438820226141176 4.438820226141176 0
0 550.625 299.75 7.126096406869612 7.126096406869612 0
0 657.375 242.5 4.705382556179678 4.705382556179678 0
0 661.125 100.5 4.111721050849631 4.111721050849631 0
0 647.75 550.125 6.156805178012376 6.156805178012376 0
0 628.75 625.25 4.705382556179678 4.705382556179678 0
1 742.0 106.0 8.143728415167097 5.626735843275389 44.2
1 786.0 136.0 8.806957476904268 11.0159685230124 83.2
1 1000.0 460.0 6.02112167706317 2.576941016011038 11.6
