0 592.6 458.5 11.718361660232171 11.718361660232171 0
0 787.2 368.5 5.047771785649535 5.047771785649535 0
0 641.2 573.6 6.184658438426442 6.184658438426442 0
0 589.4 530.2 3.008321791298261 3.008321791298261 0
0 374.7 266.6 3.2310988842806982 3.2310988842806982 0
0 82.9 37.7 13.150285168010612 13.150285168010612 0
0 849.6 20.7 8.94427190999916 8.94427190999916 0
0 836.3 143.5 2.773084924772429 2.773084924772429 0
1 379.0 508.0 13.14001522069134 8.344159634139306 -50.9
1 280.0 506.0 9.058835465996706 7.320689858203278 -65.4
1 383.0 222.0 9.226592003551463 3.313608305156176 5.2
1 310.0 213.0 7.9945293795194585 6.046693311223914 22.0
1 921.0 352.0 12.833647182309482 10.501071373912275 -21.2
1 787.0 511.0 6.774215821775967 5.402314318882227 8.0
1 970.0 626.0 6.530122510336218 3.750333318519843 38.6
1 985.0 710.0 13.128689957493853 11.162884931772757 20.2
0 964.0 714.5 2.751363298439535 2.751363298439535 0
0 452.9 511.9 2.640075756488849 2.640075756488849 0
0 495.7 253.9 2.1954498400100415 2.1954498400100415 0
