0 158.5 144.75 8.962595885121676 8.962595885121676 0
1 187.0 25.0 3.1752214489701345 5.1727954241396406 78.1
0 64.875 244.375 4.976507309348595 4.976507309348595 0
0 193.125 488.125 2.625 2.625 0
0 83.125 383.375 2.692582403567252 2.692582403567252 0
0 11.875 92.25 3.2882366094914763 3.2882366094914763 0
0 15.25 94.75 2.918154382482188 2.918154382482188 0
0 363.75 384.0 12.250637738501617 12.250637738501617 0
0 212.5 342.875 6.261239893184097 6.261239893184097 0
0 214.25 396.625 4.0697051490249265 4.0697051490249265 0
0 219.375 268.5 7.754031209635412 7.754031209635412 0
1 306.0 333.0 3.5892635038403076 4.459014745434242 -84.4
0 338.375 13.625 2.3048861143232218 2.3048861143232218 0
1 385.0 121.0 14.162698586427659 6.62971530308806 37.8
0 487.75 146.375 5.0 5.0 0
0 385.75 297.5 4.7762432936357 4.7762432936357 0
0 438.75 471.75 3.010398644698074 3.010398644698074 0
0 481.75 479.875 6.0117073282055244 6.0117073282055244 0
1 392.0 544.0 5.392775839027616 6.933839124179332 33.3
0 485.5 628.625 3.8017265814363874 3.8017265814363874 0
1 590.0 254.0 9.14146630743668 3.855292628322784 -65.8
1 634.0 577.0 5.5961063472739685 9.201307651633 74.5
1 529.0 758.0 11.92374862406953 12.419270560302646 73.9
0 666.625 747.75 3.4118360159890453 3.4118360159890453 0
0 780.125 138.875 4.315669125408017 4.315669125408017 0
0 691.5 146.875 6.156805178012376 6.156805178012376 0
1 909.0 192.0 6.4204872283963 3.6896180357863604 40.8
0 953.75 740.25 2.4906073556464094 2.4906073556464094 0
1 969.0 591.0 8.084756103309488 4.7256778614289825 70.6
1 972.0 606.0 5.880316743169538 7.339160800118771 -85.1
0 901.875 477.75 2.683863819197986 2.683863819197986 0
