0 608.9850249584027 327.76039933444264 11.67692915775222 11.67692915775222 0
0 670.2409638554217 203.73493975903614 10.399202711826492 10.399202711826492 0
0 689.8795180722891 202.77108433734938 4.012247182011268 4.012247182011268 0
0 468.30265848670757 484.4089979550102 8.84797859009568 8.84797859009568 0
0 375.0511247443763 498.11042944785277 10.984089163186741 10.984089163186741 0
0 169.96324655436447 594.333843797856 5.764634065763753 5.764634065763753 0
0 157.71209800918837 570.9035222052067 3.25578738521731 3.25578738521731 0
0 91.38655462184875 542.6470588235294 4.546026262265219 4.546026262265219 0
0 19.39130434782611 453.2753623188406 8.872595863776198 8.872595863776198 0
0 168.66666666666669 309.79710144927543 3.5023321662592757 3.5023321662592757 0
0 363.4492753623188 295.01449275362324 2.7344872846540893 2.7344872846540893 0
0 53.951219512195145 272.520325203252 2.99822583977004 2.99822583977004 0
0 673.6604477611941 359.5149253731343 4.767512066858421 4.767512066858421 0
0 228.4037558685446 212.63849765258217 6.4756404808139605 6.4756404808139605 0
0 113.5873015873016 49.079365079365104 13.016840846711677 13.016840846711677 0
1 111.0 98.0 6.133718285020926 3.2015621187164243 -40.3
1 455.0 54.0 4.610094384731168 3.274691520670158 -63.3
1 557.0 205.0 10.33581395987001 8.28704176928079 -89.2
1 556.0 232.0 6.774816721892434 5.989682542521076 4.9
1 690.0 267.0 9.028566121600392 6.996618873690322 69.5
1 132.0 443.0 6.898504485500066 3.500568720964105 -73.0
1 58.0 679.0 5.245639313814712 2.9743871627275595 -10.4
1 576.0 472.0 11.74329595982322 7.150524456289899 47.0
1 647.0 397.0 6.4522509136467505 1.8610580292286978 78.4
1 859.0 507.0 10.025717972546246 7.3514050406611755 54.2
1 304.0 593.0 12.166055072446133 8.277085055759294 -32.5
1 827.0 197.0 5.460957758866007 3.0291943404206783 -9.0
