0 11.125 129.5 4.155192534648665 4.155192534648665 0
0 108.375 191.125 3.6784847423905402 3.6784847423905402 0
0 187.375 286.0 5.376453291901642 5.376453291901642 0
0 173.25 579.125 3.2451887464367926 3.2451887464367926 0
0 52.625 492.625 5.376453291901642 5.376453291901642 0
0 38.0 410.25 3.972562145517676 3.972562145517676 0
1 11.0 149.0 3.824264635194589 2.942150573984955 78.3
1 64.0 399.0 6.037965820539232 4.081685466813924 64.3
1 55.0 748.0 16.40907713736516 12.494061089173528 -23.8
1 189.0 418.0 11.625672023586421 10.371610892238486 -32.4
0 255.75 435.5 4.419417382415922 4.419417382415922 0
0 212.5 590.125 5.3967582862307255 5.3967582862307255 0
1 370.0 437.0 19.97576656851997 9.724726859917455 43.0
1 437.0 120.0 7.396156096243508 6.249062429676951 30.6
0 413.625 553.875 3.760402239122831 3.760402239122831 0
0 402.125 655.125 12.826364449835348 12.826364449835348 0
1 379.0 607.0 5.460440115045673 3.4397719764542534 2.1
0 569.875 325.0 5.783867650629637 5.783867650629637 0
0 511.625 573.25 4.584280205223062 4.584280205223062 0
0 534.0 499.0 3.0413812651491097 3.0413812651491097 0
0 521.0 480.625 2.8559149146989657 2.8559149146989657 0
0 470.25 44.625 3.25 3.25 0
0 648.5 429.875 4.94501011121312 4.94501011121312 0
0 752.25 232.25 2.942150573984955 2.942150573984955 0
0 775.5 608.375 4.190763653560053 4.190763653560053 0
0 791.375 605.5 3.7165171868296265 3.7165171868296265 0
1 779.0 707.0 11.273759632438505 9.355187397909248 45.9
1 834.0 135.0 8.055714198629442 4.8541219597369 -59.8
1 894.0 400.0 4.784823011355801 3.9867946084542654 -13.7
1 868.0 517.0 5.253347147295712 3.7546845739688974 88.0
0 1015.875 407.375 6.1300999176196145 6.1300999176196145 0
