0 419.972972972973 124.54054054054058 11.696802707233728 11.696802707233728 0
0 352.4054054054054 209.1351351351352 9.937716924783897 9.937716924783897 0
0 366.72972972972974 290.21621621621625 11.02821933140712 11.02821933140712 0
0 469.972972972973 319.13513513513516 4.781569192690318 4.781569192690318 0
0 975.1 236.5 8.586617494683193 8.586617494683193 0
0 530.2 126.6 8.58836422143355 8.58836422143355 0
0 629.0 395.5 5.197114584074535 5.197114584074535 0
0 935.6857523302264 536.5965379494008 9.273227880948188 9.273227880948188 0
0 891.6111850865512 611.0306258322238 7.353768986143349 7.353768986143349 0
0 774.300932090546 604.3728362183756 4.89607891101202 4.89607891101202 0
0 612.9 578.9 5.2697248505021275 5.2697248505021275 0
0 222.4 628.9 10.38701111966286 10.38701111966286 0
0 242.8 616.3 9.042676594902646 9.042676594902646 0
0 256.6 668.0 4.687216658103148 4.687216658103148 0
0 44.3 539.0 6.935416353759842 6.935416353759842 0
0 32.8 573.6 4.440720662234917 4.440720662234917 0
1 81.0 588.0 8.199085314838474 3.6503424496888153 -21.5
1 103.0 518.0 5.721887800367975 3.4817380717107356 85.0
1 201.0 591.0 9.573139505930142 4.66502947471935 -21.9
1 284.0 485.0 6.753702688155576 4.874935897014453 70.1
1 316.0 498.0 7.399999999999977 2.75 90.0
1 558.0 204.0 4.4601008957197825 4.057708713054693 -3.5
1 584.0 334.0 8.173279635495174 5.626944108483743 44.3
1 202.0 36.0 11.568275584545878 4.600271731104585 -0.6
