0 168.375 225.5 4.00195264839553 4.00195264839553 0
1 49.0 300.0 4.163175620845222 5.480790317098438 7.8
0 70.375 509.25 5.031152949374527 5.031152949374527 0
0 63.625 625.625 5.859020822628983 5.859020822628983 0
0 102.375 706.5 6.5251915680690935 6.5251915680690935 0
0 24.875 732.25 7.16436494045355 7.16436494045355 0
0 217.5 698.5 3.5 3.5 0
0 311.75 497.0 7.037844130129623 7.037844130129623 0
0 380.375 64.875 4.976507309348595 4.976507309348595 0
0 338.25 130.25 4.0485336851754115 4.0485336851754115 0
0 423.0 214.625 4.881406047441659 4.881406047441659 0
0 444.125 263.25 5.4328284530251825 5.4328284530251825 0
1 378.0 90.0 9.533247741457263 12.913322819863213 63.1
1 364.0 295.0 4.194956048637459 4.375446405796785 23.2
0 330.25 425.125 6.408002808988148 6.408002808988148 0
0 407.125 488.25 5.2216496435513555 5.2216496435513555 0
1 512.0 364.0 13.360535402819753 26.9522871246579 62.3
0 565.125 744.375 4.932354914237215 4.932354914237215 0
1 537.0 42.0 5.87533243740301 4.43926021426994 1.6
1 546.0 17.0 4.126893504804794 3.775434577634739 -6.7
0 714.875 520.375 7.379236071572721 7.379236071572721 0
0 820.0 741.25 6.336895927818288 6.336895927818288 0
1 837.0 431.0 7.831227553838542 5.115081866402531 -65.4
0 842.25 139.875 11.075028216668343 11.075028216668343 0
0 814.875 15.125 4.731873307686925 4.731873307686925 0
1 882.0 411.0 9.721311961355834 7.95519680774775 -79.6
1 953.0 656.0 6.294839156007086 6.976803082357994 6.8
0 957.75 669.625 7.0644355754723955 7.0644355754723955 0
1 995.0 643.0 7.766112283504533 4.3883724203854895 5.3
1 954.0 129.0 7.6324246638928575 7.2567317884844 -24.2
0 225.5 758.1 3.383784863137723 3.383784863137723 0
