0 25.55311355311355 109.82417582417581 5.72179463436384 5.72179463436384 0
0 260.7179487179487 145.72161172161168 3.893826305031043 3.893826305031043 0
0 342.03663003663 132.5347985347985 4.775972458023905 4.775972458023905 0
0 546.7985347985348 84.54945054945053 3.626188621469542 3.626188621469542 0
0 48.99633699633699 227.77289377289375 4.176466758604879 4.176466758604879 0
0 87.45787545787546 476.12454212454213 9.38901510474451 9.38901510474451 0
0 163.28205128205127 468.7985347985348 8.496273629848513 8.496273629848513 0
0 60.71794871794871 653.047619047619 3.8938263050309945 3.8938263050309945 0
0 220.7912087912088 670.2637362637362 4.690933507276818 4.690933507276818 0
0 562.5494505494506 677.9560439560439 5.141270640153142 5.141270640153142 0
0 423.35531135531136 541.6923076923076 3.2762900769227574 3.2762900769227574 0
0 905.040293040293 606.1611721611721 5.5793209566769475 5.5793209566769475 0
0 829.2161172161173 279.42124542124543 4.095362596153402 4.095362596153402 0
0 900.2783882783883 325.94139194139194 4.5897304344840855 4.5897304344840855 0
0 876.1025641025641 384.9157509157509 3.1081616755453334 3.1081616755453334 0
0 975.7362637362638 474.2930402930403 3.7712930919366086 3.7712930919366086 0
1 274.0 207.0 8.133188026071267 7.437340844046505 -82.2
1 567.0 184.0 10.465234159092812 3.8461538461538396 -0.0
1 33.0 296.0 4.835303583312845 2.860897317181911 -52.0
1 306.0 406.0 9.670607166625697 4.152301849360698 -50.9
1 557.0 434.0 4.4712657933090805 3.77573775239716 -53.3
1 184.0 475.0 9.523809523809518 5.323971374999503 -90.0
1 453.0 626.0 6.055045880885194 2.9361207952163633 3.6
1 68.0 676.0 10.367012233029248 6.6035737645860335 -32.5
1 123.0 735.0 5.494505494505484 3.1189352318546604 52.2
1 800.0 659.0 4.931469603603043 3.1135531135530963 30.3
1 898.0 309.0 5.02913194789231 3.0701565227546084 -79.5
1 880.0 111.0 9.284829198268556 4.228350322569643 -68.1
