0 654.4 97.5 10.344563789740011 10.344563789740011 0
0 663.1 134.2 2.6570660511172766 2.6570660511172766 0
0 353.4 223.4 5.1478150704934995 5.1478150704934995 0
0 273.2 264.8 4.327817001676497 4.327817001676497 0
0 302.1 59.4 3.0886890422961026 3.0886890422961026 0
0 890.1 109.9 6.435060217278464 6.435060217278464 0
0 892.8 338.7 5.015974481593802 5.015974481593802 0
0 812.8 632.7 5.547071299343456 5.547071299343456 0
0 344.8 747.5 4.569463863518391 4.569463863518391 0
0 274.2 556.9 2.662705391138907 2.662705391138907 0
0 657.2 703.8 7.925906888173812 7.925906888173812 0
1 316.0 334.0 11.351761977772435 10.378824596263268 65.7
1 362.0 380.0 10.11385188738691 8.872992730753229 47.9
1 268.0 138.0 12.536845695788072 10.543718509140882 -56.0
1 211.0 210.0 8.124192267542654 7.420242583635663 -51.1
1 63.0 115.0 12.08801058900926 4.78852795752515 -48.8
1 511.0 180.0 11.96505328028256 6.960244248587826 -26.8
1 446.0 409.0 7.0215738976386275 4.047530111067742 -62.9
1 612.0 425.0 10.55130323704137 5.096076922496378 -15.0
1 473.0 554.0 4.701063709417264 3.773592452822632 -30.3
1 788.0 516.0 5.855339443618983 4.801041553663134 -87.6
1 883.0 697.0 7.405572226371163 4.040111384603173 56.3
1 286.0 711.0 12.589678312014138 12.028299963003894 -46.6
