0 272.2 445.5 6.126989472816151 6.126989472816151 0
0 282.5 574.4 11.395174417269807 11.395174417269807 0
0 650.8 358.5 11.70469991071967 11.70469991071967 0
0 733.7 210.9 3.671511950137096 3.671511950137096 0
0 279.7 47.1 3.9204591567825493 3.9204591567825493 0
0 108.2 63.0 4.751841748206692 4.751841748206692 0
0 102.3 95.0 4.648655719667789 4.648655719667789 0
0 205.8 196.9 2.8231188426986136 2.8231188426986136 0
1 346.0 47.0 8.532877591996733 4.315669125408017 79.9
1 450.0 367.0 12.595733404609684 9.839842478413967 -53.2
1 607.0 369.0 9.328049099356218 8.207466113241056 -11.2
1 719.0 309.0 7.640026177965637 5.903388857258187 -75.6
1 740.0 450.0 18.171543687865377 12.623192939981568 -69.2
1 809.0 473.0 6.767939125021757 4.463462781294384 72.4
1 223.0 679.0 4.884669896727939 3.8347098977628136 -22.2
1 948.0 571.0 6.209871174187111 1.9006577808747958 51.0
