0 481.4 247.8 8.045495634204263 8.045495634204263 0
0 134.8 55.6 5.0328918128646345 5.0328918128646345 0
0 565.4 145.3 3.7443290453698266 3.7443290453698266 0
0 959.5 262.6 11.621101496846135 11.621101496846135 0
0 917.8 335.4 12.103718436910205 12.103718436910205 0
0 876.0 744.6 7.641989269817168 7.641989269817168 0
0 495.6 462.8 3.7161808352123886 3.7161808352123886 0
0 258.7 575.7 6.324555320336716 6.324555320336716 0
0 66.6 705.4 3.7161808352123886 3.7161808352123886 0
0 782.4 643.0 5.445181356024824 5.445181356024824 0
0 162.06195786864933 357.1102850061958 2.892842014852219 2.892842014852219 0
0 161.7 285.4 3.3837848631377385 3.3837848631377385 0
0 208.5 184.8 2.545584412271567 2.545584412271567 0
1 949.0 590.0 8.00390529679106 4.065095324835583 -88.2
1 987.0 592.0 3.7165171868296265 3.400367627183861 17.1
1 1005.0 600.0 8.539613574395506 3.3593154064481565 70.6
1 602.0 546.0 12.614215363951251 10.015896902361778 -84.2
1 875.0 470.0 4.143669871020098 2.7064737205448797 -11.7
1 306.0 413.0 4.2502941074706815 2.707397274136195 -89.3
1 353.0 435.0 4.506939094330003 4.078296212881059 -49.8
1 318.0 341.0 6.735725647619564 5.540081226841374 39.1
1 806.0 563.0 6.4625846222699685 5.391196527673617 62.8
1 105.0 331.0 4.949266526280425 3.4026097193918265 33.9
1 411.0 175.0 6.420669746996797 5.420332093147058 32.0
1 485.0 194.0 5.688585061331151 2.9706901555025773 79.9
