0 467.2419354838709 32.99193548387094 3.8253358792359577 3.8253358792359577 0
0 594.258064516129 221.29838709677418 6.8548387096774155 6.8548387096774155 0
0 170.46774193548387 315.24999999999994 8.312712954874335 8.312712954874335 0
0 49.096774193548384 430.5725806451612 4.0322580645161485 4.0322580645161485 0
0 435.38709677419354 333.79838709677415 5.730915485303183 5.730915485303183 0
0 418.4516129032258 351.5403225806451 5.773314944869511 5.773314944869511 0
0 344.258064516129 432.58870967741933 2.8512370209134774 2.8512370209134774 0
0 464.01612903225805 449.5241935483871 3.6290322580645125 3.6290322580645125 0
0 577.7258064516129 382.9919354838709 3.606561254031943 3.606561254031943 0
0 341.83870967741933 610.008064516129 2.4527268267331093 2.4527268267331093 0
0 45.064516129032256 726.9435483870967 3.8040246500228423 3.8040246500228423 0
0 788.2096774193549 506.7822580645161 3.7175582489083894 3.7175582489083894 0
0 842.6451612903226 412.0241935483871 10.653100656147489 10.653100656147489 0
0 778.9354838709677 154.36290322580643 6.375559798726575 6.375559798726575 0
0 680.1451612903226 131.7822580645161 8.506057705535872 8.506057705535872 0
0 715.2258064516129 8.395161290322555 3.2509103823784526 3.2509103823784526 0
0 97.08064516129032 265.6532258064516 11.297520746872483 11.297520746872483 0
1 656.0 695.0 16.73872840499019 8.506057705535856 -88.6
1 660.0 429.0 12.622964389111738 10.280281277404814 26.2
1 642.0 48.0 12.421711129636607 9.339705501532645 -13.7
1 192.0 348.0 10.178956097874451 6.479902693543629 82.8
1 49.0 456.0 13.011453871179492 5.846774193548388 -79.6
1 197.0 576.0 10.300032076165133 8.268587360649144 -86.6
1 233.0 745.0 13.524604702619644 6.998610870044264 79.7
