0 474.750830564784 134.16611295681065 5.189534668376543 5.189534668376543 0
0 651.8272425249169 445.1295681063123 4.000529760396165 4.000529760396165 0
0 729.9003322259135 226.52491694352162 3.4204751298960527 3.4204751298960527 0
0 704.9833887043188 203.26910299003325 4.938893271534409 4.938893271534409 0
0 930.5647840531561 75.02990033222596 5.989287832996622 5.989287832996622 0
0 983.3887043189368 177.68770764119603 8.663391900601521 8.663391900601521 0
1 13.0 96.0 7.819669299627787 4.109407600283379 12.7
1 294.0 191.0 3.962412106935741 3.8242074528974523 -56.8
1 192.0 388.0 7.144788427776284 4.756751183812741 57.7
1 121.0 536.0 10.466434552839452 8.139534883720934 89.1
1 664.0 682.0 12.739899992567485 11.441312530048208 66.2
1 549.0 385.0 6.588216616296326 4.000529760396127 -35.9
1 647.0 227.0 10.92437411791189 7.35600990879882 -62.7
1 945.0 10.0 9.861011348608548 8.064608700291254 -57.4
1 878.0 92.0 5.356981892557217 4.6983839281498145 -8.1
1 898.0 390.0 6.112415113944901 5.551752480753612 -46.4
1 906.0 541.0 4.983388704318941 2.4916943521594703 90.0
1 753.0 605.0 7.809075929264521 6.939069293755987 -39.9
1 806.0 607.0 4.0005297603961125 2.662993279382254 85.2
