0 743.0 380.7 9.600520819205558 9.600520819205558 0
0 671.2 332.3 4.604345773288479 4.604345773288479 0
0 300.3 356.7 3.4785054261852353 3.4785054261852353 0
0 578.8 163.2 3.300000000000068 3.300000000000068 0
0 683.2 197.2 3.2388269481403182 3.2388269481403182 0
0 703.6 511.3 3.1016124838541312 3.1016124838541312 0
0 764.3 536.5 4.75394572960189 4.75394572960189 0
0 606.6 597.3 4.341658669218453 4.341658669218453 0
0 32.5 587.9 2.7073972741361745 2.7073972741361745 0
0 597.9 743.5 3.939543120718472 3.939543120718472 0
0 906.2 449.1 2.789265136196326 2.789265136196326 0
0 939.5 634.5 3.114482300479469 3.114482300479469 0
0 291.5 469.3 2.6627053911388603 2.6627053911388603 0
0 1017.2 53.3 6.741661516273278 6.741661516273278 0
1 558.0 442.0 5.85234995535985 3.819031290785686 36.4
1 457.0 473.0 4.763664555780572 3.286715685908948 18.4
1 359.0 494.0 6.293250352560257 3.8916577444579894 -44.4
1 749.0 479.0 11.996353612660803 4.062634613154361 77.2
1 406.0 74.0 10.27715914054073 5.61894118139708 -10.9
1 610.0 117.0 7.8423529632375075 6.307535176279241 49.5
1 563.0 4.0 5.8 4.563441683641826 50.7
