0 138.8 219.1 9.160785992479015 9.160785992479015 0
0 243.2 265.1 5.0089919145472726 5.0089919145472726 0
0 264.0 305.7 2.973213749463712 2.973213749463712 0
1 373.0 362.0 9.116605728010832 7.262403183519922 40.7
0 329.4 395.4 8.486459803710817 8.486459803710817 0
0 389.8 583.3 6.103277807866851 6.103277807866851 0
0 222.0 595.2 4.623851208678743 4.623851208678743 0
0 216.1 695.6 9.701546268507922 9.701546268507922 0
1 138.0 260.0 6.61381130665215 3.2221886971436127 -44.4
0 401.5 325.4 4.623851208678784 4.623851208678784 0
0 500.6 724.8 6.802940540677932 6.802940540677932 0
0 577.6 559.1 4.940647730814237 4.940647730814237 0
0 520.9 616.8 2.3537204591880307 2.3537204591880307 0
0 562.9 714.2 2.209072203437491 2.209072203437491 0
0 482.9 676.6 1.8248287590894696 1.8248287590894696 0
0 203.4 157.0 1.6999999999999886 1.6999999999999886 0
0 49.4 692.2 3.6878177829171466 3.6878177829171466 0
0 195.4 749.5 3.2557641192199345 3.2557641192199345 0
0 751.0 402.8 5.360037313302915 5.360037313302915 0
0 727.8 349.3 3.551056180912935 3.551056180912935 0
0 812.4 557.1 5.283937925449194 5.283937925449194 0
0 963.0658436213992 621.1913580246915 3.433810549028487 3.433810549028487 0
0 638.9 213.7 7.000000000000028 7.000000000000028 0
0 631.1 165.0 4.016217125604601 4.016217125604601 0
0 345.4 52.5 4.049691346263347 4.049691346263347 0
0 897.165991902834 11.732793522267214 5.812572475854758 5.812572475854758 0
0 5.4 390.0 3.992492955535425 3.992492955535425 0
1 799.0 246.0 4.785916840063119 3.309456148674572 -59.5
1 744.0 29.0 9.454760705591664 4.957822102496208 43.2
1 7.0 740.0 15.408844862610543 7.338426261808453 -63.9
