0 97.75 36.125 8.00390529679106 8.00390529679106 0
0 94.875 46.75 6.778873431478124 6.778873431478124 0
0 151.25 35.0 4.78441480225116 4.78441480225116 0
0 164.25 150.125 3.659320292076112 3.659320292076112 0
0 164.375 167.0 4.00780488547035 4.00780488547035 0
1 20.0 289.0 7.0644355754723955 4.074501503251655 15.1
1 28.0 135.0 11.82439876907067 10.356534772789594 23.6
0 312.5 44.875 4.6097722286464435 4.6097722286464435 0
0 339.75 284.125 6.643841132959156 6.643841132959156 0
1 242.0 387.0 5.273755777432247 2.684591449364316 6.8
0 460.625 235.375 6.6013729632554465 6.6013729632554465 0
0 461.125 223.5 3.5200319600821808 3.5200319600821808 0
0 393.0 273.375 3.8017265814363874 3.8017265814363874 0
0 475.125 5.5 3.760402239122831 3.760402239122831 0
1 381.0 189.0 4.747120837939561 3.555365663331973 10.1
1 447.0 319.0 7.442487823302098 6.6673176765472935 -60.3
0 468.0 714.75 3.7291084725440746 3.7291084725440746 0
0 494.375 532.375 3.6933216756735394 3.6933216756735394 0
1 412.0 628.0 7.738903346082053 6.241243866409964 31.8
0 399.25 468.875 4.138236339311712 4.138236339311712 0
0 566.625 314.5 3.2137400330456103 3.2137400330456103 0
1 654.0 254.0 7.908164293943317 7.397476343321417 15.4
1 762.0 19.0 6.838539683294965 3.5189220650648116 19.7
0 740.875 119.875 4.759858191164943 4.759858191164943 0
0 988.0 290.625 6.62971530308806 6.62971530308806 0
0 956.25 402.125 8.163370933627847 8.163370933627847 0
0 844.125 367.25 3.4573291714848327 3.4573291714848327 0
0 1002.625 537.625 3.3095505737184316 3.3095505737184316 0
1 849.0 657.0 14.080127840328723 7.29538595620547 -74.9
1 1001.0 426.0 3.830898230180489 2.6287176056016364 28.4
