0 69.0 168.75 5.755432216610669 5.755432216610669 0
0 105.25 461.0 4.638493828819868 4.638493828819868 0
1 14.0 684.0 4.501735776342277 5.126524163602469 1.6
0 162.75 761.75 3.8017265814363874 3.8017265814363874 0
0 286.125 674.625 6.452954749570154 6.452954749570154 0
1 319.0 740.0 4.964325860577647 5.672369985288336 15.3
0 306.0 468.25 4.638493828819868 4.638493828819868 0
0 220.5 200.75 8.311325104939645 8.311325104939645 0
0 384.5 649.0 6.033759193073585 6.033759193073585 0
0 482.75 292.375 4.731873307686925 4.731873307686925 0
0 474.0 306.5 3.6443449342783127 3.6443449342783127 0
1 444.0 227.0 15.20690632574555 9.965761699438733 -47.1
0 617.375 208.75 7.48853290037508 7.48853290037508 0
1 535.0 757.0 2.9712160810011783 5.078293266442969 -14.6
0 620.125 673.625 3.1868871959954905 3.1868871959954905 0
0 746.25 703.625 3.395769426801531 3.395769426801531 0
1 741.0 551.0 3.138097552658298 6.162512677471747 51.4
0 650.625 456.625 3.7291084725440746 3.7291084725440746 0
0 705.5 284.75 4.527692569068709 4.527692569068709 0
0 755.0 254.0 6.4347688381168755 6.4347688381168755 0
0 735.0 119.0 4.7909419741842 4.7909419741842 0
0 701.5 134.0 4.0945848385398 4.0945848385398 0
1 887.0 106.0 6.951281356699641 9.690725269555422 88.5
0 854.625 220.0 5.380810812507721 5.380810812507721 0
1 834.0 464.0 9.490332251823432 11.031559839841327 -6.0
0 830.25 506.625 3.877015604817706 3.877015604817706 0
0 924.25 735.625 7.336765295414595 7.336765295414595 0
0 1002.0 710.0 6.558629811172453 6.558629811172453 0
0 962.375 629.0 5.939802185258361 5.939802185258361 0
0 969.875 512.5 5.020271407005801 5.020271407005801 0
1 948.0 302.0 4.584280205223062 5.630899683887114 11.0
