0 464.014652014652 205.79487179487177 8.368981435015273 8.368981435015273 0
0 139.1062271062271 240.2271062271062 3.4750303957894335 3.4750303957894335 0
0 44.23443223443223 210.55677655677653 3.4750303957894313 3.4750303957894313 0
0 448.996336996337 257.8095238095238 2.6667069191503967 2.6667069191503967 0
0 520.4249084249085 316.7838827838828 5.906415932819405 5.906415932819405 0
0 433.97802197802196 477.5897435897436 2.316686930526295 2.316686930526295 0
0 312.0 525.5750915750915 4.426024166151864 4.426024166151864 0
0 351.19413919413915 565.8681318681319 3.3771225118289045 3.3771225118289045 0
0 214.1978021978022 670.9963369963369 12.992049707668983 12.992049707668983 0
0 728.4835164835165 613.1208791208791 10.723282907182785 10.723282907182785 0
0 659.985347985348 407.2600732600733 11.566046449704682 11.566046449704682 0
0 991.1208791208792 129.2380952380952 2.316686930526286 2.316686930526286 0
0 942.0366300366301 243.5238095238095 3.3771225118289045 3.3771225118289045 0
0 918.959706959707 536.9304029304029 6.813580673164193 6.813580673164193 0
0 994.7838827838829 748.6520146520146 3.663003663003633 3.663003663003633 0
1 402.0 115.0 10.81206750413586 6.0550458808851655 88.1
1 440.0 319.0 13.667716635022451 9.179460868968247 58.8
1 536.0 417.0 5.68651087775096 4.132056473508628 75.1
1 471.0 517.0 8.615848707940705 5.323971374999517 3.9
1 449.0 738.0 7.703201774656814 2.2356328966545242 -60.9
1 752.0 647.0 12.779893790783541 10.159471244218828 26.4
