0 809.2095671981776 221.1845102505695 6.641175278867101 6.641175278867101 0
0 1015.5 155.9 6.931810730249348 6.931810730249348 0
0 995.6 284.2 5.923681287847929 5.923681287847929 0
0 399.9 362.0 5.920304046246279 5.920304046246279 0
0 602.7 497.7 8.905054744357267 8.905054744357267 0
0 447.1 654.1 10.462313319720433 10.462313319720433 0
0 232.5 643.5 4.148493702538307 4.148493702538307 0
0 193.4 621.2 2.823118842698535 2.823118842698535 0
1 750.0 730.0 7.94134749271179 6.861668893206644 21.1
1 118.0 212.0 4.9040799340956855 4.100304866714182 -51.5
1 402.0 242.0 4.751841748206695 2.704163456597981 -81.5
1 542.0 44.0 5.102205405508465 3.7047267105685275 -23.4
1 589.0 152.0 13.721698145637811 6.174544517614234 -58.1
1 909.0 53.0 9.25661925326952 6.503076195155644 -87.8
1 968.0 622.0 4.925444142409934 4.110048661512425 -9.8
1 948.0 705.0 6.044005294504583 5.522001448750276 73.7
1 891.0 645.0 7.567198953377687 5.5158861482086285 -76.3
1 91.0 153.0 3.52029828281639 3.214031735997635 81.1
