0 322.76621787025704 417.3537331701346 8.608054331709782 8.608054331709782 0
0 478.03206412825654 370.32264529058114 3.989184215910699 3.989184215910699 0
0 414.4 425.1 3.2310988842807196 3.2310988842807196 0
0 350.2 303.1 4.701063709417236 4.701063709417236 0
0 223.7 321.8 1.8000000000000114 1.8000000000000114 0
0 133.2 549.4 3.5693136595149526 3.5693136595149526 0
0 104.4 572.0 1.8357559750685977 1.8357559750685977 0
0 402.9 653.5 3.2649655434628815 3.2649655434628815 0
0 371.7 570.5 2.1189620100417055 2.1189620100417055 0
0 967.0742574257426 513.0841584158416 10.882647493554725 10.882647493554725 0
0 89.63585434173669 327.4173669467787 5.447801215343586 5.447801215343586 0
0 366.4 754.0 5.903388857258145 5.903388857258145 0
0 760.8 357.1 3.046309242345539 3.046309242345539 0
0 925.4117647058823 192.47058823529412 4.764342760309804 4.764342760309804 0
0 706.4530046224962 78.27426810477658 4.617357184521294 4.617357184521294 0
0 1018.1940700808625 292.1536388140161 5.184739639264537 5.184739639264537 0
0 1001.6172506738544 203.07008086253364 3.859250960451893 3.859250960451893 0
1 48.0 275.0 11.61194624017192 7.45257479214457 44.7
1 222.0 170.0 7.177617027127529 3.15314397647624 39.7
1 319.0 240.0 2.554407954888966 1.665082580534677 49.4
1 549.0 713.0 7.969002446981726 4.809365862564374 3.6
1 967.0 546.0 7.274919086199889 3.6855742280332606 58.8
