0 220.30303030303028 277.8787878787879 12.629494535863461 12.629494535863461 0
0 7.2727272727272725 323.93939393939394 5.160420110886787 5.160420110886787 0
0 89.09090909090908 336.96969696969694 5.079713519466722 5.079713519466722 0
0 176.06060606060603 384.5454545454545 4.97006650510808 4.97006650510808 0
0 13.03030303030303 132.12121212121212 4.504869317369249 4.504869317369249 0
0 828.1818181818181 651.8181818181818 10.303030303030342 10.303030303030342 0
1 398.0 37.0 8.298450906294025 7.763587903112502 30.2
1 334.0 321.0 9.603126567712227 7.503070724226988 22.9
1 200.0 556.0 13.99922910477337 9.865841463383214 87.9
1 198.0 738.0 11.396578069341567 10.019113367644865 -2.4
1 708.0 272.0 12.13073748566352 7.863630740731035 14.8
1 746.0 295.0 11.604962677657916 9.01182340155117 37.6
1 767.0 494.0 9.126629589545674 7.51208255109452 46.2
1 676.0 492.0 7.395724842735543 5.333673049789473 79.9
1 749.0 569.0 6.48310214484323 7.491140475126657 -62.2
1 93.0 262.0 8.405355435673146 9.862682190966101 89.2
