0 188.1 39.1 7.280109889280519 7.280109889280519 0
0 202.3 140.9 5.66127194188725 5.66127194188725 0
0 172.6 127.4 3.966106403010383 3.966106403010383 0
0 294.5 248.3 10.245974819410806 10.245974819410806 0
0 482.3 204.9 3.2449961479175715 3.2449961479175715 0
0 447.9 186.2 9.948869282486347 9.948869282486347 0
0 791.7 569.6 9.300537618869138 9.300537618869138 0
0 238.0 426.2 4.6957427527495454 4.6957427527495454 0
0 229.1 384.4 3.0805843601498766 3.0805843601498766 0
0 110.3 376.7 4.201190307520015 4.201190307520015 0
0 407.8 462.2 4.167733196834944 4.167733196834944 0
0 464.6 699.7 5.980802621722175 5.980802621722175 0
0 75.3 639.4 4.22018956920182 4.22018956920182 0
0 87.7 642.4 3.679673898594822 3.679673898594822 0
0 594.6409495548961 498.07121661721067 2.3223257926555485 2.3223257926555485 0
1 27.0 612.0 15.128360253200487 10.340648545699588 -42.3
1 471.0 54.0 10.581233387464804 8.609587678861278 -11.1
1 496.0 177.0 3.8003289331319814 2.884441020371193 57.2
1 592.0 228.0 3.4928498393145895 2.863564212655235 -66.3
1 424.0 264.0 5.312720583655783 4.080441152620622 -35.8
1 686.0 257.0 34.822155303771744 6.638712224520649 -16.3
1 808.0 229.0 11.28372722109146 10.61001885012461 -37.6
1 794.0 453.0 8.58559840663423 5.103920062069948 34.7
1 562.0 570.0 10.957303500405564 6.7994485070481945 -63.4
1 312.0 601.0 11.25877435603005 9.749358953285109 -11.4
1 496.0 676.0 5.46465918424926 3.883297567789527 57.0
1 657.0 731.0 8.251636575421848 7.354346997054633 -27.6
1 965.0 107.0 11.432956747928356 5.464430436925701 -54.6
