0 480.4853387259858 118.6814964610718 3.7288349675603136 3.7288349675603136 0
0 430.6666666666667 309.64102564102564 5.1404980866222045 5.1404980866222045 0
0 533.6557059961316 328.5841392649903 3.0582956094471254 3.0582956094471254 0
0 717.0 488.8 4.110960958218875 4.110960958218875 0
0 636.6 362.9 2.061552812808855 2.061552812808855 0
0 562.2331002331002 309.05827505827506 4.169823734265355 4.169823734265355 0
0 436.1 659.1 4.518849411078013 4.518849411078013 0
0 433.3 636.5 3.2649655434628815 3.2649655434628815 0
0 209.5289079229122 532.2269807280514 3.8972751013278875 3.8972751013278875 0
0 376.1 543.3 2.126029162546964 2.126029162546964 0
0 8.335078534031451 37.66492146596861 3.664921465968586 3.664921465968586 0
0 836.8972746331236 32.075471698113205 4.04889054839162 4.04889054839162 0
1 39.0 490.0 10.866462165764903 6.625896165802793 7.0
1 306.0 284.0 8.454732402625186 2.6767517628648285 25.9
1 398.0 211.0 11.805555555555543 6.263873490988711 -3.8
1 373.0 123.0 4.8231213959426755 3.1016124838541703 -70.6
1 563.0 196.0 8.009582930492003 3.718620920548079 -28.6
1 599.0 65.0 7.859973579920744 6.1458635743477315 90.0
1 782.0 19.0 7.669745758498165 5.089449872039223 33.3
1 789.0 55.0 6.758143236126331 3.9777506206397826 74.1
1 228.0 686.0 2.821790211904503 1.600781059358218 -82.9
0 35.0 648.3 3.7643060449437993 3.7643060449437993 0
