0 607.5 253.7 5.412947441089731 5.412947441089731 0
0 493.8 99.9 3.9623225512317934 3.9623225512317934 0
0 611.6 187.6 3.0594117081556753 3.0594117081556753 0
0 606.9 194.0 2.899999999999996 2.899999999999996 0
0 590.5 264.0 3.436568055487894 3.436568055487894 0
0 532.9 448.7 4.743416490252511 4.743416490252511 0
0 552.5 513.5 4.272001872658765 4.272001872658765 0
0 575.6 524.6 2.3537204591880307 2.3537204591880307 0
0 276.7 711.3 5.021951811795859 5.021951811795859 0
0 104.2 625.0 3.036445290137771 3.036445290137771 0
0 103.2 693.1 3.6687872655688265 3.6687872655688265 0
0 974.8987854251011 566.8947368421052 7.523314143379827 7.523314143379827 0
0 232.2 173.2 3.0528675044947566 3.0528675044947566 0
0 75.7 58.9 4.34165866921848 4.34165866921848 0
0 31.7 33.1 3.1144823004794886 3.1144823004794886 0
0 896.6 242.3 2.7784887978899544 2.7784887978899544 0
0 885.4 314.7 3.106444913401775 3.106444913401775 0
0 842.6 32.8 4.244997055358229 4.244997055358229 0
0 254.5 124.4 11.761377470347597 11.761377470347597 0
1 544.0 311.0 8.942175350550885 4.398295124249817 -75.5
1 628.0 353.0 11.838602113425374 9.821023368264637 21.2
1 611.0 341.0 4.430011286667311 2.79508497187473 51.4
1 245.0 300.0 8.557160744078596 4.935838327984418 47.0
1 196.0 663.0 10.117806086301503 5.600223209837289 48.3
1 961.0 466.0 9.679101197941874 7.267220926874285 74.6
1 548.0 704.0 8.180006112467108 6.269968101992204 15.2
1 981.0 715.0 7.305648499620007 5.482928049865318 6.3
