0 335.1732776617954 102.92275574112735 4.678692031527166 4.678692031527166 0
0 33.18997912317328 741.3361169102296 6.201858362218355 6.201858362218355 0
0 378.0751565762004 587.5782881002087 5.114822546972846 5.114822546972846 0
0 414.60960334029227 300.1043841336117 11.072593408080273 11.072593408080273 0
0 682.7724425887264 395.5114822546973 8.862206796154986 8.862206796154986 0
0 648.6388308977035 483.7160751565762 4.1779741328161855 4.1779741328161855 0
0 622.3340292275574 593.7369519832986 3.3662871600410638 3.3662871600410638 0
0 823.8997912317327 49.68684759916493 5.424963031393017 5.424963031393017 0
0 877.5532359081419 253.02713987473905 3.9610993655553632 3.9610993655553632 0
0 958.3465553235908 43.42379958246347 2.524715370030861 2.524715370030861 0
0 1013.356993736952 234.8643006263048 8.270096082579222 8.270096082579222 0
1 47.0 677.0 10.321896675851972 7.923745884475998 -61.2
1 316.0 701.0 5.158836656848236 4.341677315884225 -9.7
1 418.0 497.0 11.104529159689926 6.067313736037822 5.7
1 406.0 485.0 2.6515419198080417 1.7231288120270507 54.0
1 504.0 456.0 6.436786469027515 3.103563412801361 -48.5
1 638.0 34.0 5.69491746532543 4.842343843316577 7.4
1 620.0 56.0 4.283566707449501 2.770115764032488 44.3
1 594.0 483.0 4.758932066828762 4.108613069732351 -66.9
1 641.0 666.0 9.579057299392133 2.9213574048343127 41.9
1 894.0 554.0 8.577619700706764 2.964399127591427 43.8
1 760.0 157.0 6.534855283474299 5.877577572669027 -40.9
1 759.0 77.0 8.80794284331064 5.167278203352323 84.6
1 1019.0 251.0 4.436325678496878 3.036573738578038 -24.4
1 987.0 480.0 4.4586812388670936 3.4639965565856596 -64.0
