0 386.8 288.2 5.6603886792339715 5.6603886792339715 0
0 492.4 473.2 9.679876032264074 9.679876032264074 0
0 428.8 414.5 3.1780497164141246 3.1780497164141246 0
0 662.7 405.8 2.8792360097775296 2.8792360097775296 0
0 653.0 352.9 3.7589892258424658 3.7589892258424658 0
0 356.7 574.7 11.289818421923309 11.289818421923309 0
0 255.8 642.1 5.069516742254612 5.069516742254612 0
0 527.0 735.3 5.345091205957136 5.345091205957136 0
0 725.8 697.0 11.329607230614858 11.329607230614858 0
0 828.6 322.8 3.66742416417847 3.66742416417847 0
0 899.1 448.3 5.531726674375708 5.531726674375708 0
0 873.5 477.0 3.546829570193602 3.546829570193602 0
0 1003.3 514.7 2.594224354214598 2.594224354214598 0
1 622.0 441.0 8.843359090300472 6.828067076413338 -43.0
1 739.0 370.0 8.384658609627456 7.169553682064179 -78.0
1 758.0 209.0 5.527431591616491 4.627094120503719 6.2
1 626.0 264.0 5.211765535785362 3.601735692690399 -81.2
1 510.0 136.0 6.6562001171839915 4.564263357870569 -47.7
1 477.0 75.0 9.228488500290814 7.3527205849263595 16.0
0 461.5 52.2 5.239274758971902 5.239274758971902 0
1 553.0 31.0 12.286679779338264 10.532093808925161 34.7
1 336.0 32.0 4.286315434029553 2.4253865671269788 14.3
0 178.0 86.6 3.5510561809129437 3.5510561809129437 0
1 133.0 134.0 9.89949493661167 6.781224078291471 82.7
1 64.0 124.0 6.172924752497801 5.180009652500659 35.8
1 192.0 482.0 17.340126873814967 6.789698078707198 -7.6
1 354.0 438.0 7.641007786934909 5.360037313302938 -34.8
0 151.4 752.8 4.850773134253951 4.850773134253951 0
1 517.0 565.0 6.415800807381706 1.5652475842498528 22.2
1 746.0 657.0 5.8137767414994865 4.16203075433133 49.9
1 739.0 468.0 5.466488818245227 1.5500000000000114 81.1
1 919.0 558.0 7.672190039356445 6.300991985394047 82.1
1 974.0 456.0 4.944188507733125 2.5059928172283183 -61.6
1 978.0 419.0 13.293607486307062 8.805254113312092 -44.7
0 932.3 79.5 3.3837848631377674 3.3837848631377674 0
0 962.5 17.6 5.724508712544704 5.724508712544704 0
0 1004.5 73.7 2.846049894151582 2.846049894151582 0
