0 331.8 51.3 7.615773105863887 7.615773105863887 0
0 126.3 103.1 2.3600847442411856 2.3600847442411856 0
1 117.0 116.0 5.240467536394061 3.3767588009806078 19.0
1 34.0 577.0 5.024046993504312 2.6004807247891346 1.1
1 26.0 732.0 11.19732110819368 3.9322385482063544 73.4
1 127.0 692.0 13.189389675038035 4.405961870012039 -50.4
1 224.0 324.0 3.7165171868296083 3.112073263919082 70.1
1 248.0 433.0 3.7553295461250795 2.551960031034967 -86.9
1 379.0 471.0 11.44825314185531 9.860020283954787 -33.8
0 400.3 489.7 4.04598566482877 4.04598566482877 0
0 416.9 583.8 3.8948684188301295 3.8948684188301295 0
1 455.0 570.0 2.8376927247325465 1.8384776310850088 75.7
0 399.5 376.8 2.5806975801127603 2.5806975801127603 0
0 407.3 206.7 9.372299611087977 9.372299611087977 0
0 215.3 590.4 3.0479501308256856 3.0479501308256856 0
1 594.0 414.0 7.951414968419161 5.6502212346066365 -88.9
1 682.0 455.0 11.643131022195051 8.840955830678045 -54.3
1 782.0 95.0 3.924601890638048 3.1184932259025437 42.5
0 825.6 366.1 6.053924347066048 6.053924347066048 0
1 789.0 658.0 2.6537709019431195 1.8439088914585529 -43.7
0 888.2 660.7 3.2249030993193353 3.2249030993193353 0
0 919.3 663.3 3.6235341863987838 3.6235341863987838 0
0 926.4 556.7 2.8231188426986065 2.8231188426986065 0
0 951.5 502.9 4.254409477236527 4.254409477236527 0
0 882.4 346.9 4.304648650006239 4.304648650006239 0
0 867.7 161.7 3.982461550347993 3.982461550347993 0
0 877.6 18.3 7.907591289387628 7.907591289387628 0
1 852.0 76.0 5.561025085359744 1.6401219466856758 -33.6
1 575.0 751.0 4.7010637094172525 4.151204644437541 -88.8
