0 91.48717948717949 125.94139194139193 2.953207966409727 2.953207966409727 0
0 395.5164835164835 196.6373626373626 10.995114300222422 10.995114300222422 0
0 414.19780219780216 171.36263736263732 8.000120757451139 8.000120757451139 0
0 559.2527472527473 270.6300366300366 6.724380861057109 6.724380861057109 0
0 43.5018315018315 240.59340659340657 3.3771225118288783 3.3771225118288783 0
0 230.3150183150183 477.5897435897436 4.914435115384149 4.914435115384149 0
0 20.424908424908423 533.9999999999999 5.962937947289361 5.962937947289361 0
0 424.8205128205128 532.9010989010989 3.3771225118288553 3.3771225118288553 0
0 642.7692307692308 504.3296703296703 5.101973727906251 5.101973727906251 0
0 839.1062271062272 503.5970695970696 5.686510877750876 5.686510877750876 0
0 765.8461538461539 397.003663003663 3.945175682882412 3.945175682882412 0
1 499.0 14.0 8.44280627957224 5.84073945754652 43.1
1 580.0 95.0 7.291585801243366 6.229799029924916 -64.8
1 362.0 191.0 9.268557457054944 2.4911118147867053 31.1
1 362.0 222.0 13.848140253271731 10.490845048805644 -71.3
1 314.0 317.0 6.229799029924893 5.131474624953093 -28.4
1 481.0 388.0 13.191899710893127 10.72328290718275 -4.1
1 166.0 482.0 3.953669074161712 2.666706919150377 14.2
1 94.0 746.0 4.59338322490271 4.184490717507643 66.6
1 602.0 295.0 12.578831379994737 9.28482919826855 -15.7
1 783.0 284.0 5.863666884096049 4.132056473508607 -12.8
1 652.0 160.0 4.8074742668156345 2.860897317181902 49.8
1 738.0 52.0 7.291585801243368 3.129671701581507 24.5
1 970.0 16.0 4.310843331846066 3.0316749738547277 -16.4
