0 103.875 37.25 6.635604719993498 6.635604719993498 0
0 26.375 63.0 7.276889788913942 7.276889788913942 0
1 139.0 308.0 11.324924116743563 7.476264525148906 19.8
1 75.0 419.0 3.955316833074185 8.312734959085367 80.8
0 15.25 486.375 9.414085191881366 9.414085191881366 0
1 76.0 672.0 13.003905663299777 10.112067357865056 5.7
0 54.75 739.25 5.5 5.5 0
0 219.375 29.75 3.087272258807117 3.087272258807117 0
0 227.25 89.0 2.875 2.875 0
0 269.875 220.75 4.0945848385398 4.0945848385398 0
0 234.125 488.875 4.667038675648618 4.667038675648618 0
1 291.0 477.0 5.793652237578642 9.907580746579864 -40.0
1 274.0 671.0 18.47179014741127 15.235777179061133 -11.2
1 297.0 104.0 2.2946949688357274 3.7102055199139574 -57.8
1 483.0 713.0 8.685926116425351 9.621143708000623 32.9
1 419.0 376.0 5.524448501886862 3.4397719764542534 -68.0
1 475.0 297.0 8.280247580839598 9.487038855723107 30.6
0 435.0 295.875 7.899762654662481 7.899762654662481 0
0 566.625 75.5 5.149332481011495 5.149332481011495 0
0 604.25 139.875 7.0400639201643616 7.0400639201643616 0
0 578.5 216.25 5.89093583397409 5.89093583397409 0
0 566.25 716.125 3.893102875599359 3.893102875599359 0
1 577.0 557.0 2.824280881923751 3.605551275463989 -59.7
0 540.25 373.25 2.7300412084801944 2.7300412084801944 0
0 646.0 152.375 3.2137400330456103 3.2137400330456103 0
0 755.25 182.25 5.512769267799986 5.512769267799986 0
0 758.5 242.375 7.634215742301235 7.634215742301235 0
0 699.25 304.875 4.651948516482099 4.651948516482099 0
1 783.0 215.0 4.412783277025963 3.553717243957375 -34.9
1 775.0 232.0 3.2596012026013246 5.17845597161934 -60.0
1 811.0 210.0 13.175053368013353 8.386419453497423 32.4
0 821.875 71.5 6.187184335382291 6.187184335382291 0
0 761.375 473.25 5.512769267799986 5.512769267799986 0
0 872.3120759837177 596.472184531886 10.831895745599436 10.831895745599436 0
0 1004.7408412483039 725.6445047489824 5.713298038379096 5.713298038379096 0
0 990.76526458616 377.7476255088195 5.890988696361607 5.890988696361607 0
0 825.6251541307028 113.81011097410605 3.7501618559176157 3.7501618559176157 0
0 827.5980271270037 313.31689272503087 2.6156847639453256 2.6156847639453256 0
