0 279.5 267.9 8.683317338436929 8.683317338436929 0
0 278.5 114.0 5.46717477313466 5.46717477313466 0
0 709.7 583.2 4.726520919238634 4.726520919238634 0
0 969.06340378198 577.7530589543937 11.902633236391962 11.902633236391962 0
0 712.6 687.2 10.309219175087977 10.309219175087977 0
0 457.5 542.0 4.368065933568351 4.368065933568351 0
0 579.8 520.6 3.4132096331751858 3.4132096331751858 0
0 191.6 617.8 4.254409477236467 4.254409477236467 0
0 117.3 474.1 3.3301651610693446 3.3301651610693446 0
0 715.5 56.8 3.6069377593742824 3.6069377593742824 0
0 407.9 67.9 2.973213749463703 2.973213749463703 0
0 501.1 705.5 2.308679276123096 2.308679276123096 0
1 264.0 364.0 10.831089511217222 8.069231685854595 57.0
1 215.0 200.0 6.841052550594825 4.360332556124583 51.2
0 966.8 733.8 4.24381903478464 4.24381903478464 0
1 472.0 329.0 3.84610192272643 2.247220505424422 -17.1
1 494.0 329.0 3.4205262752974264 2.3345235059857625 74.8
1 373.0 24.0 4.457016939613318 3.693913913452771 -48.2
0 252.9 552.5 2.5019992006393617 2.5019992006393617 0
