0 29.5 37.0 9.194087774216646 9.194087774216646 0
0 85.125 435.75 9.255066180206384 9.255066180206384 0
0 149.625 432.625 6.596637400979381 6.596637400979381 0
0 49.5 407.625 5.852349955359813 5.852349955359813 0
1 79.0 450.0 9.95007066557821 7.281451177478291 -56.5
1 109.0 522.0 11.288994917617776 9.180694758568112 11.4
1 204.0 457.0 10.17656621852381 8.20180048830743 29.6
0 218.125 298.5 2.9261749776799064 2.9261749776799064 0
0 285.0 587.625 4.543195461346562 4.543195461346562 0
0 308.25 662.25 2.8531780526283317 2.8531780526283317 0
1 233.0 488.0 5.124237748192408 3.0777680630612827 -60.1
0 336.375 684.875 2.4906073556464094 2.4906073556464094 0
0 450.125 494.25 8.024376922852017 8.024376922852017 0
0 393.375 529.125 12.392664160704106 12.392664160704106 0
0 379.25 225.375 11.142542349033276 11.142542349033276 0
0 480.625 233.75 3.005203820042827 3.005203820042827 0
0 616.25 52.875 5.25594901040716 5.25594901040716 0
0 556.125 374.0 6.0117073282055244 6.0117073282055244 0
0 502.125 465.875 6.156805178012376 6.156805178012376 0
0 570.125 647.5 3.020761493398643 3.020761493398643 0
0 735.125 206.625 3.502231431530475 3.502231431530475 0
0 659.375 308.25 2.5124689052802225 2.5124689052802225 0
1 668.0 471.0 10.525267217510441 7.1842383903932365 55.8
0 779.25 559.0 3.5355339059327378 3.5355339059327378 0
1 788.0 447.0 2.2577989835235552 6.440230003656701 88.3
0 853.75 538.0 2.752839443193155 2.752839443193155 0
0 875.75 82.25 7.0710678118654755 7.0710678118654755 0
0 875.5 44.25 2.62797450520358 2.62797450520358 0
0 989.25 546.375 16.62077013859466 16.62077013859466 0
1 1013.0 471.0 8.869056108177466 6.7528928986027905 29.6
