0 214.9859943977591 393.80392156862746 7.230201400078575 7.230201400078575 0
0 96.5 226.3 4.860041152089138 4.860041152089138 0
0 355.5 521.6 3.138470965295045 3.138470965295045 0
0 410.0 86.8 3.4438350715445334 3.4438350715445334 0
0 568.5 133.3 3.7589892258424524 3.7589892258424524 0
1 386.0 613.0 11.505324854170782 9.782893232576964 -67.9
1 249.0 408.0 9.264178322981486 8.417244204607593 81.0
0 392.2 387.2 3.623534186398704 3.623534186398704 0
0 232.3 628.6 2.780287754891518 2.780287754891518 0
1 28.0 580.0 8.487932610477042 4.525483399593936 43.9
0 576.7 632.4 3.9698866482558564 3.9698866482558564 0
0 495.3 526.0 2.4839484696748046 2.4839484696748046 0
1 416.0 505.0 4.193447269252355 1.8062391868188326 -50.0
1 681.0 548.0 7.272723011362389 5.268064160581182 -42.0
1 788.0 625.0 11.612170339777137 6.296824596572463 29.5
1 636.0 298.0 11.54177196101186 8.925945328087124 -64.9
1 844.0 245.0 5.013232490120498 2.5238858928248185 -37.9
0 966.4 371.8 4.951767361255938 4.951767361255938 0
0 1017.8 14.3 8.237718130647588 8.237718130647588 0
