0 316.89106487148103 95.32190942472458 4.297931423764864 4.297931423764864 0
0 560.471615720524 74.55676855895197 3.0332847138536607 3.0332847138536607 0
0 550.3 150.5 4.527692569068748 4.527692569068748 0
0 573.5 192.6 6.48459713474939 6.48459713474939 0
0 772.1 114.7 7.638062581571293 7.638062581571293 0
0 828.6101694915254 219.83050847457625 11.191575606250295 11.191575606250295 0
0 551.9607843137254 311.03081232492997 10.212571694192857 10.212571694192857 0
0 679.723991507431 390.10403397027596 3.7079085343042264 3.7079085343042264 0
0 869.3 447.7 5.385164807134559 5.385164807134559 0
0 808.8 414.2 3.324154027719004 3.324154027719004 0
0 376.02131438721136 626.8063943161634 10.874051769104083 10.874051769104083 0
0 830.2228412256268 666.1559888579387 8.536820568647398 8.536820568647398 0
0 213.79310344827587 178.06896551724137 3.127112841035769 3.127112841035769 0
0 61.08180300500837 740.7345575959934 5.096606852244965 5.096606852244965 0
1 85.0 723.0 11.764900133638047 4.860186418109184 36.9
1 183.0 181.0 11.913076738605886 9.915217680306496 49.1
1 225.0 264.0 8.248787789730088 3.1256999216175516 79.8
1 372.0 302.0 10.89690322981719 5.750217387195026 -83.9
1 940.0 131.0 9.041702987284962 4.500893102102861 -85.8
1 878.0 385.0 8.479489905710913 6.484697228730889 1.0
1 567.0 25.0 11.080757299781396 6.862075265822623 50.6
