0 188.9 488.2 7.576938695805859 7.576938695805859 0
0 112.3 511.2 5.442425929675132 5.442425929675132 0
0 35.6 410.9 5.556977595779926 5.556977595779926 0
0 71.4 410.5 2.640075756488826 2.640075756488826 0
0 10.7 662.0 12.465151423067415 12.465151423067415 0
0 54.1 730.8 3.8910152916687637 3.8910152916687637 0
0 332.3 731.6 4.365775990588583 4.365775990588583 0
0 899.4 625.7 9.484724561103521 9.484724561103521 0
0 880.3 604.1 4.887739763940013 4.887739763940013 0
0 359.8 12.5 7.961155694998048 7.961155694998048 0
0 552.7 107.3 5.186520991955941 5.186520991955941 0
0 537.9 5.8 5.348831648126533 5.348831648126533 0
1 521.0 124.0 11.057124400132247 8.105862076300099 -66.9
1 672.0 108.0 12.49009607649197 7.919911615668413 85.4
1 332.0 538.0 9.315846714067376 5.825804665451833 50.9
1 761.0 546.0 11.546536277169855 9.698066817670373 -74.9
1 754.0 362.0 10.166857921698314 4.981214711292863 -68.4
1 806.0 301.0 10.502975768800002 6.562202374203344 51.1
1 929.0 459.0 6.03841866716778 4.205948168962608 28.3
1 941.0 410.0 3.8029593739612966 2.850438562747868 87.7
1 841.0 33.0 8.001406126425529 5.950210080324896 -0.5
