0 113.625 48.25 5.4112152054783405 5.4112152054783405 0
0 146.125 36.25 3.75 3.75 0
0 40.25 262.5 6.4055639876594785 6.4055639876594785 0
0 195.875 308.375 4.5155979670471105 4.5155979670471105 0
0 137.0 575.25 3.439204123049401 3.439204123049401 0
0 181.0 649.875 5.630552814777604 5.630552814777604 0
1 67.0 161.0 3.365728004459065 4.783598279538113 63.5
1 289.0 174.0 12.94821416257856 12.188781983857124 -10.7
0 323.875 246.75 3.875 3.875 0
0 256.125 642.75 5.138701197773616 5.138701197773616 0
1 232.0 597.0 5.7135392927676625 2.352691278089839 -19.4
1 234.0 663.0 12.465577603945997 14.340992381979706 -80.6
0 268.625 112.125 3.952847075210474 3.952847075210474 0
0 339.125 417.0 12.281210241665924 12.281210241665924 0
1 332.0 443.0 6.8356830309779575 2.6904054062538605 2.7
1 326.0 496.0 14.438717481133843 8.669270442199851 38.9
0 320.625 687.25 3.475359693614461 3.475359693614461 0
1 427.0 173.0 9.203642281727381 10.555285998020139 73.4
0 432.25 185.125 6.058310408026317 6.058310408026317 0
0 425.75 40.125 3.528898553373276 3.528898553373276 0
0 494.875 228.25 5.491470659122199 5.491470659122199 0
0 421.0 718.375 2.5310570914145734 2.5310570914145734 0
0 509.25 630.0 3.164747225293041 3.164747225293041 0
0 660.5 764.0 5.7513585351636705 5.7513585351636705 0
0 745.375 338.125 4.924428900898052 4.924428900898052 0
0 780.625 126.0 4.00195264839553 4.00195264839553 0
1 748.0 147.0 4.817367668135784 2.537992563030869 43.1
0 793.125 401.5 6.063466417817452 6.063466417817452 0
0 856.5 418.375 5.63748614188984 5.63748614188984 0
1 855.0 514.0 9.896535062838913 7.77641667157824 23.8
0 821.375 279.125 3.8017265814363874 3.8017265814363874 0
0 897.625 269.25 2.75 2.75 0
1 1002.0 503.0 4.00195264839553 3.0650499588098072 88.2
0 955.625 605.875 2.775450413896815 2.775450413896815 0
0 1011.875 677.75 9.762812094883317 9.762812094883317 0
0 1004.625 45.5 5.0 5.0 0
0 878.125 449.75 3.074593469062211 3.074593469062211 0
