0 802.8 98.1 11.52562362737913 11.52562362737913 0
0 838.6 7.0 3.9962482405375974 3.9962482405375974 0
0 429.3 474.6 5.03289181286462 5.03289181286462 0
0 558.5 582.2 4.640043103248082 4.640043103248082 0
0 632.0 515.8 3.8948684188300877 3.8948684188300877 0
0 876.3 670.5 4.2011903075200685 4.2011903075200685 0
0 287.5 705.4 4.254409477236527 4.254409477236527 0
0 56.5 712.6 3.676955262170037 3.676955262170037 0
0 38.2 667.8 4.9648766349225975 4.9648766349225975 0
1 85.0 650.0 6.0749485594529915 2.0500000000000007 5.8
0 9.0 374.3 4.875448697299548 4.875448697299548 0
0 223.6 442.9 3.264965543462916 3.264965543462916 0
0 212.8 183.7 4.3278170016764745 4.3278170016764745 0
0 322.3 147.4 4.687216658103164 4.687216658103164 0
1 257.0 98.0 6.81780756548614 5.913543776789015 -70.4
1 217.0 34.0 5.2021630116712005 3.1945265689926554 72.1
0 231.1 699.6 3.764306044943732 3.764306044943732 0
0 359.2 592.0 2.507987240796901 2.507987240796901 0
0 460.3 597.6 3.1064449134017473 3.1064449134017473 0
1 679.0 617.0 12.539981063538 5.057307782489254 -77.2
1 625.0 257.0 12.693502274786116 7.270660217614392 -58.8
1 718.0 131.0 8.380124418601984 7.235885681241157 -51.5
1 581.0 16.0 6.379067329947228 2.154065922853802 68.9
1 833.0 37.0 12.842994199173335 4.936598018878971 -85.3
1 935.0 478.0 5.488624600025037 2.4129857024027435 -30.7
1 947.0 526.0 6.609841147864305 4.874679476642556 10.0
0 964.2 518.1 3.2015621187164243 3.2015621187164243 0
1 956.0 732.0 9.239274729699508 5.187830013301703 -9.9
1 990.0 702.0 8.67805519545185 5.4037595509007055 -76.7
