0 447.4 476.4 12.131364309095694 12.131364309095694 0
0 469.9 465.8 3.841874542459695 3.841874542459695 0
0 453.2 490.7 3.1064449134018264 3.1064449134018264 0
0 535.0 401.1 12.899612397277707 12.899612397277707 0
0 495.1 427.2 3.7121422386540717 3.7121422386540717 0
0 333.4 540.6 5.0960769224963895 5.0960769224963895 0
0 403.5 612.2 7.494664769020662 7.494664769020662 0
0 445.0 643.9 2.6400757564888058 2.6400757564888058 0
0 722.4 483.0 4.441846462902626 4.441846462902626 0
0 625.9 171.1 4.159326868617128 4.159326868617128 0
0 222.7 248.5 4.148493702538307 4.148493702538307 0
0 379.5 194.1 4.531004303683672 4.531004303683672 0
0 208.2 43.7 5.860034129593458 5.860034129593458 0
0 55.8 496.4 2.302172886644279 2.302172886644279 0
1 332.0 595.0 11.747872147755102 9.821023368264637 -18.9
1 569.0 660.0 3.653080891521607 3.1120732639190556 -62.4
1 623.0 751.0 13.033994015649979 6.388466169590319 -31.1
0 743.5 653.5 2.6832815729997477 2.6832815729997477 0
1 662.0 363.0 12.469663187111356 11.292475370794454 67.5
1 415.0 365.0 8.406098976338546 3.6235341863986856 49.9
1 526.0 322.0 3.5587919298548605 2.252221125911041 86.0
1 592.0 239.0 4.310452412450459 2.657536453183639 86.0
0 994.7 113.1 6.551335741663659 6.551335741663659 0
1 723.0 69.0 4.306390600026903 2.5932604959779777 -74.5
1 408.0 30.0 7.366478127300725 6.796506455525518 22.9
1 51.0 120.0 7.050177302735021 5.418717560456531 -89.6
1 114.0 172.0 6.568295060363844 2.1965882636488856 39.9
1 90.0 393.0 5.227332015474058 2.136000936329367 21.2
