0 473.1 51.8 5.909314681077644 5.909314681077644 0
0 593.8 27.8 3.744329045369829 3.744329045369829 0
0 567.4 290.3 3.1240998703626444 3.1240998703626444 0
0 647.7 346.6 8.547514258543224 8.547514258543224 0
0 758.7 334.6 8.140024569987474 8.140024569987474 0
0 828.5 428.7 4.664761515876258 4.664761515876258 0
0 905.3 417.4 2.561249694973154 2.561249694973154 0
0 882.1 426.2 2.8425340807103336 2.8425340807103336 0
0 302.7 254.1 4.500000000000028 4.500000000000028 0
0 287.9 270.0 4.25440947723658 4.25440947723658 0
0 97.5 381.4 2.5179356624028357 2.5179356624028357 0
0 150.7 490.7 7.516648189186489 7.516648189186489 0
0 37.5 470.1 4.527692569068684 4.527692569068684 0
0 911.4 565.3 5.4644304369257135 5.4644304369257135 0
0 914.3 621.9 2.6570660511172766 2.6570660511172766 0
0 191.2 147.0 3.3837848631377403 3.3837848631377403 0
0 223.9 122.5 10.242070103255491 10.242070103255491 0
0 689.1 450.7 7.527283706623547 7.527283706623547 0
1 698.0 172.0 6.439914595706986 4.950252518811552 64.5
1 710.0 326.0 7.712651943397943 2.375394704043959 48.2
1 772.0 399.0 5.452063829413617 3.8684622267769373 -14.2
1 946.0 682.0 11.350110131624252 9.481165540164332 -38.2
1 739.0 571.0 6.153251173160446 2.5500000000000114 -0.0
0 357.2 334.1 3.860051813123736 3.860051813123736 0
