0 612.1 339.9 4.879549159502325 4.879549159502325 0
0 667.3 376.0 2.416609194718956 2.416609194718956 0
0 468.8 428.0 5.099019513592778 5.099019513592778 0
0 460.5 548.8 10.9343495462693 10.9343495462693 0
0 573.2 580.0 6.965629906907168 6.965629906907168 0
0 749.3 477.8 3.8418745424597662 3.8418745424597662 0
0 38.1 428.4 7.355270219373326 7.355270219373326 0
0 27.0 101.6 5.077400909914444 5.077400909914444 0
0 50.5 17.5 3.400000000000001 3.400000000000001 0
0 196.6 75.0 3.041381265149118 3.041381265149118 0
0 542.1 221.7 3.4058772731852534 3.4058772731852534 0
0 501.9 50.6 6.789698078707204 6.789698078707204 0
0 564.2 39.8 2.1633307652783573 2.1633307652783573 0
0 484.1 2.7 1.9924858845171056 1.9924858845171056 0
0 693.4 221.1 2.2847319317591954 2.2847319317591954 0
0 674.6 174.4 1.979898987322321 1.979898987322321 0
0 406.6 738.6 2.8231188426985985 2.8231188426985985 0
0 996.6 409.1 3.8209946349085033 3.8209946349085033 0
0 217.1 21.2 9.34344690143847 9.34344690143847 0
0 714.3 728.1 3.5114099732159283 3.5114099732159283 0
1 207.0 155.0 13.480642336966417 7.784817664487696 18.2
1 364.0 165.0 10.61343488226125 7.719132075563938 -74.7
1 330.0 243.0 15.500322577288507 10.228025224841803 -77.7
1 444.0 586.0 8.167772034037197 4.738143096192825 -45.3
1 372.0 695.0 4.172529209005036 3.4340209667385713 -42.9
1 568.0 121.0 4.280770958600807 2.5317977802344322 75.8
0 679.9 724.9 2.325940669922622 2.325940669922622 0
1 8.0 66.0 15.571528505577092 7.169379331573968 -64.4
