0 180.375 110.0 4.531142240097965 4.531142240097965 0
0 124.625 349.5 2.7300412084801944 2.7300412084801944 0
1 107.0 457.0 6.731746151631091 2.948119103767689 14.2
0 221.25 679.875 4.527692569068709 4.527692569068709 0
0 324.125 572.25 3.1349840509961133 3.1349840509961133 0
0 344.5 579.0 2.625 2.625 0
0 358.25 561.75 3.439204123049401 3.439204123049401 0
0 325.75 342.875 4.126893504804794 4.126893504804794 0
1 345.0 389.0 9.627637625606813 3.6896180357863604 80.7
0 367.0 148.0 4.339138739427446 4.339138739427446 0
1 411.0 508.0 9.444947392653916 7.339160800118771 4.9
1 473.0 369.0 12.545697718740078 10.474112432564393 -4.8
1 413.0 221.0 6.178655294641383 2.4976551503360107 41.5
0 519.5 305.75 3.3095505737184316 3.3095505737184316 0
0 546.25 131.5 4.155192534648665 4.155192534648665 0
0 585.625 599.25 4.111721050849631 4.111721050849631 0
0 529.875 681.875 3.875 3.875 0
0 643.0 661.0 3.4118360159890453 3.4118360159890453 0
0 725.5 604.75 4.527692569068709 4.527692569068709 0
1 746.0 618.0 10.174262872562316 12.813109741588885 80.2
0 728.875 687.875 5.089818267875583 5.089818267875583 0
0 737.25 540.25 7.0898254562436165 7.0898254562436165 0
1 748.0 403.0 9.369164850721754 7.133766536690137 -11.1
0 743.125 137.5 4.6097722286464435 4.6097722286464435 0
0 780.875 206.625 4.123105625617661 4.123105625617661 0
1 733.0 81.0 6.609947522484577 10.929640032956256 -73.1
0 900.375 34.625 5.908151149048237 5.908151149048237 0
0 885.5 609.875 5.251487884400001 5.251487884400001 0
0 907.625 647.75 7.213269023126754 7.213269023126754 0
0 928.0 711.0 9.410765112359355 9.410765112359355 0
0 940.375 548.375 12.109526208733355 12.109526208733355 0
0 956.625 68.125 5.4112152054783405 5.4112152054783405 0
1 259.0 329.0 3.0 2.700462923278172 1.1
