0 212.3 229.1 11.520850663036995 11.520850663036995 0
0 286.7 102.1 5.323532661682469 5.323532661682469 0
0 878.6 490.7 10.648004507887846 10.648004507887846 0
0 11.554234769687996 99.08172362555722 6.1838490480489865 6.1838490480489865 0
0 282.7 69.6 3.6069377593743033 3.6069377593743033 0
0 36.7 331.9 4.244997055358246 4.244997055358246 0
0 6.1 478.0 3.66742416417846 3.66742416417846 0
0 245.1 422.7 2.941088233970586 2.941088233970586 0
0 325.2 601.4 4.965883607174065 4.965883607174065 0
0 909.7513227513227 130.68783068783068 4.273940323122664 4.273940323122664 0
0 885.1481481481482 225.66137566137564 4.769247718867714 4.769247718867714 0
0 741.4 185.5 4.071854614300475 4.071854614300475 0
0 903.9 321.5 5.1855568649857124 5.1855568649857124 0
0 985.9 335.6 4.640043103248105 4.640043103248105 0
0 905.6 576.5 2.8301943396169618 2.8301943396169618 0
0 880.4 551.4 4.178516483155215 4.178516483155215 0
0 657.1 665.3 4.327817001676503 4.327817001676503 0
1 313.0 314.0 14.86892733185552 6.980329505116481 -59.0
1 263.0 449.0 6.3452738317585755 5.083551907869144 -40.1
1 341.0 436.0 6.050826389841317 5.198317035349053 43.3
1 405.0 629.0 6.872044819411481 5.593299562869849 -44.0
1 715.0 456.0 7.344725998973699 2.166217902243427 21.0
1 990.0 264.0 10.451076499576498 9.30658369112961 82.0
1 926.0 575.0 5.5912878659571295 3.7215588131856867 26.9
1 855.0 514.0 5.0677904455492255 3.60347054934548 59.3
1 653.0 629.0 11.40175425099138 9.423507839440685 13.5
