0 470.2 359.1 4.976946855251734 4.976946855251734 0
0 243.1 405.2 4.622769732530505 4.622769732530505 0
0 53.8 112.4 6.97710541700496 6.97710541700496 0
1 56.0 367.0 7.846177413237611 3.5355339059327378 -6.5
0 78.4 717.6 4.992995093127925 4.992995093127925 0
0 138.0 761.6 6.5375836514724535 6.5375836514724535 0
0 219.7 731.5 2.641968962724569 2.641968962724569 0
1 212.0 199.0 10.767659912905872 8.180006112467165 -17.8
1 224.0 541.0 4.418144406874894 3.106444913401836 3.7
0 319.8 612.8 3.3970575502926135 3.3970575502926135 0
0 393.2 639.9 3.764306044943754 3.764306044943754 0
1 373.0 377.0 4.850773134253975 3.436568055487922 81.7
1 395.0 397.0 4.257346591481601 2.454587541726733 -86.6
0 296.9 536.6 2.451530134426286 2.451530134426286 0
1 449.0 688.0 5.167688071081695 3.1780497164141503 -62.8
0 505.1 715.0 3.546829570193581 3.546829570193581 0
1 464.0 570.0 5.077400909914445 2.7802877548915528 -56.9
0 430.7 539.5 3.2202484376209446 3.2202484376209446 0
0 421.5 492.9 2.7294688127912217 2.7294688127912217 0
0 420.7 232.5 1.88679622641134 1.88679622641134 0
0 531.4 126.4 6.0745370193949855 6.0745370193949855 0
0 540.0 80.6 4.741307836451921 4.741307836451921 0
0 566.9 80.4 3.3015148038438134 3.3015148038438134 0
1 508.0 95.0 8.293672286749702 6.740363491682038 -84.1
1 589.0 259.0 12.61467399499489 7.0343798589499125 13.1
0 614.4 261.6 3.3120990323358024 3.3120990323358024 0
0 640.3 506.8 4.3462627624201415 4.3462627624201415 0
0 645.1 696.4 3.114482300479553 3.114482300479553 0
0 663.0 347.8 4.263801121065606 4.263801121065606 0
1 680.0 415.0 9.22821759604746 8.583851117068596 30.4
0 738.5 453.6 6.753517601961202 6.753517601961202 0
1 762.0 446.0 5.784678037713066 3.922371731491039 69.3
0 624.0 12.4 5.047771785649622 5.047771785649622 0
0 808.2 758.6 8.766413177577192 8.766413177577192 0
1 818.0 739.0 11.272976536833555 4.431986010808262 64.9
1 901.0 627.0 8.016389461596779 2.728094573140764 -35.2
1 844.0 361.0 7.540059681461377 4.604345773288502 -36.0
0 869.6 330.6 6.6843099868273015 6.6843099868273015 0
0 884.9 334.6 2.0808652046685117 2.0808652046685117 0
0 924.9 377.3 6.648308055437891 6.648308055437891 0
0 934.8 594.8 4.876474136094705 4.876474136094705 0
1 969.0 243.0 4.839938016132047 2.4989997999199263 -70.1
0 1012.3 226.7 2.154065922853827 2.154065922853827 0
0 972.4 18.8 3.2015621187164243 3.2015621187164243 0
