0 264.55172413793105 299.44827586206895 10.79128551396892 10.79128551396892 0
0 213.24137931034483 292.2758620689655 8.981418259917069 8.981418259917069 0
0 359.8 623.9 4.263801121065614 4.263801121065614 0
0 128.5 548.2 4.879549159502345 4.879549159502345 0
0 716.5 479.1 10.072239075796354 10.072239075796354 0
0 982.8 81.9 10.020977996183854 10.020977996183854 0
0 709.6 281.9 5.462600113499038 5.462600113499038 0
0 501.5 266.4 3.420526275297419 3.420526275297419 0
0 109.3 132.2 4.661544808322677 4.661544808322677 0
0 205.4 109.7 3.4014702703389865 3.4014702703389865 0
0 1.393939393939398 34.4662004662005 6.154022742398176 6.154022742398176 0
0 226.1025641025641 5.3286713286713585 3.393990624373206 3.393990624373206 0
0 89.73892773892774 84.81585081585084 3.136042901415795 3.136042901415795 0
0 1015.2 547.8 7.116881339463273 7.116881339463273 0
0 683.7 520.1 4.110960958218857 4.110960958218857 0
1 235.0 413.0 9.787875152452651 8.657078028988776 68.4
1 242.0 432.0 7.605425694857597 5.056925943693465 -46.6
1 312.0 612.0 10.206860437960326 5.833095233235984 49.5
1 458.0 709.0 7.537406715840646 6.760177512462211 -59.7
1 567.0 507.0 7.615280690821579 5.551801509420179 -42.4
1 573.0 483.0 5.331275644721428 3.309456148674572 69.5
1 636.0 160.0 12.478354962115569 7.44995740042627 -43.4
1 936.0 418.0 7.991558045838118 4.315669125408017 75.9
1 677.0 33.0 8.994682715341002 5.933828085135697 78.8
