0 559.7 231.1 7.648529270389162 7.648529270389162 0
0 502.3 89.7 7.462573282722263 7.462573282722263 0
0 784.9 289.4 3.8078865529319543 3.8078865529319543 0
0 74.9 565.5 7.357309290766538 7.357309290766538 0
0 369.2 426.8 4.45982062419556 4.45982062419556 0
0 337.9 426.8 4.08533964316311 4.08533964316311 0
0 225.6 482.0 2.745906043549213 2.745906043549213 0
0 447.3 585.8 3.31209903233583 3.31209903233583 0
0 619.9 604.7 2.1189620100416864 2.1189620100416864 0
0 371.8 727.7 5.249761899362648 5.249761899362648 0
0 644.9 654.1 3.7161808352123886 3.7161808352123886 0
0 194.9 670.3 2.473863375370607 2.473863375370607 0
0 166.8 457.8 2.195449840009978 2.195449840009978 0
0 1008.4 617.2 4.904079934095686 4.904079934095686 0
0 55.7 153.6 2.0615528128088303 2.0615528128088303 0
1 435.0 156.0 17.837670812076333 11.645600027478194 63.5
1 61.0 466.0 9.646242791885362 7.305477397131543 71.9
1 133.0 632.0 9.91085263738696 6.399414035675462 39.9
1 598.0 625.0 6.882041848172678 5.130545779934134 17.8
1 681.0 635.0 10.666888018536575 4.229066090758069 25.7
1 721.0 452.0 4.451123453691203 2.504495957273637 -3.4
1 925.0 637.0 5.412947441089779 3.742325480232831 -65.0
1 956.0 209.0 10.755579947171631 4.606517122512414 -27.1
1 899.0 179.0 7.990619500389189 6.8472622266129095 81.4
1 80.0 713.0 7.208501924810727 5.9008473967727495 1.0
1 537.0 760.0 6.406442070291439 4.226700841081606 -60.8
1 871.0 757.0 7.1794846611717 2.416609194718904 -27.5
1 662.0 43.0 5.488624600025052 2.229910312097797 67.0
0 682.0 2.4 4.606517122512429 4.606517122512429 0
