0 212.36630036630038 137.66300366300362 4.410840505052136 4.410840505052136 0
0 21.157509157509153 188.57875457875454 4.410840505052125 4.410840505052125 0
0 451.19413919413915 216.78388278388275 4.662242513317899 4.662242513317899 0
0 39.47252747252747 305.42857142857144 4.176466758604883 4.176466758604883 0
0 187.0915750915751 500.6666666666667 6.754245023657747 6.754245023657747 0
0 427.38461538461536 532.1684981684981 6.063349947709428 6.063349947709428 0
0 518.5934065934066 649.018315018315 3.893826305030984 3.893826305030984 0
0 256.3223443223443 748.6520146520146 6.998158671993666 6.998158671993666 0
0 328.8498168498168 750.117216117216 6.521792606141043 6.521792606141043 0
0 242.76923076923077 706.5274725274725 11.140590714831934 11.140590714831934 0
0 748.996336996337 671.3626373626373 6.552580153845515 6.552580153845515 0
0 937.2747252747253 313.4871794871795 4.176466758604959 4.176466758604959 0
0 660.7179487179487 97.73626373626371 3.8938263050309945 3.8938263050309945 0
0 977.934065934066 390.4102564102564 4.982223629573402 4.982223629573402 0
1 42.0 117.0 7.367100864878669 4.033464385630998 38.4
1 160.0 174.0 10.22037100974631 7.694487742710622 -37.0
1 17.0 249.0 12.044822745390023 8.442806279572254 7.2
1 91.0 435.0 8.046110855856712 5.445446427589188 43.3
1 822.0 317.0 7.694487742710612 6.496024853834509 -39.1
1 901.0 447.0 10.133022852471113 8.060689042001973 83.8
1 976.0 528.0 6.9621164134609 5.748115321053191 -61.8
1 1012.0 637.0 8.330817154244816 7.367100864878645 -56.4
1 974.0 692.0 8.052361881677857 6.950060791578867 -72.8
