0 183.7741935483871 558.7983870967741 4.03225806451614 4.03225806451614 0
0 258.3709677419355 759.2016129032257 4.032258064516123 4.032258064516123 0
0 303.1290322580645 755.9758064516128 6.375559798726633 6.375559798726633 0
0 382.1612903225806 687.8306451612902 2.7049209405240213 2.7049209405240213 0
0 890.6290322580645 375.33064516129025 4.508201567539917 4.508201567539917 0
0 696.2741935483871 297.50806451612897 5.052404873444203 5.052404873444203 0
1 59.0 745.0 11.02990271499189 3.679090240099726 -17.2
1 586.0 615.0 8.064516129032267 6.404185554140534 -56.5
1 306.0 467.0 14.563654280934024 6.85780296439312 -22.4
1 318.0 344.0 7.904151525771236 3.2509103823784695 40.8
1 233.0 341.0 12.545442892019397 7.8421977172486725 45.3
1 572.0 96.0 4.597481552819096 4.286349118038185 -50.6
1 690.0 100.0 7.906722399648198 5.776834186247738 22.8
1 862.0 310.0 12.019240774829715 6.591847872690262 -67.3
1 961.0 317.0 17.032412710075054 12.37909792984578 16.4
1 653.0 380.0 13.780651202125066 12.304995580376714 -70.5
1 938.0 538.0 15.00628553703904 10.152966380656627 -83.8
