0 363.5 640.8 10.230347012687284 10.230347012687284 0
0 412.9 433.2 5.522680508593687 5.522680508593687 0
0 622.3 679.9 5.060632371552077 5.060632371552077 0
0 723.9 164.0 10.735455276791944 10.735455276791944 0
0 730.8 115.7 6.989277502002673 6.989277502002673 0
0 665.8 34.9 4.801041553663198 4.801041553663198 0
0 630.3 206.3 5.597320787662671 5.597320787662671 0
1 131.0 20.0 8.658666179037047 4.875705077217041 -11.4
0 166.4 627.1 3.699999999999978 3.699999999999978 0
0 81.4 667.5 3.0594117081556753 3.0594117081556753 0
1 248.0 568.0 8.462416912442928 6.957010852370403 17.5
0 219.5 302.6 3.9623225512317863 3.9623225512317863 0
0 500.4 70.5 5.2697248505021905 5.2697248505021905 0
1 552.0 172.0 11.400986799395945 8.465370635713498 -58.4
1 588.0 305.0 3.504639781774995 2.815137652051878 75.9
1 678.0 321.0 7.322738558763382 4.903060268852489 -15.5
1 561.0 571.0 5.356112934446211 4.969830774026715 51.1
0 538.4 748.4 4.825971404805487 4.825971404805487 0
0 565.4 748.0 3.7121422386541987 3.7121422386541987 0
1 890.0 583.0 9.073312515283503 6.615323121360006 3.9
1 939.0 529.0 7.2128357807453 3.0761176830544206 -7.5
0 970.5 687.4 3.9357337308309166 3.9357337308309166 0
1 969.0 335.0 17.672931279219082 14.983407489619966 -87.1
1 980.0 287.0 4.512482686947404 3.611786261671606 -68.5
1 910.0 181.0 6.750740700100989 5.867282164682407 -89.2
1 825.0 45.0 12.439654336033598 8.470094450476935 -51.6
