0 330.8970099667774 78.01993355481733 6.268426001366505 6.268426001366505 0
0 257.80730897009965 75.6943521594685 6.347167167622194 6.347167167622194 0
0 98.67109634551494 178.0199335548173 6.12594316099196 6.12594316099196 0
0 328.9036544850498 182.67109634551497 6.10789910659476 6.10789910659476 0
0 354.15282392026575 382.0066445182725 4.162778766159993 4.162778766159993 0
0 344.51827242524917 340.1461794019934 3.2720457813276043 3.2720457813276043 0
0 239.53488372093022 530.1794019933554 5.73510847230298 5.73510847230298 0
0 125.5813953488372 543.1362126245847 3.4204751298960114 3.4204751298960114 0
0 100.66445182724252 697.6212624584717 4.331695950300732 4.331695950300732 0
0 678.7375415282391 539.813953488372 3.7879582229207505 3.7879582229207505 0
0 539.5348837209302 167.3887043189369 2.9715189069764247 2.9715189069764247 0
0 975.7475083056478 18.55149501661134 6.9370807368176415 6.9370807368176415 0
0 868.1063122923588 740.1461794019933 5.367273894153994 5.367273894153994 0
1 244.0 35.0 11.868651613220106 10.704945837686392 -44.6
1 224.0 245.0 12.764783689992111 10.30436041147563 -19.2
1 337.0 255.0 6.638286113849883 5.98928783299667 -32.6
1 245.0 320.0 7.752333481447205 6.461345627500571 45.5
1 81.0 636.0 6.8831725432227975 5.441308755534609 -80.1
1 171.0 704.0 11.298123636632496 11.103504961507246 46.1
1 226.0 674.0 11.72832764658068 4.347592135648637 -75.4
1 695.0 490.0 12.325984358198763 10.039875904492723 -38.0
1 677.0 338.0 6.909180844878918 6.288203731145419 12.2
1 550.0 129.0 7.95436537794876 6.392651629532839 -27.1
1 1007.0 432.0 11.04370108876723 6.092066717904404 83.1
1 978.0 540.0 9.979228103571828 9.17388788802931 -5.2
1 999.0 587.0 11.69534313228037 6.094331005928284 -78.5
