0 620.6 262.3 6.4202803677097675 6.4202803677097675 0
0 873.5 112.6 6.350590523722953 6.350590523722953 0
0 877.0 282.1 5.50817574156812 5.50817574156812 0
0 883.5 326.0 3.1064449134018353 3.1064449134018353 0
0 842.8 389.0 4.500000000000045 4.500000000000045 0
0 845.9 551.6 9.749871794028905 9.749871794028905 0
0 867.8 739.9 3.1400636936214266 3.1400636936214266 0
0 570.8 528.1 2.668332812825294 2.668332812825294 0
0 336.3 31.9 10.68924693325027 10.68924693325027 0
0 195.8 269.7 3.534119409414448 3.534119409414448 0
0 172.1 370.9 2.6000000000000054 2.6000000000000054 0
0 485.2 621.1 3.6400549446402684 3.6400549446402684 0
0 486.0 710.1 9.436630754670826 9.436630754670826 0
0 446.7 742.5 3.6891733491393626 3.6891733491393626 0
0 982.9 39.3 13.38805437694366 13.38805437694366 0
0 263.3 19.0 4.780167361086856 4.780167361086856 0
1 660.0 480.0 12.943724348115564 8.22009732302485 -78.9
1 773.0 444.0 10.71412618928861 5.3087192429059655 48.6
1 568.0 601.0 11.188610280101836 6.628159623907695 69.1
1 96.0 646.0 11.523237392330346 4.900255095400658 22.2
1 201.0 697.0 11.063905277974833 6.909775683768621 60.9
1 358.0 723.0 10.488684378891385 9.01360083429482 63.4
0 401.6 719.6 2.302172886644223 2.302172886644223 0
