0 39.0 44.75 5.659615711335886 5.659615711335886 0
0 170.875 68.875 5.075985126061738 5.075985126061738 0
1 176.0 42.0 9.805929328727593 13.025365877778635 71.6
0 87.125 302.25 3.164747225293041 3.164747225293041 0
1 134.0 534.0 4.699152184171098 4.039357158014131 -11.4
1 56.0 681.0 5.657544741316678 6.187815648514426 -70.1
1 16.0 339.0 3.2799104408504816 3.3830921506810894 -62.0
0 220.125 199.25 8.933784192602818 8.933784192602818 0
0 280.875 167.5 3.75 3.75 0
0 367.625 256.25 4.625 4.625 0
0 228.75 434.125 7.516648189186454 7.516648189186454 0
0 280.5 468.625 4.550068680800324 4.550068680800324 0
0 210.25 407.875 3.9941363271676145 3.9941363271676145 0
0 499.25 274.875 7.509369147937795 7.509369147937795 0
0 533.625 475.5 5.032705534799349 5.032705534799349 0
0 391.5 534.875 5.755432216610669 5.755432216610669 0
0 482.25 34.75 8.105746418436738 8.105746418436738 0
0 256.5 98.875 3.125 3.125 0
0 550.625 514.5 3.502231431530475 3.502231431530475 0
0 578.5 742.125 2.4906073556464094 2.4906073556464094 0
0 617.0 450.75 3.2137400330456103 3.2137400330456103 0
1 742.0 56.0 6.206095793653205 7.025066725661757 -72.7
1 721.0 302.0 6.3568983199355955 11.159357060332821 85.5
0 760.25 404.5 7.001115982470223 7.001115982470223 0
1 404.0 529.0 4.799495416186997 2.3823898190682398 -4.5
0 959.75 525.5 5.199158585771356 5.199158585771356 0
0 954.875 390.25 6.399462868085102 6.399462868085102 0
0 924.875 358.5 5.667892024377317 5.667892024377317 0
1 844.0 408.0 8.067343506384242 5.038911092686593 -24.7
1 978.0 245.0 4.512569251546174 2.872961233640301 38.8
0 955.0 147.875 5.939802185258361 5.939802185258361 0
0 911.25 16.5 5.771698190307598 5.771698190307598 0
0 802.8 622.9 3.0265491900843084 3.0265491900843084 0
0 978.7 643.2 3.301514803843791 3.301514803843791 0
