0 476.41196013289033 86.65780730897015 5.657603443829382 5.657603443829382 0
0 217.60797342192689 183.3355481727575 2.594767334188253 2.594767334188253 0
0 22.259136212624583 275.02990033222596 4.756751183812764 4.756751183812764 0
0 414.6179401993355 325.1960132890366 4.8372823184587785 4.8372823184587785 0
0 439.5348837209302 401.9401993355482 9.396767856299677 9.396767856299677 0
0 303.3222591362126 445.79401993355486 3.8886046215014973 3.8886046215014973 0
0 616.2790697674418 599.6146179401993 4.162778766159993 4.162778766159993 0
0 730.5647840531561 252.10631229235884 8.325557532320085 8.325557532320085 0
0 692.3588039867109 127.85382059800669 5.356981892557197 5.356981892557197 0
0 667.109634551495 140.14617940199338 5.071208479227151 5.071208479227151 0
0 1010.2990033222591 176.358803986711 3.0084336007101116 3.0084336007101116 0
0 952.1594684385382 442.13953488372096 4.651162790697697 4.651162790697697 0
0 892.0265780730896 513.9003322259136 6.09885706002845 6.09885706002845 0
0 955.1495016611295 642.8039867109634 4.4572783604647 4.4572783604647 0
0 893.687707641196 668.0531561461794 4.432446532932267 4.432446532932267 0
1 172.0 15.0 14.829710379179822 7.564981751983852 -5.3
1 330.0 139.0 4.724738423032515 3.3880528329520123 -11.3
1 286.0 220.0 15.618151858529115 9.443634819635804 -51.6
1 122.0 503.0 4.938893271534381 3.1342130006832525 -50.7
1 818.0 538.0 6.155151931444841 3.654485049833852 86.9
1 707.0 216.0 5.318209499528976 3.566596437472422 -54.7
1 763.0 26.0 13.302526375761735 6.412046201202247 -16.1
1 891.0 96.0 11.428040241074305 4.851522214787453 33.4
1 998.0 178.0 6.461345627500592 3.7476791271356964 12.8
1 919.0 227.0 9.149793590644835 8.302324916677604 17.6
