0 271.8 250.9 7.18401002226472 7.18401002226472 0
0 310.9 390.8 6.268173577685918 6.268173577685918 0
1 549.0 127.0 6.383181025162916 2.385372088375319 47.5
0 500.8 283.0 4.341658669218457 4.341658669218457 0
0 393.4 349.6 2.692582403567271 2.692582403567271 0
0 391.1 554.3 4.841487374764046 4.841487374764046 0
0 30.2 524.9 6.046486583132391 6.046486583132391 0
0 216.5 345.8 3.14006369362152 3.14006369362152 0
0 958.4 622.6 6.407027391856608 6.407027391856608 0
0 707.9 538.1 3.420526275297374 3.420526275297374 0
0 673.7 233.9 3.911521443121526 3.911521443121526 0
1 667.0 308.0 6.815423684555488 5.077647092896444 67.5
1 506.0 451.0 4.539273069556386 3.7911080174534684 -41.0
1 896.0 543.0 10.890821823902936 7.136000280269075 -14.2
1 115.0 416.0 8.090889938690307 7.571657678474369 -54.2
0 737.7 366.8 3.220248437620883 3.220248437620883 0
1 463.0 214.0 3.1503968004046783 2.308679276123038 -5.0
0 14.8 262.1 2.9966648127543296 2.9966648127543296 0
1 182.0 196.0 3.5531676008879756 2.6000000000000054 73.0
1 462.0 746.0 4.746050990033726 3.476348659153722 45.6
1 31.0 704.0 7.071421356417676 3.805259518088101 3.0
1 317.0 15.0 4.6381569615527365 3.92460189063808 43.0
1 317.0 7.0 3.1847291878588253 2.5164459064323257 -21.0
1 503.0 28.0 4.701063709417259 2.6925824035672554 -29.8
1 800.0 557.0 3.9805778474990183 2.91290233272588 -35.1
