0 191.0071942446043 529.1366906474819 4.442118357995883 4.442118357995883 0
0 522.4820143884891 382.91366906474815 5.540619352787555 5.540619352787555 0
0 515.1079136690647 459.5323741007194 3.542754604962631 3.542754604962631 0
0 454.35955056179773 270.74157303370794 7.371334591845699 7.371334591845699 0
0 439.5280898876404 192.31460674157304 3.129974893749242 3.129974893749242 0
0 866.9132947976879 683.3526011560693 3.1020596219650307 3.1020596219650307 0
0 797.3179190751445 713.8728323699422 2.7406403678912516 2.7406403678912516 0
0 782.632911392405 284.9367088607595 7.689287366322737 7.689287366322737 0
0 128.50641025641028 159.77564102564102 3.1116166408569983 3.1116166408569983 0
0 705.64471669219 394.79326186830014 4.114863351468407 4.114863351468407 0
1 52.0 515.0 10.236876851930964 3.9230916348829665 -47.5
1 371.0 203.0 5.266228680682202 3.818590756542864 -70.3
1 655.0 228.0 5.05313194994599 4.044785668560369 30.3
1 728.0 405.0 11.266155552683824 10.166481201409868 -24.4
1 629.0 504.0 12.518985581907174 6.592419889539803 80.6
