0 675.6262513904338 436.3737486095662 12.276703859837163 12.276703859837163 0
0 440.4 389.2 5.0447993022517945 5.0447993022517945 0
0 277.9 414.2 9.430270409696654 9.430270409696654 0
0 291.05339105339107 448.91774891774895 2.652925874581541 2.652925874581541 0
0 130.42105263157896 594.7368421052631 10.44707012698901 10.44707012698901 0
0 70.38216560509554 688.6178343949044 3.24951759342117 3.24951759342117 0
0 87.68577494692144 684.0530785562632 3.41852275755939 3.41852275755939 0
0 557.3260073260074 587.5457875457876 5.206106374927458 5.206106374927458 0
0 662.2757352941176 645.2132352941176 5.674760676629907 5.674760676629907 0
0 578.4847161572052 277.83187772925766 3.1659388646288407 3.1659388646288407 0
0 509.0524017467249 279.1419213973799 2.6200873362445236 2.6200873362445236 0
0 709.0772442588726 118.580375782881 4.06562465431113 4.06562465431113 0
0 655.5281837160751 98.22546972860125 2.6674180248811172 2.6674180248811172 0
0 120.46325167037864 100.98218262806238 3.2370694551778763 3.2370694551778763 0
1 192.0 72.0 3.7316216314090527 1.6140012391568952 72.1
1 220.0 24.0 4.419519600759439 2.6815740417770058 47.8
1 243.0 18.0 13.694375982323725 5.610433100572599 -88.4
1 273.0 271.0 2.121909517392288 2.8284271247461903 -48.6
1 300.0 367.0 3.358943286213666 1.8821530224718952 44.2
1 574.0 144.0 8.135346021522567 4.547743434186468 -76.9
1 670.0 101.0 4.81274350033325 2.529822128134683 66.2
1 565.0 515.0 5.003998401278721 3.5429507476113766 -87.7
1 309.0 594.0 4.177319714841081 3.736308338453903 -13.1
1 785.0 694.0 7.893826701923496 6.29960316210472 42.3
1 1009.0 236.0 9.378965827851173 6.672705598181272 -80.5
