0 874.6 73.3 7.409453421137067 7.409453421137067 0
0 899.2 203.6 6.378087487640753 6.378087487640753 0
0 503.2 262.6 7.2862884927787155 7.2862884927787155 0
0 618.5 542.5 6.293647591023809 6.293647591023809 0
0 305.3 425.9 4.957822102496257 4.957822102496257 0
0 185.7 558.1 10.599056561788892 10.599056561788892 0
0 904.9 446.6 11.525623627379156 11.525623627379156 0
0 923.5 453.4 4.301162633521313 4.301162633521313 0
0 654.7 615.7 4.6097722286464435 4.6097722286464435 0
0 636.6 243.3 2.9410882339705253 2.9410882339705253 0
0 181.3 238.5 3.6055512754639842 3.6055512754639842 0
0 209.5 297.6 2.5059928172283183 2.5059928172283183 0
0 65.0 34.5 4.161730409336965 4.161730409336965 0
0 615.0 24.4 3.2310988842807196 3.2310988842807196 0
1 248.0 337.0 10.400120191613173 4.924428900898052 -25.1
1 383.0 332.0 4.523549491273428 3.203903868720148 -23.0
1 420.0 222.0 5.458937625582454 4.210106887004161 31.7
1 796.0 87.0 11.658687747769877 8.371529131526692 4.1
1 751.0 122.0 5.685947590331788 2.6315394733881723 -35.0
1 691.0 111.0 9.280355596635316 5.153882032022076 -25.2
1 470.0 583.0 5.640257086339248 3.5003571246374197 -41.4
1 516.0 618.0 10.707474025184471 8.200762159701974 -53.4
