0 492.4 214.9 3.2202484376209055 3.2202484376209055 0
0 551.7 230.4 3.3105890714494084 3.3105890714494084 0
0 829.6 141.1 4.465422712353212 4.465422712353212 0
0 736.1 181.9 2.912043955712237 2.912043955712237 0
0 187.1 332.0 4.396589587396106 4.396589587396106 0
0 159.2 360.8 2.5238858928247985 2.5238858928247985 0
0 103.9 314.5 2.607680962081082 2.607680962081082 0
0 91.2 599.3 3.8209946349084962 3.8209946349084962 0
0 557.5 659.1 12.083045973594643 12.083045973594643 0
0 680.6 675.2 4.588027898781857 4.588027898781857 0
0 501.1 763.0 7.56901578806646 7.56901578806646 0
0 397.3 495.9 2.9410882339705235 2.9410882339705235 0
0 708.7 326.0 2.6305892875932173 2.6305892875932173 0
1 612.0 483.0 6.547136778775891 4.727843060001037 -72.7
1 403.0 651.0 8.01030586182576 4.6478489648438535 -40.8
1 407.0 661.0 7.97119815335185 2.961840643923975 20.0
1 629.0 655.0 13.498981443057124 8.20746611324099 81.5
1 661.0 715.0 5.948319090297701 2.5947061490658543 64.1
1 989.0 668.0 12.255304973765458 4.226700841081606 64.3
1 891.0 374.0 4.114000486144833 3.2649655434628815 -69.2
1 807.0 194.0 6.587298384011456 4.5047197471096805 83.9
1 77.0 480.0 5.111995696398809 2.8535066146760486 86.1
1 11.0 241.0 4.917570538385801 3.265348373451142 -20.9
