0 110.2 215.2 9.972462083156804 9.972462083156804 0
0 265.8 306.4 3.858756276314957 3.858756276314957 0
0 467.5 623.8 6.860029154457076 6.860029154457076 0
0 927.3 625.0 7.029224708315971 7.029224708315971 0
0 279.3 525.0 3.7013511046643033 3.7013511046643033 0
0 338.3 480.1 4.031128874149275 4.031128874149275 0
0 982.0 195.0 7.738862965578366 7.738862965578366 0
0 748.5 492.1 3.6235341863986235 3.6235341863986235 0
0 541.0165484633569 303.30969267139477 2.9550827423167902 2.9550827423167902 0
0 132.42506811989102 582.7738419618529 3.1067450275181216 3.1067450275181216 0
0 217.3546592489569 644.6397774687066 3.4547266615783188 3.4547266615783188 0
0 28.1 591.6 3.255764119219894 3.255764119219894 0
1 195.0 66.0 12.351455368287272 10.988713934701874 -3.7
1 530.0 115.0 9.324832438172814 6.624198064671686 -62.3
1 591.0 147.0 10.354346913253409 7.850159234053791 38.1
1 541.0 236.0 12.720062892926263 6.010407640085654 -16.5
1 347.0 281.0 9.63600020755499 8.415759026968416 -42.0
1 907.0 79.0 5.462600113499066 4.554667935206702 21.1
1 672.0 543.0 3.9601136347332604 2.551960031034981 62.4
1 839.0 734.0 12.382236073256905 7.578687845674346 -6.6
1 798.0 761.0 7.130813308506327 5.116492912369632 19.6
1 777.0 763.0 4.352291599544575 3.6800998789396204 77.7
1 219.0 717.0 11.526057435220457 8.961724164467467 82.2
1 840.0 185.0 3.9003204996512704 3.0516389039334375 -89.3
1 956.0 525.0 8.228760538501561 7.021395872616763 10.7
