0 808.0 60.8 11.870130580579117 11.870130580579117 0
0 741.7 49.7 6.476109943476827 6.476109943476827 0
0 366.28151260504205 214.60084033613447 8.773366814210547 8.773366814210547 0
0 402.52100840336135 246.84873949579833 5.528444271823859 5.528444271823859 0
0 395.1680672268908 344.327731092437 10.153820145877786 10.153820145877786 0
0 754.1 649.4 5.608029957123926 5.608029957123926 0
0 725.1 735.2 6.511528238439848 6.511528238439848 0
0 366.8 566.9 2.5806975801127603 2.5806975801127603 0
0 909.7 664.3 12.55428213797983 12.55428213797983 0
0 953.1 733.6 4.215447781671586 4.215447781671586 0
0 1011.3 513.9 5.869412236331786 5.869412236331786 0
0 934.3 413.6 5.1478150704935 5.1478150704935 0
0 970.1 413.3 2.9546573405387644 2.9546573405387644 0
0 208.0 342.1 3.453983207834081 3.453983207834081 0
0 128.4 196.2 10.899999999999995 10.899999999999995 0
0 147.8 191.3 10.581587782558895 10.581587782558895 0
0 298.6 169.7 4.382921400162197 4.382921400162197 0
0 111.6 71.3 2.692582403567252 2.692582403567252 0
0 69.6 15.4 5.869412236331678 5.869412236331678 0
0 40.0 77.2 4.031128874149275 4.031128874149275 0
0 215.3 40.5 3.3015148038438253 3.3015148038438253 0
0 6.7 445.8 5.345091205957098 5.345091205957098 0
1 86.0 416.0 13.049999999999992 9.041708909271527 -49.5
1 81.0 454.0 5.03512661211215 2.482438317461287 -58.5
1 209.0 284.0 3.1910029771217854 2.5 54.3
1 26.0 556.0 7.791180911774543 6.280127387243032 82.8
1 112.0 512.0 3.6962819156552382 2.8900692033237076 25.7
1 258.0 533.0 4.589117562233508 3.2144206320890714 -78.7
