0 41.860465116279066 93.96677740863792 7.575916445841449 7.575916445841449 0
0 432.96774193548384 266.5012406947891 6.845217977237585 6.845217977237585 0
0 406.4168734491315 385.6079404466501 6.163643845347008 6.163643845347008 0
0 910.6115107913669 96.94244604316546 6.5468614112235395 6.5468614112235395 0
0 934.8920863309352 330.2158273381295 4.442118357995894 4.442118357995894 0
0 904.9504950495049 476.2376237623762 3.5545642291317026 3.5545642291317026 0
0 822.112211221122 474.09240924092404 3.4966369802668527 3.4966369802668527 0
0 289.3285371702638 582.2541966426859 3.228516071423628 3.228516071423628 0
0 12.934362934362936 631.2741312741313 3.885060192567183 3.885060192567183 0
1 98.0 137.0 9.30056740178831 5.741653064843751 -0.0
1 473.0 27.0 5.403438703707289 7.80694914066475 -86.6
1 671.0 254.0 6.397632249684699 4.582467144953019 -41.6
1 647.0 407.0 5.561561563315461 3.6382759277335186 -6.1
1 440.0 382.0 6.165353489594894 7.412056591358639 86.4
1 475.0 357.0 3.8992000378191594 2.840158520475569 -0.0
1 795.0 526.0 9.592968878990506 8.272770332600599 -42.6
1 545.0 551.0 11.555906860464072 7.059987644606835 61.6
0 516.7464239271782 636.1456436931079 3.6060922298731026 3.6060922298731026 0
1 280.0 591.0 3.1120732639191107 1.9091883092036903 -44.4
1 48.0 647.0 5.971808771218319 4.695742752749547 -25.7
0 136.12587412587413 729.3379953379954 5.633121666011456 5.633121666011456 0
