0 591.5 442.3 5.940538696111622 5.940538696111622 0
0 484.8 457.7 3.08868904229609 3.08868904229609 0
0 483.9 562.9 4.071854614300527 4.071854614300527 0
0 347.9 512.1 4.623851208678743 4.623851208678743 0
0 333.6 476.2 3.138470965295045 3.138470965295045 0
0 385.7 682.3 10.44030650891055 10.44030650891055 0
0 445.6 681.0 8.766413177577252 8.766413177577252 0
0 779.7 623.2 4.7634021455257685 4.7634021455257685 0
0 866.9 613.5 4.1340053217189014 4.1340053217189014 0
0 910.0 483.1 8.999999999999977 8.999999999999977 0
0 804.0 232.8 4.0311288741493145 4.0311288741493145 0
0 703.1 131.1 5.092150822589568 5.092150822589568 0
0 507.9 99.1 2.8178005607210794 2.8178005607210794 0
0 233.4 91.6 4.919349550499543 4.919349550499543 0
0 104.4 548.3 3.4409301068170484 3.4409301068170484 0
0 89.2 212.6 4.870318264754365 4.870318264754365 0
1 154.0 684.0 22.451409982722573 12.808073505081426 -58.6
1 825.0 401.0 6.873136110975844 4.716990566028291 -81.6
1 813.0 548.0 4.0966449687518285 2.9618406439239644 21.8
1 875.0 641.0 5.1312766442669675 2.4010414407086036 57.2
1 626.0 76.0 13.591173606425585 6.153454314448102 -34.5
1 1001.0 197.0 14.845285446902006 7.874801584801991 30.6
0 995.2 512.9 5.17397332811058 5.17397332811058 0
