0 395.5164835164835 12.021978021977999 3.7712930919366343 3.7712930919366343 0
0 223.35531135531136 80.88644688644686 3.771293091936636 3.771293091936636 0
0 324.8205128205128 130.70329670329667 4.045919786515476 4.045919786515476 0
0 529.2161172161173 395.53846153846155 5.244623100101211 5.244623100101211 0
0 349.3626373626373 380.8864468864469 2.789660478338422 2.789660478338422 0
0 475.36996336996333 754.5128205128204 6.041180403835379 6.041180403835379 0
0 675.0036630036631 625.2087912087911 6.72438086105706 6.72438086105706 0
0 953.7582417582418 507.2600732600733 3.8242880985020045 3.8242880985020045 0
0 696.6153846153846 197.36996336996333 5.906415932819454 5.906415932819454 0
0 824.0879120879122 63.67032967032965 4.690933507276807 4.690933507276807 0
1 169.0 684.0 15.594676159273257 8.110472463547447 -4.0
1 39.0 540.0 15.935118486561315 11.408360075016432 89.3
1 187.0 495.0 11.297560815597905 8.85204833230371 68.4
1 489.0 431.0 12.40293256654725 7.877587240881534 73.7
1 61.0 314.0 17.324884381517176 12.972671111329502 13.3
1 597.0 16.0 12.626740771533475 10.49564013325595 -26.1
1 704.0 33.0 6.706898689963592 3.6261886214694603 -37.2
1 702.0 241.0 6.1403130455092665 3.649241546734669 -17.5
1 690.0 414.0 7.772562334770315 6.616260757578177 37.5
1 758.0 695.0 13.264170738827753 7.482307038760212 -18.6
