0 146.0 234.3 10.679419459876996 10.679419459876996 0
0 106.3 104.1 6.092618484691137 6.092618484691137 0
0 417.5 306.2 5.200961449578348 5.200961449578348 0
0 457.6 235.1 2.195449840010003 2.195449840010003 0
0 444.5 117.2 2.973213749463712 2.973213749463712 0
0 641.7 263.6 6.754257916307221 6.754257916307221 0
0 581.1 319.1 8.07217442824421 8.07217442824421 0
0 740.2 239.0 4.720169488482349 4.720169488482349 0
0 847.4 72.3 4.382921400162232 4.382921400162232 0
0 930.6 472.1 4.477722635447597 4.477722635447597 0
0 990.2 383.3 2.3600847442411577 2.3600847442411577 0
0 372.2 371.9 9.196738552334777 9.196738552334777 0
1 316.0 271.0 9.740251536793085 8.782084035125132 -50.7
1 323.0 316.0 6.341332667507673 4.772054065075104 -35.3
1 245.0 87.0 8.45724541443607 6.527633568147035 87.6
1 336.0 28.0 9.760251021362125 7.362913825381909 16.2
1 602.0 157.0 8.403719414640157 5.385164807134505 -32.9
1 685.0 125.0 5.612931497889503 2.773535649671734 -26.3
1 866.0 162.0 5.564395744373339 3.3060550509633186 3.5
1 732.0 616.0 10.050497500124072 6.303173803727754 39.6
