0 528.5739710789767 437.5973303670745 11.667454839772516 11.667454839772516 0
0 418.8 483.2 6.000000000000022 6.000000000000022 0
1 43.0 475.0 5.798706752371599 2.067002660859438 -29.7
1 55.0 524.0 6.087692502089768 4.85618162757529 15.2
1 71.0 515.0 4.429446918069997 2.751817581163393 62.6
0 99.4 556.2 2.23606797749979 2.23606797749979 0
1 62.0 729.0 8.818304825758755 4.523549491273452 -12.9
1 97.0 699.0 8.665160125467965 4.997999599839912 -71.7
1 228.0 510.0 5.688585061331151 3.033562262423529 -8.5
1 213.0 369.0 9.884963328207128 5.578530272392541 73.5
0 419.3 99.2 5.437830449728976 5.437830449728976 0
0 426.7 357.2 2.5059928172283183 2.5059928172283183 0
1 499.0 421.0 12.503550410982 9.184643184233487 51.1
1 369.0 732.0 8.309632964216924 3.7871493236998357 49.9
1 610.0 395.0 5.085518655948463 3.5777087639996505 -61.1
1 645.0 403.0 3.952847075210474 3.3049205739321805 71.6
0 632.2 288.9 6.519202405202645 6.519202405202645 0
0 595.4 126.3 3.2557641192199656 3.2557641192199656 0
1 669.0 169.0 8.70919054792119 7.366987172514965 56.7
1 762.0 226.0 12.44760586143574 7.359375861142172 -42.0
1 742.0 366.0 5.542207739453413 3.4883286700154135 -64.5
0 897.8 195.2 5.322593352868572 5.322593352868572 0
0 954.5 182.3 5.727128425310573 5.727128425310573 0
1 942.0 306.0 4.360332556124557 3.413209633175209 5.0
0 966.1 395.5 3.7643060449437105 3.7643060449437105 0
1 941.0 572.0 8.434008536870262 4.6349217900629425 17.1
0 916.7 628.7 3.605551275463989 3.605551275463989 0
1 954.0 684.0 12.763228431709564 7.086783473480777 59.3
