0 85.0 73.625 5.25 5.25 0
0 29.25 179.75 5.153882032022076 5.153882032022076 0
1 103.0 248.0 6.992462459677563 6.0029289725932955 10.3
1 26.0 239.0 7.5728235322104265 5.217907866185451 41.9
0 71.25 358.125 4.00195264839553 4.00195264839553 0
0 10.875 479.25 8.764274071479052 8.764274071479052 0
0 76.5 696.75 3.6763602924631855 3.6763602924631855 0
0 185.75 738.5 3.8344654125444917 3.8344654125444917 0
0 233.375 572.625 9.805929328727593 9.805929328727593 0
1 210.0 445.0 4.120262430962377 4.136820185843228 85.7
0 347.25 11.75 4.317479009792636 4.317479009792636 0
1 234.0 573.0 10.218128803748757 9.280566052240564 -17.2
1 464.0 120.0 8.22771611688201 7.379236071572721 -84.3
1 490.0 234.0 4.948563554204392 3.054837352462484 -61.9
1 482.0 309.0 5.987617430998744 4.650268809434569 36.3
0 398.5 388.375 4.0945848385398 4.0945848385398 0
0 612.0 391.5 8.024376922852017 8.024376922852017 0
1 574.0 428.0 12.411719512219086 10.130399794677405 -21.7
1 580.0 517.0 11.978659409549968 9.351010974755617 14.3
0 766.375 477.5 3.607717422415453 3.607717422415453 0
0 705.625 505.5 5.501420271166347 5.501420271166347 0
0 682.0 592.0 4.315669125408017 4.315669125408017 0
0 676.875 755.875 3.25 3.25 0
0 798.125 543.0 3.9151149408414563 3.9151149408414563 0
1 826.0 107.0 9.851435491845846 5.562851112514157 -84.9
1 793.0 719.0 3.2882366094914763 2.378287198805056 -3.0
