0 387.2024291497976 187.84615384615384 6.518721533645591 6.518721533645591 0
0 395.7 374.2 6.926037828369146 6.926037828369146 0
0 550.9 368.0 8.266196223173061 8.266196223173061 0
0 828.6 477.6 5.371219600798265 5.371219600798265 0
0 77.5 238.5 8.861715409558139 8.861715409558139 0
0 127.4 234.5 2.561249694973136 2.561249694973136 0
0 418.6 14.1 9.315041599477679 9.315041599477679 0
0 38.5 538.5 9.20054346220914 9.20054346220914 0
0 353.9 573.4 5.161395160225613 5.161395160225613 0
0 884.5 280.3 4.3931765272977525 4.3931765272977525 0
0 212.9 3.9 12.101652779682613 12.101652779682613 0
0 339.8 645.2 3.9999999999999316 3.9999999999999316 0
0 397.1 707.3 8.429116205154635 8.429116205154635 0
1 955.0 20.0 5.020209158989285 3.970201506221076 34.4
1 870.0 159.0 8.648265722097076 5.854912467321777 7.9
1 912.0 140.0 19.38820517737523 8.47009445047693 -34.7
1 561.0 189.0 7.605918747922548 6.307138812488589 25.3
1 508.0 43.0 14.230688669210638 6.196975068531421 77.6
1 87.0 150.0 12.486793023030378 8.90014044833001 -33.4
1 206.0 599.0 11.629703349613008 7.966335418497047 24.3
1 252.0 484.0 12.098140352963325 10.984762173119636 -21.4
1 556.0 345.0 14.28513213099549 6.060528029800706 -46.8
