0 715.9 141.4 4.940647730814254 4.940647730814254 0
0 727.1 61.6 6.500000000000022 6.500000000000022 0
0 772.7 637.0 5.556977595779859 5.556977595779859 0
0 775.5 459.8 3.3541019662496847 3.3541019662496847 0
0 703.9 386.0 3.7947331922020733 3.7947331922020733 0
0 30.1 389.9 4.308131845707612 4.308131845707612 0
0 219.97851772287862 755.4242749731471 4.0759755018282045 4.0759755018282045 0
0 419.4414607948442 741.4607948442534 4.757730309420017 4.757730309420017 0
0 976.3 539.0 4.810405388322247 4.810405388322247 0
0 790.6 197.6 10.187246929371986 10.187246929371986 0
0 808.0 170.1 2.751363298439544 2.751363298439544 0
0 988.8 189.0 9.750897394599182 9.750897394599182 0
1 628.0 754.0 7.86924392810386 4.802343178074647 -1.8
1 624.0 744.0 4.589389937671469 1.677050983124822 -82.5
1 657.0 694.0 4.4300112866673675 3.8710463701691635 -53.5
1 601.0 586.0 4.856439024635255 2.4824383174612668 -87.0
1 658.0 430.0 5.403702434442553 3.9499999999999886 -0.0
1 543.0 360.0 12.666984645131608 10.90366910723176 -7.9
1 530.0 374.0 11.897583788316016 8.391811485013266 75.2
1 326.0 168.0 6.364157446198198 5.22804934942278 79.1
1 248.0 143.0 10.578515963971501 5.5901699437494745 -64.3
1 28.0 170.0 12.65948261186057 7.870514595628425 -77.8
1 209.0 698.0 12.130832120812656 8.887339697708802 -54.9
1 380.0 748.0 3.9629534440868563 2.147673159491445 -28.4
1 890.0 467.0 4.177319714841109 3.834383914007571 -79.0
1 744.0 115.0 4.766812352086033 3.21908372056402 -85.2
1 941.0 157.0 13.22166782217734 10.498809456314557 36.5
0 955.2 59.6 4.134005321718876 4.134005321718876 0
