0 348.4 131.4 11.609048195265624 11.609048195265624 0
0 254.7 47.7 7.170076708097337 7.170076708097337 0
0 408.6 9.9 4.716990566028302 4.716990566028302 0
0 428.8 293.8 4.701063709417289 4.701063709417289 0
0 270.0 340.7 10.733126291998964 10.733126291998964 0
0 76.7 576.0 12.05031119930104 12.05031119930104 0
0 766.4 360.9 10.575916035975274 10.575916035975274 0
0 838.8 497.0 4.770744176750576 4.770744176750576 0
0 751.2 566.8 4.785394445602078 4.785394445602078 0
0 991.2 601.3 3.99624824053761 3.99624824053761 0
0 841.4 706.2 4.219004621945781 4.219004621945781 0
0 868.9 453.0 2.1931712199461475 2.1931712199461475 0
0 74.3 732.0 4.386342439892264 4.386342439892264 0
0 30.5 705.8 3.3999999999999573 3.3999999999999573 0
0 889.2 127.6 2.7730849247724048 2.7730849247724048 0
0 1004.0 315.8 2.692582403567252 2.692582403567252 0
1 904.0 581.0 4.513590588434016 3.220248437620883 36.9
1 240.0 526.0 10.67637578956455 7.753870001489584 66.4
1 209.0 658.0 4.1303752856127 3.053686296920493 -83.0
1 977.0 481.0 4.651075144523044 3.0602287496198826 88.8
1 865.0 191.0 11.643131022195027 8.850141241810764 22.3
1 911.0 242.0 4.670385423067368 3.2649655434629063 -23.3
