0 370.17575083426027 99.88876529477197 5.769211336992194 5.769211336992194 0
0 252.1 198.5 5.185556864985676 5.185556864985676 0
0 196.4 247.3 8.354639429682155 8.354639429682155 0
0 104.9 267.9 2.6419689627245897 2.6419689627245897 0
1 33.0 304.0 6.612866246946169 3.788469347902923 20.9
0 23.0 580.8 9.402127418834567 9.402127418834567 0
0 251.8 557.2 3.7483329627982096 3.7483329627982096 0
0 353.9 520.2 2.5612496949730827 2.5612496949730827 0
1 294.0 618.0 6.630936656771864 5.243661775940042 -21.2
1 243.0 686.0 13.559221954079824 6.25 -87.9
1 220.0 694.0 4.106701839676222 3.181980515339464 46.6
1 499.0 555.0 11.687707217414378 7.130567999815987 57.1
0 429.8 398.5 5.303772242470448 5.303772242470448 0
0 736.5 275.6 7.353910524340118 7.353910524340118 0
0 833.6 31.6 5.573149917237106 5.573149917237106 0
0 861.0 145.6 4.904079934095699 4.904079934095699 0
