0 201.74358974358975 24.476190476190453 4.761904761904764 4.761904761904764 0
0 372.07326007326003 58.90842490842489 4.690933507276801 4.690933507276801 0
0 425.18681318681314 169.5311355311355 6.480515023060147 6.480515023060147 0
0 585.2600732600733 161.8388278388278 3.1296717015815037 3.1296717015815037 0
0 372.07326007326003 349.75091575091574 4.633373861052554 4.633373861052554 0
0 370.97435897435895 375.75824175824175 4.426024166151887 4.426024166151887 0
0 531.4139194139194 481.98534798534797 8.04194080589752 8.04194080589752 0
0 570.974358974359 560.0073260073259 10.203947455812543 10.203947455812543 0
0 47.531135531135526 632.9010989010989 7.890351365764868 7.890351365764868 0
0 221.8901098901099 752.6813186813187 3.4750303957894246 3.4750303957894246 0
0 393.68498168498166 684.1831501831501 3.151034896352596 3.151034896352596 0
0 598.0805860805862 512.3882783882783 3.893826305030984 3.893826305030984 0
0 698.8131868131868 557.076923076923 4.144215567393671 4.144215567393671 0
0 774.2710622710623 626.6739926739926 4.176466758604889 4.176466758604889 0
0 822.2564102564103 736.1978021978022 4.690933507276818 4.690933507276818 0
0 651.1941391941392 292.24175824175825 5.733507634614844 5.733507634614844 0
0 773.1721611721612 48.65201465201463 5.101973727906298 5.101973727906298 0
1 522.0 171.0 12.221758696485674 8.84636239980465 -28.8
1 550.0 185.0 9.04138831296522 4.0000603787255615 8.3
1 589.0 311.0 6.603573764586051 4.228350322569665 -17.7
1 598.0 687.0 13.097479251854333 10.13964141807068 -20.3
1 700.0 706.0 6.72438086105706 3.6261886214694417 -32.3
1 664.0 302.0 11.502064811800423 7.650768708500163 -38.7
1 701.0 83.0 14.367662020113695 7.589138957912311 -79.0
1 615.0 18.0 10.898590144184492 6.974151195846106 63.7
