0 414.7 249.6 5.70087712549569 5.70087712549569 0
0 372.3 162.9 5.186520991955988 5.186520991955988 0
0 118.9 353.9 7.783315488916051 7.783315488916051 0
0 240.3 581.1 11.723907198540894 11.723907198540894 0
0 69.2 605.3 3.280243893371363 3.280243893371363 0
0 159.9 595.6 2.4999999999999862 2.4999999999999862 0
0 837.6 38.2 3.498571136907157 3.498571136907157 0
0 745.1 197.6 2.7018512172212876 2.7018512172212876 0
0 603.5 355.7 2.332380757938114 2.332380757938114 0
0 927.0 590.0 2.785677655436845 2.785677655436845 0
0 659.6707818930041 220.5740740740741 2.700494804198833 2.700494804198833 0
1 248.0 402.0 6.010199663904686 2.8071337695236513 4.1
1 30.0 602.0 8.421995013059584 4.281646879414491 -42.6
1 379.0 634.0 4.4002840817383655 2.9206163733020625 -53.3
1 323.0 241.0 3.889730067755344 2.9274562336608954 -75.7
1 427.0 190.0 3.650342449688818 2.6570660511172863 19.9
1 873.0 221.0 6.357082664241525 4.816637831516914 4.8
1 75.0 72.0 10.759414482210454 7.701460900374684 -1.1
0 148.8 81.6 2.5495097567963776 2.5495097567963776 0
0 563.6 60.4 2.4186773244895323 2.4186773244895323 0
