0 60.79032258064516 150.3306451612903 5.424848406078111 5.424848406078111 0
0 332.96774193548384 226.94354838709677 4.561979233461607 4.561979233461607 0
0 59.58064516129032 399.12096774193543 3.804024650022817 3.804024650022817 0
0 731.758064516129 155.57258064516128 6.3755597987265515 6.3755597987265515 0
0 638.2096774193548 27.749999999999975 6.650170363899453 6.650170363899453 0
0 919.258064516129 109.6048387096774 5.241935483870966 5.241935483870966 0
0 941.0322580645161 228.1532258064516 3.9917318292789443 3.9917318292789443 0
0 980.5483870967741 475.7338709677419 9.097188848934255 9.097188848934255 0
0 952.7258064516129 653.1532258064516 4.286349118038053 4.286349118038053 0
0 901.516129032258 143.4758064516129 9.06137300574365 9.06137300574365 0
0 128.10360360360363 692.3333333333333 2.749224237777924 2.749224237777924 0
1 318.0 63.0 5.452125422031622 3.030095506097682 -39.2
1 360.0 340.0 4.629460538534791 3.8354473797131443 -3.4
1 228.0 613.0 15.185592640574377 9.371237036651587 55.4
1 456.0 734.0 7.532428607293119 3.380254734189993 -58.6
1 376.0 686.0 10.81550198517385 8.49012469593277 -62.2
1 512.0 626.0 4.346905194959155 3.63513792602903 -73.4
1 389.0 615.0 5.058801226400068 3.743416697881672 -73.2
1 489.0 196.0 18.46881179641325 7.306814503382141 66.8
1 636.0 77.0 6.578928679720063 5.559232003242075 -83.1
1 676.0 675.0 5.702474041826971 4.508201567539901 10.3
1 962.0 677.0 10.407991531564793 7.33882045290377 -33.4
1 812.0 532.0 9.960983328254517 7.053570840538679 -55.7
1 748.0 283.0 11.929284026199213 5.860662037801878 -57.7
1 926.0 296.0 4.858030317595286 3.1851656810204783 -44.5
1 799.0 156.0 6.881471034627444 4.440063618053477 -34.1
1 1015.0 735.0 4.302921886158339 2.0947156799255033 41.5
