1 149.0 15.0 9.896535062838913 3.48209706929603 65.0
1 190.0 95.0 4.677906850291057 2.809025631780529 -22.3
1 66.0 143.0 5.038911092686593 2.4882536546742977 23.8
0 25.5 283.625 5.310661446562 5.310661446562 0
0 9.0 312.625 3.824264635194589 3.824264635194589 0
0 160.375 393.5 12.713796639871191 12.713796639871191 0
0 48.75 424.875 5.735034873477231 5.735034873477231 0
0 81.5 525.625 4.142010381445223 4.142010381445223 0
0 88.875 510.0 3.6443449342783127 3.6443449342783127 0
1 52.0 483.0 12.813109741588885 8.085963919038967 31.5
1 84.0 491.0 6.8673252617012395 4.177693741767101 -40.4
1 23.0 523.0 11.012954020152813 9.239225143376473 -35.9
1 279.0 341.0 12.675024654808368 7.475219478383226 84.9
0 196.75 572.25 2.850438562747845 2.850438562747845 0
0 214.875 607.25 4.631751828412226 4.631751828412226 0
0 280.875 698.0 2.8201285431696195 2.8201285431696195 0
0 321.625 541.375 2.414150989478496 2.414150989478496 0
0 204.125 224.125 6.206095793653205 6.206095793653205 0
0 207.5 236.5 2.6721947908039936 2.6721947908039936 0
0 345.0 590.75 5.398205720422296 5.398205720422296 0
0 423.875 741.75 3.023346655611956 3.023346655611956 0
0 412.125 419.625 12.311706827243736 12.311706827243736 0
0 416.375 459.375 6.384796394561067 6.384796394561067 0
0 355.0 315.25 8.508268037620818 8.508268037620818 0
1 395.0 553.0 5.065585479488033 3.13871988237243 12.6
1 482.0 161.0 8.754463147446565 10.12133421293853 -81.1
1 571.0 176.0 5.129571132170798 3.1899500387937114 45.9
0 590.125 465.625 9.179630983868579 9.179630983868579 0
0 596.625 683.625 5.70087712549569 5.70087712549569 0
0 632.25 549.125 2.942150573984955 2.942150573984955 0
1 647.0 496.0 5.137560826890519 2.050152433357091 53.2
1 692.0 465.0 17.27545675951869 5.064042974738662 -63.5
0 656.75 29.875 5.185617128172885 5.185617128172885 0
0 772.25 363.375 2.6100766272276377 2.6100766272276377 0
1 921.0 138.0 11.963486114005399 10.574881796029684 27.3
1 913.0 291.0 6.42322446283796 4.288884616074441 13.2
0 837.25 392.0 3.8507304501873407 3.8507304501873407 0
0 870.125 652.25 4.829919771590414 4.829919771590414 0
0 889.5 668.25 4.315669125408017 4.315669125408017 0
0 991.5 37.875 7.950039308078923 7.950039308078923 0
0 988.875 49.375 6.063466417817452 6.063466417817452 0
