0 627.7314629258517 430.8436873747495 5.422869389873637 5.422869389873637 0
0 532.6412825651303 487.4569138276553 5.518304534274244 5.518304534274244 0
0 218.3 541.7 6.260990336999386 6.260990336999386 0
0 11.20879120879121 597.2417582417582 9.183552710231288 9.183552710231288 0
0 12.637362637362639 477.1318681318681 9.38901510474454 9.38901510474454 0
0 77.58241758241759 359.8791208791208 2.6578871697687636 2.6578871697687636 0
0 324.72460220318237 254.80783353733167 3.7805251435692675 3.7805251435692675 0
0 333.29959514170037 140.3765182186235 4.935702566897391 4.935702566897391 0
0 435.32388663967606 157.88663967611336 3.4959344208847103 3.4959344208847103 0
0 51.07692307692308 197.43589743589743 3.4886874567579325 3.4886874567579325 0
0 769.3 250.3 3.3999999999999972 3.3999999999999972 0
0 815.8 155.5 9.529428104561234 9.529428104561234 0
0 794.1 753.4 10.292715870944793 10.292715870944793 0
0 994.9 660.2 4.341658669218422 4.341658669218422 0
1 593.0 496.0 11.59282002862421 10.035885499011059 -45.9
1 519.0 718.0 8.909685740810431 7.353910524340082 -66.8
1 433.0 741.0 8.855083285887245 3.69120576505835 26.5
1 504.0 660.0 6.444377394287206 1.5206906325745586 48.0
1 164.0 555.0 13.144295340565055 6.957010852370457 19.7
1 45.0 674.0 7.3437047870948735 6.289077833832244 -83.7
1 448.0 374.0 5.288667128870936 2.961840643923975 -74.6
1 627.0 203.0 9.828657080191588 5.757820768311566 85.6
1 620.0 27.0 5.60022320983725 3.3900589965367773 52.7
1 715.0 74.0 5.933169473392795 4.266438795998363 -10.1
1 827.0 198.0 8.235593481953792 6.744627491566901 15.5
1 850.0 468.0 7.229453644640111 4.795049530505392 -49.5
1 839.0 17.0 5.452063829413591 3.9003204996512557 -88.4
