0 342.5 285.4 6.1846584384265215 6.1846584384265215 0
0 430.2 317.9 2.5059928172283454 2.5059928172283454 0
0 336.7 360.0 4.382921400162255 4.382921400162255 0
0 111.17078410311493 236.4124597207304 4.10418328131959 4.10418328131959 0
0 156.71641791044775 461.768082663605 4.465820973312681 4.465820973312681 0
0 365.3 491.0 4.123105625617666 4.123105625617666 0
0 366.384133611691 665.7620041753653 1.9247483209380043 1.9247483209380043 0
0 1015.9 728.4 6.88186021363412 6.88186021363412 0
0 921.2 296.9 6.720119046564604 6.720119046564604 0
0 881.5 179.8 3.820994634908563 3.820994634908563 0
0 552.8 95.1 6.306346010171074 6.306346010171074 0
0 965.4 202.9 3.189043743820414 3.189043743820414 0
1 236.0 496.0 9.48815050470848 5.88600033978933 84.9
0 223.4 517.9 6.862215385719097 6.862215385719097 0
1 154.0 516.0 5.111995696398781 3.80295937396128 -86.1
1 562.0 679.0 6.115211933678907 4.558210684524772 51.5
1 177.0 598.0 12.91171948270256 11.05101805265017 -87.6
1 405.0 748.0 10.850345616615177 5.425172808307607 -9.5
1 919.0 271.0 11.35341358358801 8.232405480781425 -59.7
1 829.0 70.0 5.665906811799858 2.4052026941611393 -66.7
1 963.0 131.0 9.992497185388633 8.46832332873513 -67.8
1 1016.0 127.0 8.778524933039725 6.151625801363367 70.0
