0 129.74193548387098 19.685483870967715 3.4686795431623425 3.4686795431623425 0
0 102.3225806451613 278.5564516129032 5.257421294518261 5.257421294518261 0
0 137.80645161290323 232.18548387096772 2.5502239194906187 2.5502239194906187 0
0 653.5322580645161 149.12096774193546 4.342874844463313 4.342874844463313 0
0 455.54838709677415 221.29838709677418 3.0708762523644855 3.0708762523644855 0
0 208.3709677419355 340.6532258064516 4.702380560359082 4.702380560359082 0
0 465.22580645161287 432.9919354838709 11.152674746725284 11.152674746725284 0
0 408.7741935483871 457.1854838709677 2.581904934448725 2.581904934448725 0
0 476.1129032258064 566.0564516129032 5.730915485303183 5.730915485303183 0
0 194.66129032258064 688.6370967741935 5.99438255940261 5.99438255940261 0
0 934.1774193548387 482.58870967741933 4.719637060774048 4.719637060774048 0
1 88.0 91.0 5.648760373436246 4.838709677419359 -88.0
1 378.0 13.0 10.015921248688898 8.629409096384142 -51.0
1 459.0 61.0 7.578607310166335 3.3372873704126764 -61.6
1 414.0 103.0 12.482102171100088 10.362981674109998 -33.5
1 71.0 182.0 12.752713387797153 6.9986108700442635 39.8
1 234.0 258.0 15.654563603067851 12.431524201183862 -82.2
1 295.0 306.0 12.716005670339918 7.0823258347783495 -3.2
1 266.0 377.0 7.756203250673918 7.0333723961743555 -27.6
1 762.0 506.0 7.650671758471911 5.547103424273234 71.6
