0 117.7 549.4 7.003570517957266 7.003570517957266 0
0 450.4 596.2 11.200446419674519 11.200446419674519 0
0 478.7 620.9 4.384062043356627 4.384062043356627 0
0 543.9 133.2 5.7939623747484035 5.7939623747484035 0
0 314.3 39.8 5.622277118748244 5.622277118748244 0
0 573.9 84.0 3.9458839313897807 3.9458839313897807 0
0 479.2 95.8 3.3421549934137036 3.3421549934137036 0
0 989.1 333.2 5.197114584074525 5.197114584074525 0
0 892.7 101.4 4.410215414239968 4.410215414239968 0
0 85.1 84.4 10.095543571299167 10.095543571299167 0
0 119.3 215.2 3.3286633954186557 3.3286633954186557 0
1 39.0 420.0 7.766595135579062 4.377784827969509 77.6
1 109.0 385.0 4.65295604965273 3.2422985673747013 -62.3
1 56.0 259.0 3.9147158262126736 2.7504545078950287 -27.8
1 268.0 270.0 4.300000000000011 2.5985572920372397 90.0
1 638.0 346.0 15.187659464183408 8.012802256389444 24.5
1 206.0 707.0 11.855167649594833 4.512205669071425 3.0
1 559.0 241.0 6.935416353759848 2.2671568097509183 43.2
