0 473.5 379.1 5.731491952362816 5.731491952362816 0
0 300.5 347.3 4.468780594300834 4.468780594300834 0
0 640.4 176.8 5.371219600798315 5.371219600798315 0
0 452.6 525.4 4.455333881989101 4.455333881989101 0
0 547.2 575.9 3.9446165846631844 3.9446165846631844 0
0 666.7 664.3 3.220248437620904 3.220248437620904 0
0 592.1 695.3 3.8013155617496426 3.8013155617496426 0
0 232.4 443.8 2.69072480941475 2.69072480941475 0
0 290.6 402.8 1.8027756377319726 1.8027756377319726 0
0 932.2 61.0 2.831960451701245 2.831960451701245 0
0 1012.6 80.6 4.243819034784576 4.243819034784576 0
0 1022.2 98.2 2.360084744241266 2.360084744241266 0
0 471.6 719.3 5.852349955359882 5.852349955359882 0
0 71.2 35.1 2.662705391138872 2.662705391138872 0
1 662.0 321.0 12.422660745589063 6.911584478250994 3.3
1 562.0 403.0 6.772001181334807 1.9962464777677076 16.7
1 168.0 343.0 12.477980605851254 5.21967431934216 -9.4
0 222.1 291.1 2.3706539182259188 2.3706539182259188 0
1 368.0 148.0 5.740426813399852 3.1004031995854935 -52.4
1 92.0 31.0 12.713772060250253 11.058141796884321 18.1
1 632.0 34.0 13.222896808188418 8.080377466430635 17.1
1 306.0 462.0 6.109418957642354 3.090711892105101 9.3
1 410.0 657.0 9.051243008559641 4.821306876771098 -43.7
1 890.0 416.0 6.356886030125125 4.9962485926943145 -13.9
1 926.0 430.0 6.198790204548005 1.3892443989449894 24.6
1 971.0 359.0 10.226680790950693 8.246211251235321 74.4
1 1000.0 407.0 16.329421300217618 7.209022125087447 -62.6
1 467.0 751.0 7.504165509901805 2.0670026608594205 -55.5
