0 121.9 158.0 6.6068146636635605 6.6068146636635605 0
0 102.2 286.0 5.517245689653486 5.517245689653486 0
0 105.3 358.8 3.310589071449372 3.310589071449372 0
0 332.7 291.2 6.8963758598266836 6.8963758598266836 0
0 496.6 324.9 8.13203541556479 8.13203541556479 0
0 453.1 344.5 2.6832815729997224 2.6832815729997224 0
0 517.436974789916 251.68067226890759 4.531440044143473 4.531440044143473 0
0 575.7 16.7 5.7489129407218815 5.7489129407218815 0
0 483.2 14.8 4.386342439892267 4.386342439892267 0
0 848.3 671.2 7.119691004530965 7.119691004530965 0
0 189.4 713.1 6.942621983083858 6.942621983083858 0
0 424.78991596638656 500.3151260504202 2.918580670052498 2.918580670052498 0
0 336.1 574.5 2.9154759474226797 2.9154759474226797 0
1 748.0 103.0 6.470123646422878 5.870689908349792 -39.7
1 732.0 215.0 4.879549159502325 3.564056677439338 -49.1
1 949.0 542.0 11.151345210332204 10.218243488976004 -82.3
1 448.0 389.0 6.983552104767313 4.981214711292831 -31.3
1 479.0 368.0 7.05070918418849 4.202975136733512 -35.2
1 523.0 411.0 10.388094146666178 6.266179059043876 -82.5
1 476.0 572.0 7.933630946798577 3.8577843381920376 -39.3
1 471.0 728.0 10.661730628748781 8.631338250816034 -10.0
1 75.0 624.0 4.5224440295044 3.8733060813728737 -8.0
1 54.0 707.0 6.530122510336222 5.208886637276712 70.5
