0 159.6 10.9 5.235456045083369 5.235456045083369 0
0 819.0 105.7 9.873702446397706 9.873702446397706 0
0 942.9 172.2 3.661966684720124 3.661966684720124 0
0 994.3 117.4 9.765244492586975 9.765244492586975 0
0 738.6 389.0 9.745255255764244 9.745255255764244 0
0 703.6 381.2 5.024937810560466 5.024937810560466 0
0 289.1 756.9 11.81397477566292 11.81397477566292 0
0 398.5 559.7 2.9410882339705235 2.9410882339705235 0
0 252.3 493.0 3.269556544854356 3.269556544854356 0
1 156.0 337.0 8.871442949148683 7.082548976180834 38.1
1 580.0 510.0 9.234717104492171 6.677012805139701 -19.3
1 484.0 598.0 4.403691633164166 3.324154027718958 -77.5
1 493.0 605.0 9.581883948368388 6.189709201569974 -45.0
1 228.0 547.0 7.700649323271393 2.259424705538993 53.3
1 385.0 601.0 8.032997996410343 4.24283728286757 63.4
1 715.0 639.0 11.879604370516722 5.770615218501389 -81.5
1 660.0 637.0 4.856181627575354 4.320011574058545 16.1
1 844.0 625.0 13.046551268438714 9.340503198436318 -45.4
1 898.0 738.0 12.606050134756703 10.004249097258635 58.4
1 860.0 728.0 12.976613579821176 10.484512387326374 46.8
