0 6.312292358803986 305.26245847176085 5.638060713779783 5.638060713779783 0
0 116.94352159468437 342.8039867109635 4.014300987905195 4.014300987905195 0
0 237.54152823920265 365.7275747508306 3.3222591362125966 3.3222591362125966 0
0 485.3820598006644 344.13289036544853 3.0084336007101053 3.0084336007101053 0
0 197.34219269102988 396.624584717608 3.714398633720606 3.714398633720606 0
0 39.86710963455149 502.60465116279073 4.254567599623142 4.254567599623142 0
0 531.8936877076411 639.813953488372 3.134213000683364 3.134213000683364 0
0 838.8704318936876 699.282392026578 3.531609904563091 3.531609904563091 0
0 922.2591362126245 509.249169435216 4.756751183812677 4.756751183812677 0
0 755.1495016611295 181.00996677740866 4.1627787661600175 4.1627787661600175 0
0 686.7109634551495 143.13621262458474 4.254567599623142 4.254567599623142 0
1 174.0 559.0 7.975152082496897 3.05394955329735 36.9
1 12.0 516.0 7.819669299627779 6.450660411610484 12.1
1 113.0 439.0 7.564981751983851 4.472728245128322 71.8
1 785.0 728.0 8.470132082380022 5.117249767690827 13.1
1 921.0 358.0 5.1735586386702765 3.5549725181117426 40.8
