0 0.163333 0.551667 0.293333 0.183333
0 0.175 0.721667 0.21 0.143333
0 0.82 0.656667 0.206667 0.206667
0 0.176667 0.196667 0.16 0.166667
0 0.856667 0.23 0.193333 0.266667
0 0.695 0.783333 0.21 0.293333
0 0.328333 0.326667 0.203333 0.233333
0 0.846667 0.121667 0.26 0.23
0 0.696667 0.47 0.293333 0.22
0 0.513333 0.623333 0.206667 0.3
0 0.515 0.436667 0.176667 0.233333
0 0.668333 0.165 0.196667 0.17
0 0.24 0.116667 0.133333 0.166667
0 0.313333 0.835 0.273333 0.276667
0 0.443333 0.233333 0.173333 0.173333
