0 0.176667 0.85 0.113333 0.113333
0 0.895 0.228333 0.163333 0.116667
0 0.226667 0.913333 0.12 0.113333
0 0.213333 0.178333 0.226667 0.236667
0 0.376667 0.823333 0.2 0.186667
0 0.55 0.243333 0.113333 0.16
0 0.496667 0.823333 0.16 0.193333
0 0.39 0.265 0.173333 0.256667
0 0.66 0.711667 0.153333 0.123333
0 0.766667 0.846667 0.24 0.193333
0 0.833333 0.765 0.146667 0.243333
0 0.155 0.246667 0.123333 0.14
0 0.726667 0.31 0.186667 0.213333
0 0.863333 0.506667 0.24 0.18
0 0.306667 0.646667 0.126667 0.14
0 0.75 0.21 0.213333 0.213333
0 0.453333 0.636667 0.186667 0.193333
0 0.463333 0.408333 0.233333 0.21
0 0.286667 0.42 0.173333 0.226667
0 0.67 0.581667 0.2 0.183333
