0 0.663333 0.386667 0.12 0.166667
0 0.253333 0.701667 0.233333 0.11
0 0.346667 0.746667 0.18 0.233333
0 0.63 0.463333 0.12 0.113333
0 0.153333 0.5 0.133333 0.14
0 0.523333 0.74 0.146667 0.153333
0 0.52 0.343333 0.14 0.206667
0 0.613333 0.686667 0.18 0.2
0 0.893333 0.375 0.133333 0.13
0 0.596667 0.876667 0.133333 0.193333
0 0.473333 0.416667 0.213333 0.166667
0 0.165 0.36 0.163333 0.213333
0 0.293333 0.81 0.14 0.14
0 0.88 0.796667 0.166667 0.14
0 0.733333 0.59 0.106667 0.126667
0 0.893333 0.473333 0.14 0.133333
0 0.616667 0.168333 0.12 0.23
0 0.446667 0.605 0.146667 0.163333
0 0.716667 0.186667 0.246667 0.24
0 0.783333 0.868333 0.146667 0.19
0 0.236667 0.15 0.2 0.233333
0 0.366667 0.183333 0.18 0.22
0 0.836667 0.633333 0.18 0.186667
0 0.27 0.416667 0.186667 0.22
