0 0.713333 0.636667 0.12 0.12
0 0.498333 0.373333 0.15 0.146667
0 0.136667 0.49 0.24 0.133333
0 0.353333 0.723333 0.133333 0.166667
0 0.111667 0.278333 0.156667 0.11
0 0.423333 0.836667 0.16 0.133333
0 0.9 0.106667 0.186667 0.18
0 0.771667 0.76 0.13 0.153333
0 0.283333 0.325 0.226667 0.223333
0 0.83 0.381667 0.233333 0.223333
0 0.181667 0.12 0.236667 0.226667
0 0.31 0.853333 0.16 0.153333
0 0.366667 0.936667 0.106667 0.113333
0 0.841667 0.83 0.17 0.173333
0 0.166667 0.796667 0.106667 0.153333
0 0.785 0.126667 0.183333 0.22
0 0.575 0.461667 0.216667 0.216667
0 0.371667 0.481667 0.21 0.176667
0 0.64 0.74 0.126667 0.146667
0 0.868333 0.681667 0.17 0.163333
0 0.196667 0.666667 0.193333 0.126667
0 0.641667 0.258333 0.196667 0.21
0 0.543333 0.668333 0.173333 0.19
