0 0.71 0.311667 0.106667 0.156667
0 0.876667 0.116667 0.106667 0.18
0 0.345 0.4 0.13 0.24
0 0.755 0.813333 0.17 0.12
0 0.345 0.858333 0.143333 0.136667
0 0.181667 0.57 0.25 0.226667
0 0.148333 0.66 0.196667 0.166667
0 0.515 0.285 0.243333 0.136667
0 0.763333 0.25 0.206667 0.18
0 0.703333 0.62 0.173333 0.146667
0 0.345 0.765 0.156667 0.15
0 0.51 0.683333 0.213333 0.273333
0 0.615 0.106667 0.276667 0.173333
0 0.485 0.898333 0.13 0.13
0 0.223333 0.161667 0.2 0.163333
0 0.843333 0.778333 0.206667 0.27
0 0.56 0.883333 0.18 0.173333
0 0.48 0.456667 0.2 0.186667
0 0.346667 0.133333 0.18 0.186667
0 0.758333 0.481667 0.203333 0.196667
