0 0.123333 0.225 0.12 0.19
0 0.383333 0.491667 0.146667 0.163333
0 0.786667 0.36 0.126667 0.153333
0 0.635 0.453333 0.136667 0.173333
0 0.898333 0.353333 0.143333 0.153333
0 0.513333 0.3 0.14 0.166667
0 0.748333 0.785 0.15 0.19
0 0.406667 0.826667 0.173333 0.166667
0 0.29 0.725 0.113333 0.11
0 0.471667 0.68 0.17 0.2
0 0.155 0.37 0.21 0.193333
0 0.6 0.518333 0.213333 0.143333
0 0.451667 0.111667 0.123333 0.136667
0 0.585 0.193333 0.223333 0.226667
0 0.833333 0.56 0.18 0.14
0 0.26 0.38 0.12 0.126667
0 0.88 0.693333 0.193333 0.206667
0 0.32 0.565 0.206667 0.19
0 0.228333 0.86 0.183333 0.186667
0 0.68 0.643333 0.146667 0.2
0 0.341667 0.266667 0.203333 0.126667
0 0.893333 0.883333 0.2 0.133333
0 0.793333 0.156667 0.186667 0.186667
0 0.886667 0.17 0.206667 0.173333
