0 0.903333 0.496667 0.126667 0.233333
0 0.898333 0.303333 0.163333 0.253333
0 0.421667 0.171667 0.183333 0.243333
0 0.378333 0.11 0.163333 0.166667
0 0.838333 0.458333 0.236667 0.196667
0 0.425 0.506667 0.17 0.253333
0 0.575 0.586667 0.136667 0.186667
0 0.246667 0.643333 0.186667 0.226667
0 0.656667 0.183333 0.18 0.24
0 0.156667 0.626667 0.153333 0.16
0 0.683333 0.326667 0.16 0.16
0 0.315 0.296667 0.13 0.126667
0 0.763333 0.73 0.193333 0.22
0 0.305 0.925 0.19 0.123333
0 0.186667 0.19 0.173333 0.206667
0 0.233333 0.533333 0.16 0.153333
0 0.706667 0.798333 0.233333 0.23
0 0.461667 0.785 0.256667 0.256667
0 0.543333 0.36 0.146667 0.166667
0 0.868333 0.891667 0.17 0.136667
