0 0.926667 0.54 0.126667 0.133333
0 0.106667 0.265 0.133333 0.13
0 0.5 0.413333 0.126667 0.106667
0 0.423333 0.696667 0.2 0.186667
0 0.481667 0.876667 0.156667 0.226667
0 0.773333 0.466667 0.153333 0.18
0 0.886667 0.853333 0.126667 0.16
0 0.246667 0.423333 0.14 0.133333
0 0.12 0.21 0.113333 0.18
0 0.146667 0.673333 0.106667 0.133333
0 0.733333 0.523333 0.146667 0.173333
0 0.476667 0.545 0.16 0.15
0 0.325 0.361667 0.19 0.216667
0 0.55 0.886667 0.173333 0.166667
0 0.235 0.771667 0.223333 0.17
0 0.556667 0.676667 0.2 0.213333
0 0.596667 0.365 0.166667 0.243333
0 0.266667 0.256667 0.146667 0.153333
0 0.423333 0.108333 0.193333 0.196667
0 0.646667 0.216667 0.173333 0.126667
0 0.873333 0.718333 0.233333 0.23
0 0.12 0.808333 0.193333 0.19
0 0.753333 0.763333 0.226667 0.2
0 0.521667 0.233333 0.183333 0.153333
