0 0.85 0.515 0.12 0.116667
0 0.326667 0.486667 0.12 0.153333
0 0.555 0.763333 0.27 0.173333
0 0.55 0.883333 0.153333 0.22
0 0.15 0.806667 0.24 0.166667
0 0.706667 0.801667 0.146667 0.23
0 0.483333 0.378333 0.246667 0.17
0 0.285 0.236667 0.27 0.193333
0 0.173333 0.466667 0.206667 0.233333
0 0.681667 0.523333 0.303333 0.153333
0 0.815 0.37 0.243333 0.193333
0 0.121667 0.338333 0.19 0.223333
0 0.515 0.24 0.303333 0.18
0 0.233333 0.693333 0.113333 0.2
0 0.111667 0.643333 0.176667 0.126667
0 0.76 0.67 0.226667 0.16
