0 0.401667 0.178333 0.156667 0.13
0 0.09 0.89 0.126667 0.186667
0 0.115 0.501667 0.13 0.13
0 0.826667 0.0883333 0.16 0.156667
0 0.42 0.14 0.193333 0.113333
0 0.0966667 0.406667 0.173333 0.12
0 0.77 0.86 0.18 0.12
0 0.383333 0.5 0.146667 0.18
0 0.638333 0.833333 0.116667 0.126667
0 0.248333 0.356667 0.216667 0.2
0 0.64 0.911667 0.206667 0.163333
0 0.815 0.685 0.23 0.156667
0 0.653333 0.18 0.233333 0.2
0 0.71 0.628333 0.193333 0.163333
0 0.248333 0.856667 0.216667 0.213333
0 0.805 0.21 0.163333 0.16
0 0.59 0.49 0.133333 0.14
0 0.285 0.733333 0.243333 0.153333
0 0.266667 0.556667 0.133333 0.153333
0 0.145 0.736667 0.23 0.193333
0 0.17 0.25 0.2 0.206667
0 0.88 0.531667 0.2 0.19
0 0.665 0.38 0.19 0.14
0 0.558333 0.336667 0.19 0.186667
