0 0.135 0.153333 0.25 0.16
0 0.9 0.325 0.186667 0.23
0 0.803333 0.26 0.24 0.186667
0 0.216667 0.886667 0.213333 0.186667
0 0.893333 0.671667 0.2 0.15
0 0.181667 0.251667 0.263333 0.303333
0 0.753333 0.341667 0.106667 0.116667
0 0.505 0.306667 0.203333 0.22
0 0.286667 0.543333 0.3 0.126667
0 0.39 0.13 0.233333 0.153333
0 0.916667 0.825 0.153333 0.243333
0 0.578333 0.72 0.316667 0.233333
0 0.378333 0.743333 0.263333 0.213333
0 0.438333 0.52 0.29 0.3
0 0.0833333 0.87 0.146667 0.186667
0 0.516667 0.15 0.26 0.253333
