0 0.753333 0.2 0.2 0.166667
0 0.11 0.185 0.113333 0.243333
0 0.65 0.296667 0.153333 0.133333
0 0.873333 0.253333 0.173333 0.146667
0 0.826667 0.146667 0.226667 0.12
0 0.35 0.171667 0.16 0.156667
0 0.826667 0.406667 0.14 0.153333
0 0.311667 0.785 0.176667 0.23
0 0.185 0.326667 0.176667 0.133333
0 0.53 0.113333 0.12 0.186667
0 0.166667 0.148333 0.173333 0.163333
0 0.743333 0.671667 0.22 0.123333
0 0.433333 0.498333 0.233333 0.183333
0 0.423333 0.256667 0.22 0.206667
0 0.683333 0.871667 0.12 0.15
0 0.851667 0.815 0.25 0.23
0 0.763333 0.566667 0.12 0.16
0 0.415 0.838333 0.123333 0.223333
0 0.37 0.593333 0.186667 0.2
0 0.293333 0.888333 0.126667 0.15
0 0.651667 0.413333 0.223333 0.213333
0 0.206667 0.44 0.186667 0.18
0 0.866667 0.615 0.166667 0.21
0 0.508333 0.586667 0.19 0.2
