0 0.35 0.853333 0.133333 0.18
0 0.301667 0.891667 0.11 0.163333
0 0.763333 0.703333 0.193333 0.193333
0 0.261667 0.335 0.236667 0.13
0 0.756667 0.92 0.133333 0.153333
0 0.866667 0.145 0.14 0.223333
0 0.406667 0.72 0.12 0.166667
0 0.623333 0.665 0.293333 0.31
0 0.311667 0.181667 0.23 0.223333
0 0.468333 0.343333 0.243333 0.253333
0 0.381667 0.52 0.176667 0.206667
0 0.79 0.243333 0.14 0.2
0 0.721667 0.513333 0.176667 0.28
0 0.133333 0.116667 0.153333 0.2
0 0.841667 0.915 0.15 0.15
0 0.69 0.12 0.193333 0.193333
