0 0.525 0.148333 0.27 0.15
0 0.413333 0.348333 0.12 0.23
0 0.811667 0.258333 0.223333 0.13
0 0.776667 0.183333 0.12 0.126667
0 0.158333 0.605 0.17 0.223333
0 0.148333 0.51 0.183333 0.186667
0 0.686667 0.348333 0.173333 0.316667
0 0.4 0.58 0.266667 0.266667
0 0.731667 0.836667 0.216667 0.16
0 0.57 0.558333 0.126667 0.176667
0 0.765 0.433333 0.156667 0.16
0 0.49 0.07 0.146667 0.12
0 0.286667 0.376667 0.253333 0.213333
0 0.731667 0.696667 0.283333 0.26
0 0.241667 0.203333 0.136667 0.14
0 0.563333 0.801667 0.206667 0.276667
