0 0.37 0.25 0.166667 0.133333
0 0.2 0.128333 0.16 0.143333
0 0.253333 0.903333 0.14 0.113333
0 0.8 0.425 0.193333 0.19
0 0.103333 0.873333 0.16 0.16
0 0.2 0.246667 0.166667 0.22
0 0.64 0.263333 0.193333 0.133333
0 0.76 0.625 0.18 0.176667
0 0.123333 0.426667 0.146667 0.2
0 0.701667 0.86 0.183333 0.12
0 0.435 0.583333 0.136667 0.126667
0 0.608333 0.458333 0.223333 0.223333
0 0.365 0.326667 0.156667 0.2
0 0.293333 0.84 0.14 0.133333
0 0.6 0.163333 0.186667 0.22
0 0.403333 0.77 0.153333 0.146667
0 0.87 0.246667 0.186667 0.193333
0 0.906667 0.646667 0.126667 0.146667
0 0.323333 0.66 0.206667 0.166667
0 0.146667 0.58 0.173333 0.173333
0 0.166667 0.771667 0.186667 0.176667
0 0.775 0.111667 0.203333 0.183333
0 0.63 0.786667 0.186667 0.206667
0 0.36 0.533333 0.166667 0.2
