0 0.831667 0.885 0.25 0.223333
0 0.803333 0.816667 0.193333 0.2
0 0.52 0.873333 0.226667 0.113333
0 0.203333 0.303333 0.233333 0.233333
0 0.493333 0.22 0.12 0.133333
0 0.836667 0.41 0.153333 0.153333
0 0.865 0.216667 0.256667 0.2
0 0.603333 0.483333 0.213333 0.266667
0 0.596667 0.1 0.246667 0.133333
0 0.426667 0.636667 0.253333 0.206667
0 0.455 0.138333 0.21 0.23
0 0.403333 0.841667 0.14 0.13
0 0.641667 0.606667 0.283333 0.233333
0 0.28 0.443333 0.246667 0.246667
0 0.913333 0.358333 0.153333 0.216667
0 0.146667 0.466667 0.153333 0.146667
