0 0.535 0.446667 0.17 0.14
0 0.803333 0.79 0.126667 0.193333
0 0.103333 0.796667 0.186667 0.146667
0 0.886667 0.293333 0.14 0.126667
0 0.296667 0.346667 0.133333 0.126667
0 0.455 0.453333 0.156667 0.16
0 0.601667 0.88 0.216667 0.22
0 0.471667 0.856667 0.25 0.113333
0 0.176667 0.616667 0.28 0.133333
0 0.861667 0.603333 0.163333 0.166667
0 0.185 0.358333 0.223333 0.223333
0 0.213333 0.91 0.18 0.16
0 0.171667 0.206667 0.19 0.253333
0 0.81 0.333333 0.213333 0.206667
0 0.23 0.801667 0.14 0.183333
0 0.76 0.683333 0.126667 0.266667
0 0.0833333 0.648333 0.14 0.123333
0 0.561667 0.745 0.216667 0.176667
0 0.293333 0.14 0.14 0.153333
0 0.466667 0.22 0.26 0.286667
