0 0.151667 0.0733333 0.13 0.133333
0 0.0983333 0.818333 0.17 0.216667
0 0.438333 0.83 0.123333 0.133333
0 0.196667 0.433333 0.193333 0.186667
0 0.396667 0.0733333 0.133333 0.12
0 0.198333 0.293333 0.256667 0.173333
0 0.311667 0.436667 0.29 0.173333
0 0.446667 0.753333 0.113333 0.133333
0 0.286667 0.808333 0.126667 0.256667
0 0.16 0.91 0.146667 0.16
0 0.855 0.138333 0.156667 0.13
0 0.9 0.216667 0.186667 0.246667
0 0.273333 0.666667 0.14 0.14
0 0.596667 0.441667 0.24 0.19
0 0.28 0.136667 0.2 0.2
0 0.586667 0.346667 0.233333 0.24
