0 0.565 0.285 0.216667 0.216667
0 0.66 0.653333 0.146667 0.186667
0 0.245 0.753333 0.243333 0.16
0 0.171667 0.273333 0.203333 0.266667
0 0.706667 0.87 0.253333 0.126667
0 0.843333 0.863333 0.16 0.153333
0 0.295 0.403333 0.15 0.22
0 0.786667 0.5 0.246667 0.173333
0 0.576667 0.453333 0.24 0.126667
0 0.865 0.78 0.116667 0.16
0 0.483333 0.286667 0.22 0.22
0 0.733333 0.133333 0.253333 0.24
0 0.766667 0.426667 0.16 0.166667
0 0.441667 0.763333 0.11 0.173333
0 0.49 0.116667 0.113333 0.133333
0 0.17 0.505 0.16 0.19
0 0.181667 0.856667 0.21 0.22
0 0.29 0.173333 0.246667 0.16
0 0.401667 0.88 0.203333 0.153333
0 0.595 0.688333 0.176667 0.25
