0 0.1 0.576667 0.166667 0.266667
0 0.873333 0.908333 0.153333 0.163333
0 0.903333 0.596667 0.18 0.186667
0 0.453333 0.49 0.153333 0.173333
0 0.626667 0.37 0.153333 0.14
0 0.635 0.875 0.143333 0.216667
0 0.626667 0.78 0.193333 0.206667
0 0.396667 0.42 0.166667 0.166667
0 0.65 0.233333 0.253333 0.166667
0 0.26 0.233333 0.213333 0.266667
0 0.363333 0.703333 0.166667 0.14
0 0.391667 0.16 0.15 0.153333
0 0.616667 0.518333 0.146667 0.276667
0 0.816667 0.723333 0.14 0.24
0 0.821667 0.413333 0.29 0.24
0 0.21 0.555 0.18 0.17
0 0.14 0.45 0.206667 0.18
0 0.428333 0.843333 0.25 0.22
0 0.856667 0.195 0.2 0.15
0 0.743333 0.14 0.14 0.14
