0 0.518333 0.305 0.13 0.303333
0 0.83 0.198333 0.14 0.23
0 0.655 0.9 0.15 0.133333
0 0.633333 0.8 0.126667 0.146667
0 0.65 0.633333 0.286667 0.2
0 0.615 0.553333 0.13 0.173333
0 0.781667 0.85 0.216667 0.213333
0 0.116667 0.381667 0.113333 0.143333
0 0.266667 0.733333 0.233333 0.133333
0 0.608333 0.301667 0.296667 0.23
0 0.843333 0.465 0.2 0.303333
0 0.193333 0.56 0.28 0.22
0 0.295 0.425 0.196667 0.243333
0 0.463333 0.116667 0.22 0.133333
0 0.413333 0.67 0.186667 0.193333
0 0.863333 0.595 0.2 0.156667
