0 0.095 0.815 0.15 0.13
0 0.0733333 0.858333 0.126667 0.15
0 0.578333 0.161667 0.17 0.15
0 0.681667 0.39 0.31 0.213333
0 0.865 0.713333 0.25 0.133333
0 0.396667 0.4 0.106667 0.14
0 0.643333 0.176667 0.166667 0.173333
0 0.721667 0.446667 0.27 0.193333
0 0.575 0.845 0.256667 0.256667
0 0.343333 0.506667 0.16 0.146667
0 0.238333 0.87 0.15 0.153333
0 0.383333 0.896667 0.16 0.106667
0 0.571667 0.74 0.203333 0.293333
0 0.406667 0.61 0.126667 0.26
0 0.238333 0.718333 0.243333 0.25
0 0.845 0.79 0.143333 0.193333
