0 0.351667 0.873333 0.203333 0.186667
0 0.1 0.13 0.186667 0.233333
0 0.0966667 0.621667 0.133333 0.123333
0 0.553333 0.195 0.166667 0.17
0 0.526667 0.0933333 0.166667 0.126667
0 0.226667 0.533333 0.133333 0.186667
0 0.493333 0.913333 0.146667 0.153333
0 0.66 0.546667 0.16 0.14
0 0.413333 0.11 0.16 0.18
0 0.34 0.423333 0.166667 0.18
0 0.23 0.693333 0.193333 0.22
0 0.87 0.421667 0.18 0.203333
0 0.843333 0.76 0.153333 0.186667
0 0.335 0.596667 0.176667 0.12
0 0.438333 0.798333 0.23 0.19
0 0.908333 0.806667 0.15 0.213333
0 0.553333 0.551667 0.18 0.23
0 0.846667 0.57 0.186667 0.186667
0 0.88 0.108333 0.16 0.176667
0 0.17 0.27 0.153333 0.153333
0 0.73 0.416667 0.153333 0.153333
0 0.24 0.18 0.186667 0.14
0 0.47 0.34 0.193333 0.24
0 0.82 0.193333 0.2 0.173333
