0 0.845 0.746667 0.116667 0.266667
0 0.886667 0.5 0.22 0.193333
0 0.496667 0.898333 0.173333 0.176667
0 0.235 0.5 0.123333 0.186667
0 0.383333 0.411667 0.186667 0.123333
0 0.12 0.323333 0.166667 0.166667
0 0.395 0.665 0.223333 0.136667
0 0.75 0.886667 0.166667 0.2
0 0.788333 0.36 0.196667 0.213333
0 0.54 0.761667 0.253333 0.176667
0 0.641667 0.133333 0.243333 0.126667
0 0.316667 0.333333 0.273333 0.186667
0 0.56 0.49 0.153333 0.226667
0 0.398333 0.0883333 0.263333 0.13
0 0.153333 0.193333 0.2 0.206667
0 0.493333 0.583333 0.2 0.16
0 0.883333 0.831667 0.173333 0.196667
0 0.521667 0.163333 0.183333 0.186667
0 0.346667 0.833333 0.233333 0.22
0 0.666667 0.591667 0.193333 0.163333
