0 0.121667 0.178333 0.19 0.176667
0 0.15 0.126667 0.233333 0.18
0 0.421667 0.261667 0.243333 0.196667
0 0.705 0.275 0.31 0.316667
0 0.813333 0.256667 0.213333 0.273333
0 0.893333 0.456667 0.153333 0.14
0 0.533333 0.776667 0.2 0.193333
0 0.413333 0.186667 0.2 0.28
0 0.665 0.896667 0.19 0.146667
0 0.203333 0.571667 0.286667 0.19
0 0.78 0.493333 0.26 0.253333
0 0.191667 0.706667 0.17 0.166667
0 0.778333 0.89 0.196667 0.206667
0 0.473333 0.863333 0.213333 0.24
0 0.84 0.73 0.213333 0.2
0 0.343333 0.57 0.2 0.206667
