0 0.358333 0.125 0.143333 0.163333
0 0.298333 0.436667 0.13 0.113333
0 0.821667 0.55 0.13 0.12
0 0.626667 0.426667 0.133333 0.146667
0 0.765 0.781667 0.223333 0.223333
0 0.651667 0.57 0.21 0.2
0 0.508333 0.723333 0.156667 0.16
0 0.816667 0.733333 0.226667 0.22
0 0.145 0.873333 0.13 0.14
0 0.93 0.52 0.12 0.213333
0 0.861667 0.39 0.11 0.213333
0 0.56 0.511667 0.22 0.223333
0 0.81 0.193333 0.24 0.18
0 0.0966667 0.686667 0.14 0.24
0 0.345 0.523333 0.163333 0.133333
0 0.206667 0.565 0.173333 0.183333
0 0.283333 0.143333 0.24 0.14
0 0.336667 0.92 0.186667 0.106667
0 0.36 0.276667 0.213333 0.186667
0 0.32 0.805 0.246667 0.243333
0 0.493333 0.22 0.193333 0.133333
0 0.513333 0.84 0.226667 0.213333
0 0.763333 0.335 0.173333 0.176667
0 0.13 0.536667 0.2 0.233333
