0 0.65 0.756667 0.12 0.206667
0 0.303333 0.68 0.173333 0.193333
0 0.63 0.876667 0.133333 0.166667
0 0.193333 0.336667 0.2 0.126667
0 0.801667 0.58 0.176667 0.22
0 0.77 0.903333 0.146667 0.133333
0 0.541667 0.271667 0.25 0.163333
0 0.448333 0.148333 0.203333 0.183333
0 0.54 0.513333 0.233333 0.193333
0 0.15 0.123333 0.226667 0.22
0 0.165 0.496667 0.103333 0.133333
0 0.356667 0.203333 0.186667 0.18
0 0.755 0.79 0.15 0.213333
0 0.49 0.6 0.18 0.16
0 0.316667 0.786667 0.28 0.22
0 0.89 0.62 0.12 0.133333
0 0.163333 0.591667 0.153333 0.216667
0 0.106667 0.331667 0.186667 0.27
0 0.166667 0.785 0.173333 0.15
0 0.316667 0.483333 0.2 0.153333
