0 0.68 0.825 0.186667 0.143333
0 0.211667 0.0833333 0.13 0.153333
0 0.653333 0.876667 0.14 0.14
0 0.473333 0.795 0.193333 0.203333
0 0.776667 0.3 0.18 0.2
0 0.53 0.145 0.153333 0.243333
0 0.34 0.0716667 0.133333 0.116667
0 0.813333 0.883333 0.106667 0.14
0 0.17 0.581667 0.146667 0.183333
0 0.395 0.823333 0.23 0.226667
0 0.683333 0.118333 0.226667 0.216667
0 0.55 0.363333 0.226667 0.18
0 0.853333 0.586667 0.213333 0.226667
0 0.883333 0.203333 0.16 0.186667
0 0.146667 0.476667 0.26 0.206667
0 0.456667 0.383333 0.293333 0.12
0 0.443333 0.61 0.16 0.173333
0 0.713333 0.485 0.16 0.163333
0 0.66 0.618333 0.24 0.243333
