0 0.0983333 0.521667 0.116667 0.13
0 0.93 0.763333 0.113333 0.153333
0 0.326667 0.121667 0.14 0.13
0 0.103333 0.273333 0.12 0.153333
0 0.233333 0.163333 0.213333 0.186667
0 0.875 0.846667 0.163333 0.126667
0 0.6 0.643333 0.14 0.126667
0 0.226667 0.766667 0.16 0.166667
0 0.506667 0.11 0.12 0.166667
0 0.256667 0.566667 0.226667 0.206667
0 0.333333 0.273333 0.246667 0.126667
0 0.796667 0.693333 0.16 0.126667
0 0.113333 0.73 0.166667 0.166667
0 0.698333 0.131667 0.236667 0.236667
0 0.688333 0.83 0.163333 0.22
0 0.146667 0.343333 0.18 0.22
0 0.868333 0.186667 0.15 0.166667
0 0.656667 0.583333 0.2 0.206667
0 0.583333 0.433333 0.153333 0.16
0 0.543333 0.833333 0.246667 0.113333
0 0.343333 0.491667 0.2 0.19
0 0.393333 0.593333 0.186667 0.193333
0 0.113333 0.865 0.166667 0.17
0 0.613333 0.223333 0.206667 0.213333
