0 0.675 0.645 0.13 0.13
0 0.411667 0.746667 0.11 0.16
0 0.135 0.101667 0.11 0.176667
0 0.708333 0.265 0.156667 0.243333
0 0.786667 0.636667 0.193333 0.146667
0 0.58 0.336667 0.153333 0.166667
0 0.603333 0.113333 0.24 0.186667
0 0.09 0.43 0.16 0.246667
0 0.905 0.11 0.143333 0.153333
0 0.243333 0.82 0.186667 0.12
0 0.283333 0.168333 0.213333 0.23
0 0.486667 0.323333 0.14 0.24
0 0.483333 0.773333 0.193333 0.2
0 0.215 0.74 0.136667 0.18
0 0.366667 0.0933333 0.106667 0.113333
0 0.19 0.476667 0.246667 0.133333
0 0.543333 0.586667 0.133333 0.18
0 0.118333 0.593333 0.143333 0.14
0 0.87 0.213333 0.166667 0.18
0 0.466667 0.513333 0.173333 0.213333
