0 0.35 0.6 0.246667 0.246667
0 0.773333 0.661667 0.293333 0.176667
0 0.435 0.89 0.17 0.166667
0 0.181667 0.33 0.243333 0.273333
0 0.503333 0.0916667 0.18 0.163333
0 0.76 0.576667 0.266667 0.306667
0 0.15 0.506667 0.253333 0.26
0 0.631667 0.41 0.123333 0.26
0 0.61 0.276667 0.18 0.253333
0 0.77 0.133333 0.153333 0.22
0 0.346667 0.346667 0.193333 0.266667
0 0.835 0.203333 0.19 0.18
0 0.573333 0.84 0.273333 0.253333
0 0.578333 0.643333 0.123333 0.166667
0 0.48 0.535 0.133333 0.156667
0 0.433333 0.115 0.173333 0.136667
