0 0.118333 0.208333 0.196667 0.243333
0 0.66 0.873333 0.12 0.106667
0 0.9 0.16 0.146667 0.16
0 0.526667 0.786667 0.106667 0.133333
0 0.78 0.131667 0.22 0.223333
0 0.176667 0.49 0.193333 0.133333
0 0.551667 0.158333 0.256667 0.143333
0 0.38 0.793333 0.166667 0.12
0 0.106667 0.653333 0.18 0.273333
0 0.586667 0.746667 0.14 0.253333
0 0.253333 0.61 0.226667 0.16
0 0.245 0.195 0.21 0.136667
0 0.833333 0.483333 0.206667 0.246667
0 0.673333 0.258333 0.213333 0.216667
0 0.256667 0.826667 0.24 0.24
0 0.556667 0.49 0.186667 0.173333
0 0.393333 0.388333 0.213333 0.216667
0 0.84 0.656667 0.2 0.173333
0 0.445 0.543333 0.183333 0.2
