0 0.798333 0.663333 0.17 0.14
0 0.313333 0.363333 0.113333 0.113333
0 0.771667 0.143333 0.203333 0.166667
0 0.806667 0.576667 0.213333 0.233333
0 0.916667 0.3 0.133333 0.14
0 0.86 0.135 0.266667 0.196667
0 0.13 0.636667 0.233333 0.173333
0 0.551667 0.146667 0.176667 0.173333
0 0.671667 0.341667 0.21 0.163333
0 0.146667 0.328333 0.2 0.116667
0 0.836667 0.343333 0.113333 0.12
0 0.143333 0.108333 0.133333 0.13
0 0.67 0.811667 0.26 0.143333
0 0.496667 0.89 0.273333 0.14
0 0.416667 0.628333 0.126667 0.123333
0 0.263333 0.705 0.246667 0.223333
0 0.253333 0.235 0.22 0.223333
0 0.585 0.32 0.196667 0.193333
0 0.241667 0.548333 0.203333 0.21
0 0.49 0.783333 0.173333 0.206667
