0 0.225 0.276667 0.163333 0.153333
0 0.723333 0.61 0.14 0.146667
0 0.726667 0.753333 0.12 0.12
0 0.868333 0.24 0.21 0.28
0 0.363333 0.463333 0.16 0.266667
0 0.766667 0.525 0.146667 0.21
0 0.763333 0.318333 0.3 0.123333
0 0.291667 0.833333 0.236667 0.3
0 0.173333 0.186667 0.16 0.22
0 0.803333 0.876667 0.273333 0.233333
0 0.418333 0.616667 0.236667 0.24
0 0.161667 0.831667 0.31 0.283333
0 0.515 0.51 0.19 0.16
0 0.206667 0.556667 0.22 0.146667
0 0.743333 0.183333 0.2 0.18
0 0.315 0.106667 0.203333 0.2
