0 0.546667 0.333333 0.173333 0.22
0 0.355 0.17 0.163333 0.12
0 0.81 0.513333 0.166667 0.186667
0 0.333333 0.836667 0.2 0.106667
0 0.178333 0.43 0.156667 0.12
0 0.823333 0.19 0.16 0.226667
0 0.13 0.553333 0.12 0.126667
0 0.593333 0.726667 0.12 0.166667
0 0.873333 0.31 0.18 0.193333
0 0.758333 0.476667 0.21 0.2
0 0.156667 0.738333 0.233333 0.156667
0 0.331667 0.913333 0.143333 0.146667
0 0.145 0.853333 0.23 0.2
0 0.731667 0.808333 0.163333 0.17
0 0.0883333 0.385 0.15 0.183333
0 0.26 0.223333 0.24 0.233333
0 0.896667 0.87 0.186667 0.2
0 0.483333 0.696667 0.173333 0.24
0 0.713333 0.205 0.193333 0.136667
0 0.715 0.631667 0.136667 0.116667
0 0.54 0.595 0.226667 0.203333
0 0.706667 0.893333 0.146667 0.186667
0 0.34 0.366667 0.173333 0.173333
