0 0.261667 0.363333 0.116667 0.126667
0 0.128333 0.248333 0.143333 0.183333
0 0.176667 0.0733333 0.153333 0.126667
0 0.463333 0.881667 0.12 0.136667
0 0.708333 0.286667 0.17 0.126667
0 0.691667 0.586667 0.116667 0.12
0 0.886667 0.776667 0.193333 0.16
0 0.7 0.76 0.166667 0.16
0 0.471667 0.376667 0.203333 0.22
0 0.855 0.581667 0.216667 0.223333
0 0.805 0.848333 0.116667 0.19
0 0.095 0.32 0.123333 0.18
0 0.246667 0.11 0.14 0.146667
0 0.52 0.836667 0.193333 0.126667
0 0.14 0.723333 0.166667 0.24
0 0.486667 0.19 0.226667 0.16
0 0.848333 0.386667 0.21 0.213333
0 0.07 0.56 0.113333 0.113333
0 0.23 0.58 0.173333 0.173333
0 0.57 0.503333 0.206667 0.193333
0 0.416667 0.5 0.213333 0.186667
0 0.265 0.73 0.203333 0.206667
0 0.593333 0.136667 0.18 0.226667
