0 0.6 0.601667 0.173333 0.183333
0 0.65 0.428333 0.206667 0.11
0 0.135 0.306667 0.13 0.133333
0 0.606667 0.91 0.12 0.126667
0 0.83 0.35 0.186667 0.126667
0 0.501667 0.805 0.156667 0.15
0 0.3 0.591667 0.186667 0.216667
0 0.146667 0.58 0.133333 0.113333
0 0.35 0.353333 0.206667 0.133333
0 0.126667 0.396667 0.206667 0.16
0 0.483333 0.703333 0.186667 0.193333
0 0.68 0.856667 0.206667 0.22
0 0.361667 0.153333 0.256667 0.22
0 0.895 0.235 0.15 0.17
0 0.266667 0.233333 0.146667 0.146667
0 0.58 0.33 0.14 0.18
0 0.533333 0.546667 0.146667 0.186667
0 0.766667 0.19 0.126667 0.166667
0 0.406667 0.416667 0.133333 0.146667
