0 0.596667 0.886667 0.2 0.2
0 0.4 0.893333 0.126667 0.126667
0 0.445 0.261667 0.15 0.136667
0 0.226667 0.131667 0.14 0.143333
0 0.918333 0.768333 0.123333 0.216667
0 0.35 0.131667 0.16 0.143333
0 0.52 0.225 0.113333 0.236667
0 0.786667 0.221667 0.16 0.17
0 0.25 0.355 0.206667 0.216667
0 0.315 0.731667 0.196667 0.25
0 0.295 0.503333 0.163333 0.16
0 0.265 0.825 0.236667 0.136667
0 0.136667 0.626667 0.213333 0.133333
0 0.61 0.481667 0.153333 0.15
0 0.655 0.843333 0.23 0.233333
0 0.42 0.426667 0.2 0.18
0 0.56 0.748333 0.133333 0.136667
0 0.733333 0.183333 0.166667 0.146667
0 0.766667 0.64 0.186667 0.186667
0 0.168333 0.47 0.143333 0.16
0 0.865 0.61 0.25 0.233333
0 0.86 0.421667 0.16 0.143333
0 0.446667 0.565 0.126667 0.143333
0 0.693333 0.386667 0.2 0.2
