0 0.571667 0.33 0.156667 0.26
0 0.13 0.22 0.226667 0.213333
0 0.6 0.241667 0.166667 0.136667
0 0.31 0.173333 0.146667 0.166667
0 0.148333 0.886667 0.203333 0.173333
0 0.395 0.256667 0.156667 0.106667
0 0.12 0.303333 0.226667 0.246667
0 0.87 0.783333 0.24 0.126667
0 0.668333 0.92 0.183333 0.12
0 0.768333 0.52 0.21 0.206667
0 0.823333 0.383333 0.213333 0.2
0 0.208333 0.911667 0.196667 0.15
0 0.765 0.775 0.136667 0.243333
0 0.496667 0.556667 0.193333 0.146667
0 0.366667 0.44 0.253333 0.12
0 0.42 0.158333 0.22 0.19
0 0.29 0.573333 0.226667 0.28
0 0.593333 0.643333 0.133333 0.146667
0 0.586667 0.84 0.193333 0.193333
0 0.89 0.56 0.193333 0.193333
