0 0.126667 0.146667 0.153333 0.2
0 0.786667 0.83 0.113333 0.126667
0 0.6 0.79 0.186667 0.18
0 0.373333 0.425 0.206667 0.17
0 0.21 0.823333 0.24 0.173333
0 0.913333 0.753333 0.16 0.193333
0 0.123333 0.681667 0.16 0.156667
0 0.746667 0.553333 0.18 0.133333
0 0.703333 0.305 0.133333 0.176667
0 0.453333 0.318333 0.213333 0.27
0 0.243333 0.32 0.12 0.126667
0 0.106667 0.246667 0.12 0.113333
0 0.403333 0.62 0.16 0.166667
0 0.206667 0.561667 0.166667 0.143333
0 0.618333 0.718333 0.176667 0.123333
0 0.268333 0.153333 0.27 0.12
0 0.743333 0.398333 0.206667 0.203333
0 0.595 0.531667 0.236667 0.236667
0 0.845 0.918333 0.13 0.15
0 0.416667 0.733333 0.206667 0.146667
