0 0.498333 0.926667 0.116667 0.133333
0 0.235 0.515 0.163333 0.223333
0 0.855 0.506667 0.11 0.193333
0 0.545 0.425 0.216667 0.216667
0 0.436667 0.623333 0.14 0.113333
0 0.93 0.346667 0.113333 0.166667
0 0.193333 0.623333 0.126667 0.146667
0 0.696667 0.346667 0.146667 0.14
0 0.241667 0.16 0.263333 0.186667
0 0.286667 0.608333 0.133333 0.19
0 0.46 0.136667 0.173333 0.166667
0 0.761667 0.518333 0.256667 0.196667
0 0.895 0.22 0.156667 0.14
0 0.383333 0.27 0.166667 0.146667
0 0.205 0.27 0.236667 0.226667
0 0.515 0.355 0.156667 0.143333
0 0.42 0.813333 0.253333 0.273333
0 0.848333 0.715 0.183333 0.25
0 0.743333 0.718333 0.16 0.17
0 0.545 0.716667 0.156667 0.186667
