0 0.636667 0.263333 0.126667 0.146667
0 0.15 0.605 0.213333 0.19
0 0.626667 0.846667 0.106667 0.193333
0 0.658333 0.698333 0.116667 0.116667
0 0.913333 0.535 0.12 0.196667
0 0.121667 0.528333 0.19 0.243333
0 0.735 0.396667 0.143333 0.173333
0 0.561667 0.608333 0.136667 0.176667
0 0.336667 0.4 0.14 0.12
0 0.303333 0.255 0.186667 0.116667
0 0.758333 0.563333 0.256667 0.186667
0 0.621667 0.38 0.23 0.213333
0 0.233333 0.166667 0.14 0.166667
0 0.346667 0.846667 0.246667 0.246667
0 0.143333 0.28 0.266667 0.186667
0 0.896667 0.883333 0.173333 0.186667
0 0.168333 0.843333 0.23 0.173333
0 0.541667 0.666667 0.17 0.173333
0 0.91 0.743333 0.173333 0.206667
0 0.321667 0.516667 0.176667 0.18
