0 0.246667 0.268333 0.18 0.216667
0 0.218333 0.426667 0.15 0.213333
0 0.726667 0.436667 0.14 0.14
0 0.126667 0.623333 0.186667 0.213333
0 0.798333 0.278333 0.176667 0.143333
0 0.301667 0.0883333 0.143333 0.136667
0 0.28 0.556667 0.246667 0.16
0 0.576667 0.221667 0.186667 0.196667
0 0.576667 0.543333 0.12 0.14
0 0.61 0.736667 0.113333 0.16
0 0.613333 0.11 0.166667 0.2
0 0.398333 0.118333 0.163333 0.15
0 0.63 0.39 0.193333 0.16
0 0.803333 0.206667 0.16 0.153333
0 0.166667 0.796667 0.133333 0.246667
0 0.43 0.783333 0.146667 0.146667
0 0.193333 0.233333 0.12 0.186667
0 0.691667 0.62 0.163333 0.126667
0 0.738333 0.863333 0.236667 0.22
0 0.353333 0.833333 0.206667 0.133333
0 0.836667 0.703333 0.193333 0.193333
0 0.905 0.891667 0.123333 0.116667
0 0.386667 0.233333 0.18 0.213333
0 0.505 0.515 0.15 0.13
