0 0.723333 0.75 0.12 0.153333
0 0.145 0.403333 0.163333 0.213333
0 0.67 0.18 0.213333 0.193333
0 0.108333 0.186667 0.163333 0.16
0 0.55 0.736667 0.12 0.153333
0 0.223333 0.525 0.113333 0.136667
0 0.193333 0.346667 0.16 0.14
0 0.125 0.75 0.163333 0.193333
0 0.826667 0.345 0.16 0.143333
0 0.528333 0.573333 0.15 0.113333
0 0.616667 0.218333 0.153333 0.236667
0 0.491667 0.88 0.203333 0.106667
0 0.34 0.66 0.133333 0.126667
0 0.385 0.89 0.21 0.18
0 0.158333 0.133333 0.17 0.14
0 0.466667 0.706667 0.113333 0.126667
0 0.383333 0.496667 0.146667 0.253333
0 0.433333 0.23 0.12 0.153333
0 0.133333 0.656667 0.18 0.173333
0 0.521667 0.485 0.143333 0.156667
0 0.823333 0.59 0.2 0.18
0 0.746667 0.436667 0.173333 0.193333
0 0.333333 0.196667 0.173333 0.166667
0 0.758333 0.893333 0.21 0.193333
