0 0.448333 0.55 0.136667 0.22
0 0.0833333 0.538333 0.12 0.136667
0 0.0733333 0.476667 0.126667 0.126667
0 0.713333 0.428333 0.18 0.176667
0 0.698333 0.103333 0.15 0.113333
0 0.25 0.856667 0.146667 0.18
0 0.696667 0.913333 0.166667 0.12
0 0.64 0.45 0.186667 0.153333
0 0.878333 0.243333 0.23 0.22
0 0.713333 0.776667 0.12 0.14
0 0.23 0.273333 0.12 0.146667
0 0.828333 0.861667 0.143333 0.163333
0 0.545 0.126667 0.236667 0.166667
0 0.711667 0.623333 0.236667 0.22
0 0.306667 0.425 0.2 0.17
0 0.796667 0.656667 0.213333 0.213333
0 0.116667 0.848333 0.213333 0.183333
0 0.475 0.316667 0.21 0.24
0 0.321667 0.163333 0.183333 0.153333
0 0.646667 0.236667 0.133333 0.193333
0 0.196667 0.133333 0.166667 0.226667
0 0.388333 0.738333 0.236667 0.23
0 0.188333 0.681667 0.243333 0.216667
