0 0.778333 0.0733333 0.13 0.133333
0 0.68 0.713333 0.153333 0.16
0 0.215 0.496667 0.183333 0.126667
0 0.135 0.538333 0.223333 0.21
0 0.211667 0.29 0.216667 0.213333
0 0.768333 0.153333 0.163333 0.166667
0 0.481667 0.855 0.223333 0.276667
0 0.385 0.695 0.323333 0.29
0 0.355 0.92 0.183333 0.14
0 0.571667 0.31 0.163333 0.146667
0 0.79 0.57 0.18 0.253333
0 0.395 0.383333 0.256667 0.193333
0 0.781667 0.736667 0.256667 0.233333
0 0.328333 0.193333 0.176667 0.18
0 0.516667 0.611667 0.273333 0.263333
0 0.733333 0.333333 0.16 0.186667
