0 0.175 0.226667 0.183333 0.18
0 0.451667 0.48 0.27 0.126667
0 0.8 0.196667 0.186667 0.24
0 0.406667 0.723333 0.246667 0.18
0 0.0983333 0.553333 0.163333 0.28
0 0.476667 0.841667 0.106667 0.223333
0 0.248333 0.578333 0.183333 0.163333
0 0.53 0.09 0.126667 0.16
0 0.73 0.34 0.26 0.18
0 0.22 0.301667 0.226667 0.163333
0 0.588333 0.548333 0.31 0.303333
0 0.206667 0.678333 0.213333 0.216667
0 0.59 0.74 0.14 0.16
0 0.76 0.78 0.153333 0.186667
0 0.52 0.231667 0.3 0.276667
0 0.866667 0.715 0.166667 0.203333
