0 0.261667 0.731667 0.176667 0.163333
0 0.626667 0.176667 0.126667 0.18
0 0.883333 0.263333 0.206667 0.2
0 0.67 0.816667 0.26 0.166667
0 0.723333 0.89 0.246667 0.186667
0 0.636667 0.446667 0.133333 0.253333
0 0.235 0.79 0.15 0.206667
0 0.838333 0.338333 0.276667 0.23
0 0.423333 0.881667 0.24 0.196667
0 0.701667 0.656667 0.156667 0.146667
0 0.575 0.531667 0.29 0.15
0 0.19 0.416667 0.2 0.253333
0 0.49 0.15 0.313333 0.213333
0 0.383333 0.366667 0.286667 0.233333
0 0.786667 0.556667 0.24 0.16
0 0.116667 0.233333 0.193333 0.18
