0 0.226667 0.45 0.206667 0.226667
0 0.14 0.83 0.226667 0.146667
0 0.48 0.18 0.233333 0.226667
0 0.88 0.173333 0.18 0.166667
0 0.363333 0.915 0.22 0.13
0 0.476667 0.883333 0.246667 0.193333
0 0.68 0.328333 0.113333 0.183333
0 0.733333 0.8 0.14 0.153333
0 0.516667 0.305 0.246667 0.283333
0 0.843333 0.473333 0.226667 0.246667
0 0.863333 0.615 0.14 0.223333
0 0.318333 0.29 0.116667 0.193333
0 0.183333 0.276667 0.2 0.153333
0 0.421667 0.74 0.23 0.213333
0 0.756667 0.595 0.133333 0.163333
0 0.606667 0.663333 0.173333 0.266667
0 0.81 0.253333 0.12 0.113333
0 0.143333 0.518333 0.166667 0.156667
0 0.741667 0.136667 0.183333 0.18
