0 0.298333 0.666667 0.156667 0.12
0 0.55 0.576667 0.14 0.166667
0 0.15 0.423333 0.16 0.153333
0 0.275 0.35 0.156667 0.186667
0 0.92 0.803333 0.146667 0.113333
0 0.803333 0.381667 0.14 0.236667
0 0.31 0.588333 0.133333 0.13
0 0.653333 0.296667 0.16 0.133333
0 0.576667 0.311667 0.133333 0.123333
0 0.703333 0.906667 0.133333 0.126667
0 0.643333 0.656667 0.24 0.186667
0 0.783333 0.2 0.153333 0.166667
0 0.333333 0.11 0.126667 0.12
0 0.09 0.14 0.12 0.106667
0 0.226667 0.131667 0.16 0.156667
0 0.873333 0.316667 0.166667 0.153333
0 0.43 0.683333 0.14 0.226667
0 0.623333 0.836667 0.186667 0.186667
0 0.136667 0.59 0.186667 0.18
0 0.556667 0.2 0.106667 0.113333
0 0.303333 0.856667 0.193333 0.233333
0 0.315 0.403333 0.11 0.113333
0 0.156667 0.77 0.16 0.22
0 0.888333 0.706667 0.19 0.206667
