0 0.57 0.878333 0.133333 0.216667
0 0.671667 0.498333 0.156667 0.183333
0 0.15 0.923333 0.126667 0.146667
0 0.538333 0.82 0.203333 0.26
0 0.298333 0.396667 0.276667 0.166667
0 0.156667 0.121667 0.12 0.136667
0 0.501667 0.28 0.136667 0.12
0 0.736667 0.303333 0.12 0.166667
0 0.12 0.165 0.166667 0.156667
0 0.776667 0.68 0.166667 0.12
0 0.183333 0.773333 0.146667 0.206667
0 0.636667 0.421667 0.226667 0.183333
0 0.693333 0.151667 0.253333 0.263333
0 0.235 0.86 0.196667 0.166667
0 0.788333 0.788333 0.236667 0.196667
0 0.36 0.621667 0.273333 0.276667
0 0.323333 0.306667 0.113333 0.113333
0 0.141667 0.538333 0.156667 0.196667
0 0.116667 0.371667 0.206667 0.196667
0 0.511667 0.143333 0.196667 0.18
