0 0.503333 0.893333 0.18 0.18
0 0.28 0.908333 0.14 0.15
0 0.496667 0.671667 0.146667 0.15
0 0.858333 0.661667 0.176667 0.123333
0 0.25 0.791667 0.166667 0.19
0 0.291667 0.323333 0.13 0.133333
0 0.523333 0.563333 0.153333 0.16
0 0.713333 0.386667 0.14 0.213333
0 0.746667 0.723333 0.18 0.206667
0 0.778333 0.183333 0.136667 0.133333
0 0.095 0.676667 0.116667 0.14
0 0.585 0.633333 0.13 0.113333
0 0.341667 0.86 0.136667 0.14
0 0.368333 0.623333 0.17 0.166667
0 0.343333 0.483333 0.133333 0.12
0 0.216667 0.2 0.173333 0.173333
0 0.165 0.67 0.116667 0.106667
0 0.743333 0.583333 0.226667 0.14
0 0.673333 0.14 0.22 0.2
0 0.143333 0.813333 0.133333 0.22
0 0.571667 0.886667 0.203333 0.193333
0 0.34 0.27 0.16 0.153333
0 0.585 0.308333 0.223333 0.223333
0 0.258333 0.518333 0.156667 0.223333
