0 0.873333 0.181667 0.133333 0.203333
0 0.376667 0.898333 0.153333 0.176667
0 0.603333 0.901667 0.146667 0.123333
0 0.58 0.813333 0.166667 0.146667
0 0.485 0.621667 0.116667 0.143333
0 0.351667 0.336667 0.176667 0.153333
0 0.15 0.746667 0.106667 0.113333
0 0.56 0.45 0.14 0.14
0 0.886667 0.473333 0.16 0.173333
0 0.383333 0.776667 0.193333 0.186667
0 0.635 0.338333 0.15 0.17
0 0.263333 0.875 0.226667 0.156667
0 0.866667 0.683333 0.126667 0.22
0 0.145 0.32 0.156667 0.146667
0 0.8 0.848333 0.226667 0.23
0 0.881667 0.383333 0.143333 0.153333
0 0.69 0.513333 0.153333 0.193333
0 0.555 0.193333 0.216667 0.126667
0 0.24 0.413333 0.186667 0.193333
0 0.72 0.643333 0.16 0.16
0 0.24 0.648333 0.2 0.236667
0 0.816667 0.191667 0.173333 0.163333
0 0.236667 0.243333 0.16 0.193333
