0 0.653333 0.923333 0.12 0.12
0 0.898333 0.321667 0.143333 0.21
0 0.11 0.71 0.14 0.14
0 0.223333 0.125 0.26 0.163333
0 0.0966667 0.763333 0.14 0.173333
0 0.15 0.241667 0.266667 0.123333
0 0.818333 0.711667 0.256667 0.19
0 0.661667 0.823333 0.116667 0.226667
0 0.238333 0.28 0.13 0.22
0 0.848333 0.391667 0.263333 0.156667
0 0.451667 0.598333 0.283333 0.276667
0 0.533333 0.461667 0.166667 0.29
0 0.751667 0.596667 0.256667 0.26
0 0.38 0.388333 0.126667 0.27
0 0.51 0.136667 0.226667 0.233333
0 0.693333 0.213333 0.253333 0.253333
