0 0.898333 0.85 0.183333 0.233333
0 0.921667 0.731667 0.15 0.216667
0 0.453333 0.503333 0.173333 0.12
0 0.403333 0.776667 0.193333 0.2
0 0.203333 0.808333 0.16 0.17
0 0.413333 0.305 0.14 0.156667
0 0.843333 0.176667 0.126667 0.14
0 0.805 0.788333 0.276667 0.183333
0 0.196667 0.21 0.266667 0.3
0 0.76 0.29 0.2 0.253333
0 0.218333 0.396667 0.156667 0.233333
0 0.57 0.63 0.226667 0.266667
0 0.235 0.71 0.236667 0.26
0 0.466667 0.185 0.153333 0.223333
0 0.86 0.481667 0.24 0.236667
0 0.516667 0.3 0.213333 0.233333
