0 0.796667 0.1 0.18 0.133333
0 0.17 0.868333 0.22 0.136667
0 0.325 0.356667 0.163333 0.18
0 0.553333 0.265 0.146667 0.143333
0 0.503333 0.393333 0.186667 0.193333
0 0.251667 0.246667 0.203333 0.253333
0 0.51 0.876667 0.16 0.14
0 0.59 0.396667 0.22 0.153333
0 0.383333 0.65 0.193333 0.18
0 0.933333 0.09 0.113333 0.113333
0 0.18 0.393333 0.26 0.186667
0 0.105 0.815 0.196667 0.183333
0 0.77 0.43 0.18 0.2
0 0.52 0.656667 0.133333 0.2
0 0.693333 0.693333 0.213333 0.2
0 0.905 0.366667 0.143333 0.126667
0 0.181667 0.713333 0.15 0.253333
0 0.396667 0.793333 0.113333 0.106667
0 0.816667 0.27 0.186667 0.213333
0 0.616667 0.876667 0.213333 0.226667
