0 0.19 0.31 0.106667 0.14
0 0.15 0.593333 0.153333 0.16
0 0.85 0.313333 0.12 0.153333
0 0.19 0.683333 0.106667 0.16
0 0.428333 0.366667 0.216667 0.14
0 0.303333 0.68 0.12 0.14
0 0.655 0.0883333 0.136667 0.143333
0 0.525 0.841667 0.196667 0.21
0 0.683333 0.2 0.166667 0.2
0 0.28 0.116667 0.14 0.18
0 0.123333 0.216667 0.226667 0.186667
0 0.321667 0.18 0.183333 0.18
0 0.316667 0.46 0.24 0.14
0 0.0833333 0.673333 0.146667 0.193333
0 0.76 0.405 0.133333 0.13
0 0.403333 0.62 0.16 0.153333
0 0.833333 0.513333 0.22 0.233333
0 0.846667 0.163333 0.16 0.146667
0 0.741667 0.685 0.196667 0.23
0 0.146667 0.87 0.2 0.206667
0 0.483333 0.453333 0.2 0.12
0 0.563333 0.68 0.166667 0.18
0 0.543333 0.18 0.186667 0.166667
