0 0.955566 0.763021 0.00878906 0.0104167
0 0.390625 0.738281 0.0078125 0.0104167
0 0.646973 0.300781 0.00683594 0.0104167
0 0.90918 0.744792 0.0078125 0.0104167
0 0.358398 0.414062 0.0078125 0.0104167
0 0.976562 0.670573 0.0078125 0.0130208
0 0.463379 0.908203 0.0126953 0.0195312
0 0.914551 0.184245 0.0126953 0.0195312
0 0.263184 0.332682 0.00878906 0.0117188
0 0.807617 0.552083 0.00976562 0.0130208
0 0.842285 0.248698 0.0107422 0.0130208
0 0.485352 0.704427 0.0195312 0.046875
0 0.717773 0.284505 0.00976562 0.0117188
0 0.446777 0.0488281 0.0126953 0.0169271
0 0.683594 0.575521 0.00976562 0.0130208
0 0.714844 0.735677 0.0195312 0.0234375
0 0.090332 0.348958 0.0146484 0.0182292
0 0.919434 0.699219 0.0146484 0.0182292
0 0.273926 0.5 0.0224609 0.0286458
0 0.353516 0.173177 0.0175781 0.0234375
0 0.835938 0.378255 0.0195312 0.0247396
0 0.292969 0.178385 0.0195312 0.0260417
