0 0.169434 0.114583 0.00683594 0.0104167
0 0.272461 0.542969 0.00976562 0.0130208
0 0.417969 0.0755208 0.0078125 0.0104167
0 0.946289 0.33724 0.0078125 0.0104167
0 0.497559 0.929036 0.0146484 0.0273438
0 0.974121 0.451172 0.0126953 0.0169271
0 0.933594 0.89974 0.00976562 0.0130208
0 0.258301 0.516276 0.0126953 0.0169271
0 0.226074 0.489583 0.00878906 0.0130208
0 0.334961 0.534505 0.0195312 0.0195312
0 0.0893555 0.434896 0.0107422 0.0130208
0 0.189453 0.221354 0.0078125 0.0104167
0 0.86377 0.559245 0.0107422 0.0143229
0 0.307617 0.682292 0.0117188 0.015625
0 0.963379 0.701172 0.0302734 0.0403646
0 0.319336 0.739583 0.0136719 0.0182292
0 0.291016 0.0651042 0.0117188 0.015625
0 0.959961 0.800781 0.0214844 0.0364583
0 0.363281 0.14388 0.00976562 0.0143229
0 0.209473 0.877604 0.0244141 0.03125
0 0.462402 0.805339 0.0185547 0.0247396
0 0.410156 0.891927 0.0195312 0.0234375
