0 0.114746 0.616536 0.00683594 0.00911458
0 0.585449 0.0325521 0.0107422 0.0130208
0 0.697754 0.0735677 0.00683594 0.0117188
0 0.398926 0.0878906 0.00683594 0.00911458
0 0.944336 0.955078 0.00976562 0.0117188
0 0.365234 0.03125 0.0078125 0.0104167
0 0.187012 0.803385 0.00878906 0.0130208
0 0.447266 0.704427 0.0078125 0.0130208
0 0.692871 0.759115 0.0107422 0.0130208
0 0.271973 0.147786 0.0107422 0.0143229
0 0.209473 0.258464 0.0107422 0.0143229
0 0.272949 0.348958 0.0166016 0.0234375
0 0.258789 0.475911 0.0195312 0.0273438
0 0.696289 0.894531 0.0214844 0.0286458
0 0.946289 0.751302 0.0234375 0.03125
