0 0.538574 0.30013 0.00683594 0.00911458
0 0.480957 0.279297 0.00683594 0.00911458
0 0.869141 0.485677 0.0078125 0.0104167
0 0.787109 0.25 0.00976562 0.0130208
0 0.388184 0.645182 0.00683594 0.00911458
0 0.0751953 0.623698 0.0078125 0.0104167
0 0.00439453 0.753906 0.00878906 0.015625
0 0.489746 0.990234 0.0166016 0.0169271
0 0.0888672 0.779948 0.0078125 0.0104167
0 0.597656 0.625 0.0117188 0.0208333
0 0.182617 0.431641 0.00976562 0.0117188
0 0.664551 0.878906 0.0107422 0.0130208
0 0.394043 0.846354 0.0107422 0.015625
0 0.810059 0.183594 0.00878906 0.0130208
0 0.614746 0.854167 0.0185547 0.03125
0 0.543945 0.857422 0.0253906 0.0325521
