0 0.204102 0.00976562 0.015625 0.0195312
0 0.544922 0.451172 0.0195312 0.0247396
0 0.294434 0.546224 0.00683594 0.00911458
0 0.495605 0.0566406 0.0146484 0.0247396
0 0.808594 0.621094 0.0117188 0.0130208
0 0.88916 0.184245 0.0263672 0.0273438
0 0.864258 0.364583 0.0078125 0.0104167
0 0.849121 0.207031 0.0146484 0.015625
0 0.210449 0.0104167 0.0185547 0.0208333
0 0.932129 0.0240885 0.00878906 0.0117188
0 0.345703 0.746094 0.00976562 0.0130208
0 0.0375977 0.701172 0.0185547 0.0247396
0 0.38623 0.48763 0.0126953 0.0169271
0 0.377441 0.245443 0.0126953 0.0169271
0 0.546387 0.245443 0.0126953 0.0169271
0 0.199707 0.779297 0.0185547 0.0221354
0 0.0756836 0.311198 0.0185547 0.0234375
0 0.40918 0.0182292 0.0175781 0.0234375
0 0.388184 0.919922 0.0166016 0.0221354
0 0.0825195 0.195964 0.0224609 0.0247396
0 0.245605 0.630208 0.0224609 0.0260417
