0 0.204102 0.855469 0.0078125 0.0104167
0 0.953125 0.625 0.0078125 0.0104167
0 0.889648 0.315104 0.0078125 0.0104167
0 0.967773 0.781901 0.0078125 0.0117188
0 0.0302734 0.919271 0.0078125 0.0104167
0 0.399414 0.0117188 0.00976562 0.015625
0 0.882812 0.755208 0.00976562 0.0130208
0 0.0732422 0.952474 0.00976562 0.0117188
0 0.418457 0.382161 0.00878906 0.0117188
0 0.821777 0.91862 0.00878906 0.0143229
0 0.733398 0.736979 0.00976562 0.0130208
0 0.074707 0.749349 0.0244141 0.0325521
0 0.818848 0.646484 0.0107422 0.0143229
0 0.845215 0.25 0.0224609 0.0234375
0 0.249023 0.0625 0.015625 0.0208333
0 0.234375 0.686849 0.0175781 0.0247396
0 0.748047 0.470052 0.0195312 0.0260417
0 0.34082 0.170573 0.0234375 0.03125
0 0.263672 0.443359 0.0214844 0.0299479
