0 0.349609 0.140625 0.0078125 0.0104167
0 0.683594 0.633464 0.0078125 0.0117188
0 0.127441 0.951823 0.00683594 0.0104167
0 0.670898 0.59375 0.0117188 0.015625
0 0.844727 0.264974 0.0136719 0.0169271
0 0.964844 0.42513 0.0117188 0.0143229
0 0.617188 0.88737 0.0136719 0.0195312
0 0.270508 0.326172 0.00976562 0.0117188
0 0.922852 0.35612 0.0175781 0.0273438
0 0.565918 0.380208 0.0107422 0.0130208
0 0.109375 0.307943 0.015625 0.0247396
0 0.540527 0.590495 0.0126953 0.0169271
0 0.308105 0.935547 0.0166016 0.0221354
0 0.320312 0.116536 0.0195312 0.0247396
0 0.219727 0.236328 0.0214844 0.0273438
0 0.330566 0.620443 0.0205078 0.0273438
0 0.513184 0.458984 0.0224609 0.0273438
0 0.327148 0.40625 0.0234375 0.0338542
