0 0.407715 0.492188 0.00683594 0.0104167
0 0.539062 0.415365 0.0078125 0.0104167
0 0.325195 0.317057 0.0136719 0.0169271
0 0.82666 0.964193 0.00878906 0.0117188
0 0.714355 0.699219 0.0126953 0.0182292
0 0.735352 0.54362 0.0175781 0.0169271
0 0.237793 0.981771 0.0126953 0.0208333
0 0.745605 0.127604 0.0146484 0.0182292
0 0.251953 0.607422 0.0136719 0.0247396
0 0.573242 0.463542 0.0273438 0.0338542
0 0.826172 0.623047 0.015625 0.0195312
0 0.327148 0.905599 0.0175781 0.0195312
0 0.608887 0.705729 0.0205078 0.0260417
0 0.0527344 0.694661 0.0175781 0.0273438
0 0.796875 0.259766 0.0195312 0.0273438
0 0.443359 0.209635 0.0234375 0.03125
0 0.583984 0.207682 0.0195312 0.0247396
0 0.962402 0.0442708 0.0283203 0.03125
