0 0.227051 0.225911 0.00683594 0.00911458
0 0.541504 0.66862 0.0146484 0.0143229
0 0.101562 0.813151 0.0078125 0.00911458
0 0.865234 0.409505 0.0078125 0.00911458
0 0.03125 0.0429688 0.0078125 0.0104167
0 0.591797 0.330078 0.0117188 0.0169271
0 0.594238 0.248698 0.00878906 0.0130208
0 0.100586 0.902344 0.0078125 0.0104167
0 0.0737305 0.0761719 0.00878906 0.0117188
0 0.481934 0.130208 0.00878906 0.0104167
0 0.240234 0.390625 0.0136719 0.0182292
0 0.535156 0.916667 0.0136719 0.0182292
0 0.822754 0.0429688 0.00878906 0.0130208
0 0.53125 0.401693 0.0117188 0.0169271
0 0.520508 0.583333 0.00976562 0.015625
0 0.192871 0.864583 0.0146484 0.0182292
0 0.958496 0.929688 0.0126953 0.015625
0 0.270508 0.92513 0.0117188 0.0143229
0 0.952148 0.738281 0.015625 0.0208333
0 0.9375 0.607422 0.015625 0.0273438
0 0.612793 0.458984 0.0224609 0.0273438
0 0.249023 0.161458 0.0234375 0.03125
