0 0.691406 0.69987 0.0078125 0.00911458
0 0.03125 0.916016 0.00976562 0.0117188
0 0.960449 0.202474 0.0126953 0.0195312
0 0.451172 0.970052 0.0078125 0.0104167
0 0.90918 0.173177 0.0078125 0.0104167
0 0.535645 0.164714 0.00878906 0.0117188
0 0.658203 0.304688 0.0078125 0.0104167
0 0.489258 0.367839 0.0078125 0.0117188
0 0.382812 0.721354 0.00976562 0.0130208
0 0.651367 0.401693 0.0117188 0.0169271
0 0.936035 0.811198 0.0146484 0.0182292
0 0.494141 0.585938 0.0078125 0.0104167
0 0.303711 0.508464 0.00976562 0.0143229
0 0.873535 0.708333 0.0166016 0.0182292
0 0.0292969 0.682943 0.0117188 0.0143229
0 0.265137 0.326172 0.0126953 0.0169271
0 0.112305 0.541016 0.0136719 0.0195312
