0 0.484863 0.185547 0.00878906 0.0117188
0 0.84375 0.120443 0.00585938 0.00911458
0 0.0366211 0.546224 0.0126953 0.0221354
0 0.54541 0.3125 0.00683594 0.0104167
0 0.116699 0.279297 0.00683594 0.00911458
0 0.87207 0.132161 0.00976562 0.0117188
0 0.199707 0.921224 0.0126953 0.0143229
0 0.106445 0.501302 0.0078125 0.0104167
0 0.467285 0.809245 0.00878906 0.0117188
0 0.307129 0.0514323 0.0107422 0.0143229
0 0.53125 0.173177 0.0117188 0.015625
0 0.965332 0.432943 0.0107422 0.0143229
0 0.114746 0.714844 0.0126953 0.0182292
0 0.0830078 0.109375 0.0195312 0.0260417
0 0.44043 0.776042 0.0214844 0.03125
