0 0.38916 0.0852865 0.00683594 0.00911458
0 0.982422 0.499349 0.0078125 0.00911458
0 0.356934 0.505208 0.00683594 0.0104167
0 0.0996094 0.873047 0.0332031 0.0611979
0 0.200684 0.142578 0.00683594 0.00911458
0 0.489746 0.347005 0.00683594 0.00911458
0 0.00390625 0.0442708 0.0078125 0.0182292
0 0.993652 0.277995 0.00878906 0.0117188
0 0.125488 0.713542 0.00878906 0.0104167
0 0.351562 0.811849 0.0078125 0.0117188
0 0.667969 0.677083 0.0078125 0.0104167
0 0.552734 0.660156 0.0117188 0.015625
0 0.107422 0.171224 0.00976562 0.0117188
0 0.427734 0.290365 0.00976562 0.015625
0 0.991211 0.714193 0.0136719 0.0169271
0 0.692871 0.367188 0.0107422 0.0130208
0 0.447754 0.923177 0.0146484 0.0182292
0 0.208496 0.379557 0.0185547 0.0221354
0 0.229492 0.537109 0.0175781 0.0247396
0 0.660156 0.0429688 0.015625 0.0234375
0 0.62207 0.20638 0.0175781 0.0247396
0 0.305664 0.796224 0.015625 0.0221354
0 0.258301 0.389974 0.0205078 0.0273438
0 0.959473 0.106771 0.0205078 0.0260417
0 0.699707 0.624349 0.0205078 0.0247396
