0 0.910156 0.078776 0.0078125 0.00911458
0 0.166504 0.447917 0.0185547 0.015625
0 0.972656 0.536458 0.0195312 0.0416667
0 0.227539 0.576823 0.0078125 0.0104167
0 0.989746 0.104167 0.00878906 0.0130208
0 0.650391 0.864583 0.0078125 0.0104167
0 0.298828 0.602214 0.0078125 0.0117188
0 0.399414 0.85612 0.0117188 0.0169271
0 0.359863 0.191406 0.00878906 0.0130208
0 0.646973 0.41862 0.0244141 0.0195312
0 0.578125 0.905599 0.0078125 0.0117188
0 0.53418 0.749349 0.00976562 0.0117188
0 0.868652 0.541016 0.0126953 0.0143229
0 0.292969 0.451823 0.00976562 0.0130208
0 0.460449 0.935547 0.0126953 0.0169271
0 0.441895 0.683594 0.00878906 0.0130208
0 0.625488 0.229167 0.0107422 0.015625
0 0.617676 0.0442708 0.0244141 0.0260417
0 0.462402 0.49349 0.0107422 0.015625
0 0.946777 0.46875 0.0166016 0.0260417
0 0.090332 0.0410156 0.0244141 0.0299479
