0 0.603516 0.900391 0.0078125 0.00911458
0 0.237793 0.244792 0.00683594 0.0104167
0 0.818359 0.141927 0.0078125 0.0104167
0 0.480469 0.298828 0.0078125 0.0117188
0 0.0605469 0.26888 0.015625 0.0169271
0 0.556641 0.560547 0.0117188 0.0117188
0 0.760254 0.705078 0.00878906 0.0117188
0 0.111328 0.800781 0.00976562 0.0130208
0 0.535645 0.214844 0.00878906 0.0130208
0 0.77832 0.873698 0.0078125 0.0104167
0 0.902344 0.173177 0.0078125 0.0104167
0 0.0297852 0.826172 0.00878906 0.0117188
0 0.00585938 0.229167 0.0117188 0.0182292
0 0.824219 0.41862 0.015625 0.0195312
0 0.429199 0.539062 0.00878906 0.0130208
0 0.833496 0.587891 0.0126953 0.0169271
0 0.303223 0.624349 0.00878906 0.0117188
0 0.779297 0.964844 0.0234375 0.0286458
0 0.967285 0.117188 0.0185547 0.0260417
0 0.700195 0.107422 0.0214844 0.0273438
0 0.304688 0.41276 0.0175781 0.0234375
