0 0.355957 0.93099 0.0126953 0.0130208
0 0.153809 0.352865 0.00878906 0.0104167
0 0.635742 0.376302 0.0078125 0.0104167
0 0.5 0.178385 0.0078125 0.0104167
0 0.761719 0.193359 0.0371094 0.0325521
0 0.272949 0.715495 0.00878906 0.0117188
0 0.330078 0.597656 0.0078125 0.0104167
0 0.525391 0.113281 0.00976562 0.0130208
0 0.0795898 0.0514323 0.0126953 0.0143229
0 0.571777 0.866536 0.0107422 0.0143229
0 0.924805 0.595052 0.00976562 0.0130208
0 0.171875 0.901693 0.0136719 0.0169271
0 0.364258 0.0709635 0.00976562 0.0143229
0 0.526367 0.451172 0.0136719 0.0169271
0 0.373047 0.49349 0.0117188 0.015625
0 0.0957031 0.611328 0.00976562 0.0143229
0 0.90625 0.251953 0.0136719 0.0169271
0 0.408203 0.851562 0.0117188 0.015625
0 0.706543 0.580729 0.0126953 0.0234375
0 0.895996 0.174479 0.0185547 0.0338542
0 0.22168 0.302083 0.0175781 0.0234375
0 0.183105 0.548828 0.0185547 0.0299479
0 0.133789 0.292969 0.0214844 0.0286458
