0 0.132324 0.712891 0.00683594 0.00911458
0 0.0942383 0.352865 0.0146484 0.0130208
0 0.955078 0.244792 0.0078125 0.0104167
0 0.720703 0.0859375 0.0078125 0.0104167
0 0.881836 0.647786 0.00976562 0.0117188
0 0.894531 0.182292 0.00976562 0.0130208
0 0.214355 0.147786 0.00878906 0.0117188
0 0.991211 0.395833 0.0136719 0.0182292
0 0.851562 0.354167 0.0136719 0.0182292
0 0.227539 0.642578 0.00976562 0.0143229
0 0.507324 0.848958 0.0126953 0.015625
0 0.152344 0.443359 0.0078125 0.0117188
0 0.862305 0.412109 0.0136719 0.0169271
0 0.557129 0.728516 0.0224609 0.0247396
0 0.321289 0.607422 0.0234375 0.0247396
0 0.187988 0.671875 0.0166016 0.0234375
0 0.310059 0.315755 0.0244141 0.0299479
