0 0.97168 0.904948 0.0078125 0.0104167
0 0.760742 0.443359 0.0117188 0.0169271
0 0.813477 0.399089 0.0078125 0.0117188
0 0.945312 0.077474 0.0078125 0.0117188
0 0.61377 0.636719 0.0107422 0.0130208
0 0.700195 0.391927 0.00976562 0.015625
0 0.459473 0.863932 0.0224609 0.0247396
0 0.288574 0.529297 0.0107422 0.0143229
0 0.553223 0.184896 0.0224609 0.0260417
0 0.804199 0.714193 0.0126953 0.0169271
0 0.842285 0.146484 0.0107422 0.0143229
0 0.383301 0.372396 0.0166016 0.0208333
0 0.453125 0.188151 0.015625 0.0299479
0 0.490723 0.598958 0.0185547 0.03125
0 0.853027 0.889974 0.0166016 0.0221354
0 0.162109 0.522135 0.0195312 0.0338542
0 0.697266 0.0195312 0.0195312 0.0260417
0 0.626465 0.361328 0.0205078 0.0299479
