0 0.754883 0.693359 0.0195312 0.0195312
0 0.898438 0.817057 0.00585938 0.00911458
0 0.762695 0.690755 0.0292969 0.0221354
0 0.585449 0.094401 0.00878906 0.0117188
0 0.71875 0.196615 0.0078125 0.0104167
0 0.8125 0.459635 0.00976562 0.0130208
0 0.528809 0.395833 0.00683594 0.0104167
0 0.944336 0.440755 0.0078125 0.0117188
0 0.966309 0.989583 0.0205078 0.0182292
0 0.858398 0.416016 0.00976562 0.0117188
0 0.603027 0.533854 0.00878906 0.0130208
0 0.699219 0.984375 0.0195312 0.0260417
0 0.228027 0.700521 0.0263672 0.0260417
0 0.338867 0.242839 0.0117188 0.0143229
0 0.864746 0.680339 0.0126953 0.0169271
0 0.375977 0.138021 0.0136719 0.0182292
0 0.981445 0.347656 0.0136719 0.0208333
0 0.799316 0.39388 0.0166016 0.0247396
