0 0.1875 0.190755 0.00976562 0.0117188
0 0.295898 0.330729 0.00976562 0.0130208
0 0.554199 0.377604 0.00683594 0.0104167
0 0.722656 0.742839 0.0078125 0.0117188
0 0.349121 0.434245 0.00878906 0.0117188
0 0.462402 0.0677083 0.0126953 0.015625
0 0.753418 0.51888 0.00878906 0.0117188
0 0.80957 0.557943 0.00976562 0.0143229
0 0.0366211 0.611979 0.00878906 0.0130208
0 0.890137 0.735677 0.0126953 0.015625
0 0.57959 0.0358073 0.00878906 0.0117188
0 0.672852 0.585938 0.015625 0.0208333
0 0.680176 0.222005 0.0107422 0.0143229
0 0.740234 0.435547 0.0175781 0.0221354
0 0.147461 0.639323 0.015625 0.0208333
0 0.632324 0.451823 0.0185547 0.0234375
0 0.219238 0.160156 0.0205078 0.0286458
0 0.922363 0.888021 0.0205078 0.0260417
