0 0.0307617 0.463542 0.0107422 0.0130208
0 0.195312 0.694661 0.0078125 0.00911458
0 0.424805 0.742188 0.0078125 0.0104167
0 0.0991211 0.99349 0.00878906 0.0104167
0 0.927734 0.402344 0.0078125 0.0104167
0 0.142578 0.78776 0.0078125 0.0104167
0 0.249023 0.138021 0.0078125 0.0104167
0 0.272461 0.93099 0.00976562 0.0130208
0 0.425781 0.561849 0.0136719 0.0169271
0 0.822754 0.585938 0.0107422 0.015625
0 0.581055 0.348958 0.00976562 0.0130208
0 0.104492 0.951823 0.00976562 0.0130208
0 0.336426 0.929688 0.0126953 0.0208333
0 0.688965 0.636068 0.0166016 0.0221354
0 0.200684 0.0371094 0.0107422 0.0143229
0 0.470703 0.583984 0.0195312 0.0221354
0 0.78125 0.80599 0.0195312 0.0234375
0 0.321777 0.354167 0.0166016 0.0234375
