0 0.686523 0.0247396 0.0078125 0.0104167
0 0.17334 0.124349 0.00683594 0.00911458
0 0.45459 0.548177 0.00683594 0.0078125
0 0.222168 0.44987 0.00683594 0.00911458
0 0.884766 0.818359 0.0078125 0.00911458
0 0.407715 0.752604 0.00683594 0.0104167
0 0.512207 0.0501302 0.00878906 0.0117188
0 0.683594 0.525391 0.0332031 0.0507812
0 0.192871 0.609375 0.00878906 0.0104167
0 0.429688 0.490885 0.0117188 0.015625
0 0.430664 0.627604 0.0078125 0.0104167
0 0.48584 0.478516 0.0107422 0.0143229
0 0.489258 0.746745 0.0214844 0.0221354
0 0.844727 0.670573 0.00976562 0.0130208
0 0.917969 0.839193 0.0117188 0.0143229
0 0.647461 0.0559896 0.00976562 0.0130208
0 0.96582 0.177083 0.015625 0.0182292
0 0.912109 0.120443 0.015625 0.0195312
0 0.33252 0.568359 0.0166016 0.0221354
0 0.783691 0.231771 0.0166016 0.0234375
0 0.34082 0.833984 0.0234375 0.0325521
0 0.126953 0.761068 0.015625 0.0195312
0 0.100586 0.359375 0.0195312 0.0260417
0 0.31543 0.406901 0.0214844 0.0377604
