0 0.130859 0.715495 0.0078125 0.00911458
0 0.216797 0.220052 0.0117188 0.0130208
0 0.978516 0.264323 0.0078125 0.0104167
0 0.393555 0.85026 0.0078125 0.0104167
0 0.992676 0.380859 0.0107422 0.0143229
0 0.90332 0.249349 0.00976562 0.0143229
0 0.466797 0.482422 0.0078125 0.0117188
0 0.242188 0.991536 0.015625 0.0143229
0 0.342285 0.395182 0.00878906 0.0117188
0 0.689453 0.102214 0.0078125 0.0117188
0 0.536621 0.927734 0.0126953 0.0143229
0 0.0878906 0.425781 0.00976562 0.0130208
0 0.35791 0.981771 0.0107422 0.015625
0 0.0458984 0.356771 0.0175781 0.0260417
0 0.314941 0.542969 0.0166016 0.0208333
0 0.943359 0.669271 0.0234375 0.03125
