0 0.145996 0.364583 0.00878906 0.0104167
0 0.924316 0.745443 0.00878906 0.0117188
0 0.200684 0.25651 0.00683594 0.0104167
0 0.218262 0.883464 0.00878906 0.0117188
0 0.105469 0.0813802 0.00976562 0.0117188
0 0.273926 0.0605469 0.00878906 0.0117188
0 0.790039 0.615885 0.00976562 0.0130208
0 0.100586 0.124349 0.00976562 0.0117188
0 0.714844 0.915365 0.0117188 0.015625
0 0.716797 0.274089 0.0078125 0.0117188
0 0.702148 0.39974 0.0136719 0.0182292
0 0.337402 0.0611979 0.0126953 0.0208333
0 0.266113 0.580078 0.0126953 0.0169271
0 0.275879 0.748047 0.0224609 0.0299479
0 0.722168 0.58724 0.0263672 0.0494792
0 0.635742 0.466146 0.0234375 0.03125
0 0.592773 0.479818 0.0175781 0.0221354
0 0.438965 0.478516 0.0205078 0.0299479
