0 0.0322266 0.746094 0.0078125 0.0104167
0 0.234863 0.805339 0.0205078 0.0299479
0 0.544922 0.265625 0.0078125 0.0104167
0 0.197266 0.0481771 0.0117188 0.0130208
0 0.756348 0.786458 0.0107422 0.0130208
0 0.100098 0.672526 0.00878906 0.0143229
0 0.250977 0.869792 0.00976562 0.0130208
0 0.61377 0.514974 0.00878906 0.0117188
0 0.21875 0.817708 0.0273438 0.03125
0 0.598633 0.753255 0.00976562 0.0143229
0 0.194336 0.770833 0.0117188 0.015625
0 0.458984 0.414714 0.00976562 0.0117188
0 0.0395508 0.1875 0.0146484 0.0208333
0 0.0429688 0.701172 0.0136719 0.0169271
0 0.277344 0.629557 0.00976562 0.0143229
0 0.569824 0.432292 0.0126953 0.015625
0 0.871094 0.794922 0.0136719 0.0195312
0 0.914062 0.698568 0.0175781 0.0247396
0 0.959473 0.195312 0.0224609 0.0260417
0 0.952637 0.307292 0.0185547 0.0234375
0 0.410645 0.162109 0.0224609 0.0299479
0 0.358398 0.376953 0.0214844 0.0299479
0 0.517578 0.164714 0.0175781 0.0221354
0 0.34375 0.272786 0.0195312 0.0273438
