0 0.437988 0.736979 0.00683594 0.0104167
0 0.580078 0.673828 0.00585938 0.00911458
0 0.287598 0.88151 0.00683594 0.0104167
0 0.712891 0.728516 0.00976562 0.0143229
0 0.149902 0.285807 0.00878906 0.0117188
0 0.651367 0.979818 0.0136719 0.0169271
0 0.101562 0.0260417 0.0078125 0.0104167
0 0.65918 0.526693 0.0078125 0.0117188
0 0.836426 0.56901 0.0126953 0.0182292
0 0.585938 0.502604 0.0078125 0.0104167
0 0.198242 0.393229 0.0078125 0.0104167
0 0.105957 0.207031 0.0107422 0.0182292
0 0.168457 0.121745 0.00878906 0.0117188
0 0.179688 0.765625 0.00976562 0.0130208
0 0.973145 0.613932 0.0107422 0.0143229
0 0.959473 0.0540365 0.0126953 0.0169271
0 0.536621 0.0416667 0.0146484 0.0182292
0 0.270996 0.0501302 0.0107422 0.0143229
0 0.395508 0.554036 0.0195312 0.0221354
0 0.23877 0.356771 0.0107422 0.015625
0 0.543945 0.677734 0.0117188 0.0143229
0 0.29541 0.69987 0.0126953 0.0169271
0 0.693848 0.554688 0.0205078 0.0260417
0 0.811035 0.230469 0.0224609 0.0286458
0 0.0454102 0.238281 0.0224609 0.03125
0 0.669922 0.227214 0.0234375 0.0299479
