0 0.899414 0.166667 0.0078125 0.0104167
0 0.835938 0.733073 0.0078125 0.0104167
0 0.0488281 0.551432 0.0078125 0.0117188
0 0.705566 0.395833 0.00683594 0.0104167
0 0.914062 0.992188 0.0136719 0.015625
0 0.371582 0.617839 0.0107422 0.0143229
0 0.648926 0.930339 0.0107422 0.0117188
0 0.133301 0.388021 0.0126953 0.0208333
0 0.611328 0.295573 0.0078125 0.0104167
0 0.475586 0.113932 0.00976562 0.0117188
0 0.40918 0.124349 0.00976562 0.0117188
0 0.961914 0.347656 0.0136719 0.0208333
0 0.513672 0.925781 0.00976562 0.0130208
0 0.782227 0.231771 0.00976562 0.0130208
0 0.490723 0.205078 0.0146484 0.0195312
0 0.308105 0.839844 0.0126953 0.0182292
0 0.406738 0.167969 0.0146484 0.0182292
0 0.175781 0.171875 0.015625 0.0208333
0 0.681641 0.0494792 0.015625 0.0208333
