0 0.664062 0.00520833 0.0117188 0.0104167
0 0.437012 0.76237 0.00683594 0.00911458
0 0.220215 0.626953 0.00683594 0.00911458
0 0.524902 0.990234 0.0107422 0.0195312
0 0.630371 0.850911 0.00878906 0.0117188
0 0.935547 0.270182 0.015625 0.0169271
0 0.666504 0.827474 0.0126953 0.0143229
0 0.90332 0.828776 0.00976562 0.0117188
0 0.984863 0.804036 0.0107422 0.0143229
0 0.329102 0.554688 0.0078125 0.0104167
0 0.360352 0.555339 0.00976562 0.0117188
0 0.363281 0.946615 0.00976562 0.0130208
0 0.766113 0.376302 0.00878906 0.0130208
0 0.0786133 0.927734 0.0126953 0.0143229
0 0.583008 0.813151 0.0117188 0.0143229
0 0.87793 0.231771 0.0136719 0.0208333
0 0.0727539 0.735677 0.0146484 0.0182292
0 0.130371 0.822266 0.0166016 0.0195312
0 0.490234 0.117188 0.015625 0.0208333
0 0.546387 0.300781 0.0146484 0.0208333
0 0.059082 0.604818 0.0166016 0.0247396
0 0.42334 0.205729 0.0263672 0.0442708
