0 0.908203 0.959635 0.0078125 0.0104167
0 0.781738 0.757161 0.0107422 0.0143229
0 0.990234 0.989583 0.015625 0.0208333
0 0.0961914 0.594401 0.00683594 0.00911458
0 0.715332 0.0664062 0.0185547 0.0182292
0 0.357422 0.632812 0.00976562 0.0130208
0 0.0737305 0.813151 0.0107422 0.0143229
0 0.950195 0.675781 0.00976562 0.0130208
0 0.992188 0.0397135 0.0117188 0.0143229
0 0.367676 0.270182 0.0107422 0.0143229
0 0.614746 0.925781 0.0244141 0.0234375
0 0.904785 0.565104 0.00878906 0.0130208
0 0.520508 0.53776 0.0117188 0.015625
0 0.296387 0.147135 0.0205078 0.0234375
0 0.551758 0.624349 0.00976562 0.0143229
0 0.606934 0.316406 0.0146484 0.0182292
0 0.0888672 0.921875 0.0234375 0.0286458
0 0.953125 0.488281 0.0195312 0.0234375
0 0.0273438 0.455729 0.0234375 0.0286458
0 0.493164 0.764974 0.0175781 0.0247396
0 0.682617 0.30013 0.0253906 0.0325521
