0 0.442383 0.666016 0.00585938 0.00911458
0 0.365723 0.347656 0.00683594 0.0104167
0 0.96875 0.597005 0.0078125 0.00911458
0 0.576172 0.690104 0.0078125 0.0104167
0 0.946777 0.815755 0.00878906 0.0117188
0 0.768555 0.479167 0.00976562 0.0130208
0 0.302246 0.277344 0.0146484 0.0182292
0 0.769043 0.664062 0.0126953 0.015625
0 0.625977 0.746094 0.0136719 0.0182292
0 0.370605 0.660156 0.0185547 0.0286458
0 0.962402 0.925781 0.0244141 0.0286458
0 0.273438 0.656901 0.015625 0.0221354
0 0.828613 0.0279948 0.0185547 0.0247396
0 0.900391 0.458333 0.0234375 0.0286458
0 0.081543 0.0488281 0.0263672 0.0351562
0 0.579102 0.595703 0.0234375 0.0325521
