0 0.136719 0.182292 0.00976562 0.0130208
0 0.650391 0.309245 0.0078125 0.00911458
0 0.0527344 0.742188 0.0078125 0.0130208
0 0.675293 0.489583 0.00683594 0.0104167
0 0.430664 0.182292 0.0078125 0.0104167
0 0.822266 0.195964 0.0078125 0.0117188
0 0.435547 0.353516 0.0078125 0.0117188
0 0.983398 0.138021 0.0136719 0.015625
0 0.533203 0.51888 0.0078125 0.0117188
0 0.638672 0.234375 0.015625 0.0234375
0 0.203613 0.0371094 0.00878906 0.0117188
0 0.681152 0.866536 0.0126953 0.0169271
0 0.349609 0.729167 0.0117188 0.015625
0 0.234375 0.98112 0.0195312 0.0273438
0 0.773926 0.578125 0.0146484 0.0182292
0 0.186523 0.486979 0.0175781 0.0234375
0 0.482422 0.443359 0.0214844 0.0273438
0 0.759277 0.152344 0.0244141 0.03125
