0 0.09375 0.843099 0.0195312 0.0169271
0 0.847656 0.963542 0.0078125 0.0104167
0 0.745605 0.404297 0.00683594 0.00911458
0 0.393555 0.935547 0.00585938 0.00911458
0 0.437012 0.966797 0.00878906 0.0117188
0 0.474121 0.807943 0.00878906 0.0117188
0 0.191406 0.35026 0.0078125 0.0104167
0 0.855957 0.366536 0.0107422 0.0143229
0 0.196777 0.908854 0.0166016 0.0260417
0 0.645996 0.622396 0.0166016 0.0338542
0 0.756836 0.579427 0.0136719 0.0182292
0 0.257324 0.0247396 0.0107422 0.0130208
0 0.822754 0.50651 0.00878906 0.0130208
0 0.825684 0.71875 0.0205078 0.0260417
0 0.606445 0.341146 0.0136719 0.0182292
0 0.853027 0.146484 0.0126953 0.0169271
0 0.554199 0.78125 0.0146484 0.0234375
0 0.349121 0.942708 0.0185547 0.0260417
0 0.474609 0.924479 0.0195312 0.0260417
0 0.329102 0.0410156 0.0214844 0.0273438
0 0.959473 0.0514323 0.0263672 0.0351562
