0 0.48291 0.627604 0.00683594 0.0104167
0 0.0600586 0.73112 0.00683594 0.00911458
0 0.849609 0.0813802 0.0078125 0.00911458
0 0.0546875 0.399089 0.0078125 0.00911458
0 0.394531 0.0566406 0.00585938 0.00911458
0 0.512207 0.55599 0.00878906 0.0130208
0 0.574707 0.969401 0.00683594 0.00911458
0 0.635254 0.63151 0.00683594 0.0104167
0 0.437988 0.0852865 0.00878906 0.0117188
0 0.20166 0.907552 0.00878906 0.0130208
0 0.797363 0.765625 0.0107422 0.015625
0 0.337402 0.314453 0.0205078 0.0247396
0 0.197754 0.0279948 0.0166016 0.0247396
0 0.350586 0.0625 0.0195312 0.0260417
0 0.583496 0.300781 0.0166016 0.0208333
0 0.387207 0.473958 0.0146484 0.0208333
0 0.613281 0.811849 0.0175781 0.0247396
0 0.476074 0.0442708 0.0185547 0.0260417
0 0.931152 0.697266 0.0185547 0.0273438
0 0.231445 0.151693 0.0195312 0.0325521
0 0.543945 0.791667 0.0253906 0.03125
