0 0.666992 0.164714 0.0078125 0.00911458
0 0.208984 0.991536 0.0136719 0.0143229
0 0.71582 0.802734 0.0175781 0.0195312
0 0.434082 0.151693 0.00683594 0.00911458
0 0.723633 0.311198 0.00976562 0.0130208
0 0.845703 0.210286 0.0078125 0.0117188
0 0.90918 0.614583 0.00976562 0.0130208
0 0.31543 0.410156 0.0117188 0.0130208
0 0.103516 0.135417 0.0136719 0.015625
0 0.828125 0.09375 0.00976562 0.0130208
0 0.587402 0.203776 0.0146484 0.0169271
0 0.364258 0.483724 0.0175781 0.0247396
0 0.328613 0.0371094 0.0166016 0.0195312
0 0.625977 0.343099 0.0136719 0.0169271
0 0.308105 0.354167 0.0185547 0.0234375
0 0.239258 0.11263 0.0136719 0.0221354
0 0.407227 0.398438 0.00976562 0.0130208
0 0.567383 0.414714 0.0175781 0.0221354
0 0.142578 0.304688 0.0214844 0.0286458
