0 0.96875 0.847005 0.0175781 0.0195312
0 0.753418 0.698568 0.00683594 0.00911458
0 0.671875 0.55599 0.0078125 0.0104167
0 0.59668 0.882161 0.0078125 0.00911458
0 0.136719 0.792318 0.00976562 0.0143229
0 0.698242 0.251302 0.0078125 0.0104167
0 0.434082 0.505859 0.00683594 0.00911458
0 0.37793 0.333984 0.0078125 0.00911458
0 0.317383 0.0989583 0.00976562 0.0130208
0 0.148438 0.339193 0.00976562 0.0117188
0 0.174316 0.292318 0.00878906 0.0117188
0 0.761719 0.757812 0.0117188 0.015625
0 0.725586 0.519531 0.0214844 0.0234375
0 0.250488 0.290365 0.00878906 0.0130208
0 0.200195 0.91862 0.0117188 0.0143229
0 0.764648 0.152344 0.00976562 0.0130208
0 0.523438 0.380208 0.00976562 0.0130208
0 0.101562 0.664062 0.0117188 0.0182292
0 0.507812 0.597656 0.0332031 0.046875
0 0.142578 0.833984 0.0253906 0.0325521
