0 0.445801 0.616536 0.00683594 0.00911458
0 0.285156 0.611328 0.00585938 0.00911458
0 0.6875 0.665365 0.0078125 0.0104167
0 0.917969 0.826823 0.0078125 0.0104167
0 0.731445 0.627604 0.0117188 0.0208333
0 0.666504 0.25651 0.00683594 0.0104167
0 0.293945 0.464193 0.0078125 0.00911458
0 0.54541 0.575521 0.00878906 0.0130208
0 0.583984 0.967448 0.0078125 0.0104167
0 0.56543 0.21224 0.0078125 0.0104167
0 0.350586 0.641276 0.00976562 0.0117188
0 0.992188 0.0690104 0.0136719 0.0182292
0 0.397461 0.0963542 0.0175781 0.015625
0 0.746094 0.698568 0.00976562 0.0143229
0 0.592285 0.776693 0.00878906 0.0117188
0 0.655273 0.432292 0.00976562 0.0130208
0 0.59668 0.150391 0.015625 0.0195312
0 0.725098 0.494792 0.0185547 0.0260417
