536.2000 292.1000 4.4140 4.3543 -0.6287
572.1000 126.0000 3.0489 3.0077 -0.3450
481.1000 209.6000 3.1312 3.0814 -0.4161
387.1000 257.2000 3.0452 3.0067 -0.7231
256.1000 224.0000 4.3900 4.3457 -1.2798
139.3000 606.4000 4.3174 4.2753 -0.4048
145.6000 640.3000 11.7991 11.5490 -1.0548
495.4000 509.0000 2.7673 2.7344 -0.2821
443.9000 389.0000 3.2532 3.2089 -0.3474
783.6000 117.2000 4.1205 4.0259 0.1768
715.4000 193.3000 2.6037 2.5565 -0.3871
771.5000 536.9000 2.5537 2.5396 -0.5485
610.4000 677.5000 2.8022 2.7734 -0.6031
780.2000 582.0000 6.6863 4.7564 44.8396
520.3000 462.4000 16.2596 13.5246 63.3389
742.9500 400.1000 11.3178 5.5851 39.2055
688.3500 427.9500 3.5038 2.3387 52.1661
103.9000 510.0000 6.8868 6.5298 -53.3839
151.8000 261.2500 5.1035 4.5784 -9.0790
179.0000 224.8500 4.1457 4.3488 53.9452
325.2000 76.7000 6.7752 3.9330 -45.7580
991.4000 649.6000 10.0241 5.9377 40.6523
203.9000 706.2500 7.1904 4.0223 41.9777
