387.2024 187.8461 6.5242 6.4417 -0.3317
395.7000 374.2000 6.9554 6.8545 -0.3651
550.9000 368.0000 8.2486 8.1930 -0.2913
828.6000 477.6000 5.5883 4.6395 49.5208
77.5000 238.5000 8.8816 8.7825 -0.0390
127.4000 234.5000 2.5619 2.5314 -0.3896
418.6000 14.1000 9.3091 9.2265 -0.2305
38.5000 538.5000 9.2012 9.1083 -0.3625
353.9000 573.4000 5.1551 5.0816 -0.4040
884.5000 280.3000 4.3996 4.3414 -0.4234
212.9000 3.9000 12.3855 12.6566 2.7129
339.8000 645.2000 3.9956 3.9561 -0.4531
397.1000 707.3000 8.5109 8.3026 -0.3093
954.7000 19.6500 5.2925 4.0932 37.3102
871.0500 159.7000 7.5120 6.6237 25.7927
908.1000 142.8000 18.9693 5.0439 -43.3236
560.2000 189.4000 7.5847 5.8845 29.8512
507.6000 43.6000 11.3622 8.0457 54.0518
85.3000 151.4000 12.6761 8.5152 -28.7509
204.4000 598.9000 11.2977 7.5801 53.9477
251.9000 485.2000 12.0899 10.2861 -62.9016
555.1000 347.7500 14.3999 4.6612 -40.2150
