264.5517 299.4483 10.7714 10.6120 -0.2864
213.2414 292.2758 8.9754 8.8954 -0.3619
359.8000 623.9000 4.2749 4.2216 -0.3561
128.5000 548.2000 4.8765 4.8301 -0.4799
716.5000 479.1000 10.0680 9.9844 -0.2882
982.8000 81.9000 10.0579 9.8668 -0.3818
709.6000 281.9000 5.4932 5.4092 -0.4630
501.5000 266.4000 3.4327 3.3667 0.1016
109.3000 132.2000 4.6561 4.6005 -0.4598
205.4000 109.7000 3.4031 3.3555 -0.3777
1.3939 34.4662 6.5365 5.3441 22.5896
226.1026 5.3287 3.3935 3.3531 -0.3973
89.7389 84.8158 3.1351 3.0973 -0.3755
1015.2000 547.8000 7.1328 7.0662 -0.4340
683.7000 520.1000 4.1085 4.0643 -0.4220
233.9000 412.8500 9.5921 8.5140 49.4889
242.1500 431.7000 7.2895 5.1466 -46.6407
312.0000 611.9500 9.7852 5.7171 48.5917
458.6000 709.4500 7.0095 6.6776 -25.0616
565.9500 507.9500 6.6820 4.8790 -41.6571
573.1000 483.1500 4.8531 2.3857 64.8161
636.9500 159.0000 10.5790 6.1478 -44.2065
936.2000 417.4000 6.2629 5.8578 75.1674
676.8000 32.9000 9.4356 4.9514 81.8455
