473.1000 51.8000 5.9016 5.8233 -0.3852
593.8000 27.8000 3.7414 3.7173 -0.3775
567.4000 290.3000 3.1246 3.0905 -0.3586
647.7000 346.6000 8.5512 8.4416 -0.3093
758.7000 334.6000 8.1604 8.0434 -0.3716
828.5000 428.7000 4.6732 4.6295 -0.3226
905.3000 417.4000 2.5679 2.5276 -0.3634
882.1000 426.2000 2.8469 2.8001 -0.3693
302.7000 254.1000 4.5083 4.4401 -0.5827
287.9000 270.0000 4.2576 4.2159 -0.4251
97.5000 381.4000 2.5138 2.4908 -1.0715
150.7000 490.7000 7.5096 7.4613 -0.4323
37.5000 470.1000 4.5289 4.4849 -0.3844
911.4000 565.3000 5.4732 5.4068 -0.3547
914.3000 621.9000 2.6605 2.6166 -0.3020
191.2000 147.0000 3.3845 3.3312 -0.5499
223.9000 122.5000 10.3839 10.0514 0.0195
689.1000 450.7000 7.5888 7.4292 -0.4101
696.4500 171.5000 5.8565 5.4583 22.4012
709.4500 325.4000 6.7544 2.4307 47.1735
771.4500 399.2500 4.8669 4.3730 -7.7493
945.8500 682.3500 11.1037 8.6670 -54.3253
739.6000 571.0000 5.1796 4.4188 -0.1619
357.2000 334.1000 3.8500 3.8188 -0.3467
