492.4000 214.9000 3.2238 3.1973 -0.1794
551.7000 230.4000 3.2928 3.3192 -1.2745
829.6000 141.1000 4.4779 4.4146 -0.3500
736.1000 181.9000 2.9140 2.8775 -0.3354
187.1000 332.0000 4.4006 4.3815 -0.4284
159.2000 360.8000 2.5283 2.4801 -0.3561
103.9000 314.5000 2.6095 2.5723 -0.3244
91.2000 599.3000 3.8283 3.7861 -0.3632
557.5000 659.1000 12.0524 11.9150 -0.2781
680.6000 675.2000 4.6067 4.5454 -0.3501
501.1000 763.0000 7.5563 7.4550 -1.0724
397.3000 495.9000 2.9460 2.9100 -0.2391
708.7000 326.0000 2.6315 2.6048 -0.3432
612.4500 482.1000 6.3486 4.9635 -62.8061
402.7000 650.2500 7.1767 3.5744 -41.1042
405.9000 660.8500 7.4156 3.6807 43.1928
629.1000 655.4000 12.6311 8.9271 80.6657
660.8500 715.8500 5.8471 2.5640 45.1171
988.2500 666.8000 11.3145 4.0324 49.6500
891.1000 373.8500 3.9919 3.3924 -44.8679
806.3500 192.8000 5.1889 5.5202 76.4068
76.7000 479.5000 4.4836 3.2063 -84.3291
11.4500 240.7000 4.8218 3.5268 -36.0560
