711.0000 425.3000 9.7468 9.6488 -0.3534
674.5000 404.5000 3.8998 3.8599 -0.3257
600.2000 386.4000 3.6029 3.5607 -0.4912
592.6000 517.1000 2.6053 2.5641 -0.3153
556.4000 520.7000 5.5099 5.4219 -0.3983
448.5000 565.2000 3.2659 3.2253 -0.3981
302.3000 537.4000 5.8124 5.7365 -0.3861
202.9000 302.5000 4.1389 4.0974 -0.4090
244.3000 273.7000 5.1506 5.0971 -0.3556
153.4000 219.6000 3.6872 3.6455 -0.3554
46.4000 183.4000 11.5491 11.4448 -0.4094
277.7000 38.7000 4.9321 4.8839 -0.4283
103.8000 20.3000 3.6327 3.5814 -0.3529
113.0000 279.5000 2.0266 2.0083 -0.3792
294.1000 677.3000 3.0203 2.9881 -0.3603
857.2000 436.9000 5.9832 5.8954 -0.3390
997.8000 471.4000 4.9921 4.9608 -0.4024
686.1000 174.9000 11.5460 11.4443 -0.3919
363.9500 228.0500 4.0217 2.2624 48.6191
171.9500 93.7000 4.3861 4.1986 55.3252
108.9000 159.3000 8.5017 4.7798 -65.0803
184.5000 587.6500 6.0840 5.1396 -54.4064
403.5000 424.6500 11.3150 7.5616 1.5482
731.0000 559.5500 5.9225 3.9903 50.9284
668.7500 752.4500 8.3478 5.8889 -20.7597
830.7500 176.9000 11.2425 11.1620 -0.0266
549.0500 32.0000 7.5342 6.5879 30.7053
982.5000 41.1500 6.5501 6.3680 1.9513
