117.7000 549.4000 7.0038 6.9378 -0.4469
450.4000 596.2000 11.1798 11.0864 -0.3167
478.7000 620.9000 4.3840 4.3435 -0.4081
543.9000 133.2000 5.8052 5.7295 -0.3944
314.3000 39.8000 5.6138 5.5572 -0.4203
573.9000 84.0000 3.8684 3.7332 6.8459
479.2000 95.8000 3.3325 3.2996 -0.3967
989.1000 333.2000 5.2328 5.1504 -0.5556
892.7000 101.4000 4.3879 4.3317 -0.3269
85.1000 84.4000 10.1344 10.0459 3.2294
119.3000 215.2000 3.3321 3.2890 -0.4517
38.6000 419.4000 5.9643 7.1667 80.0508
109.5500 385.2000 4.8472 3.4043 -58.2960
55.3000 259.5000 3.5392 3.0725 -31.4739
267.6500 270.0000 4.1033 2.2820 -71.1735
632.2500 343.5500 15.4798 6.2294 45.9590
209.1000 708.0000 8.7276 5.8921 21.9877
559.3500 241.9000 5.5590 1.8991 42.4594
