414.7000 249.6000 5.7010 5.6396 -0.3442
372.3000 162.9000 5.1911 5.1556 -0.6407
118.9000 353.9000 7.7831 7.6762 -0.3840
240.3000 581.1000 11.7631 11.5592 -0.2795
69.2000 605.3000 3.3199 3.2829 -0.4062
159.9000 595.6000 2.4911 2.4793 -0.3884
837.6000 38.2000 3.4849 3.4647 -0.4285
745.1000 197.6000 2.6943 2.6810 -0.6654
603.5000 355.7000 2.3390 2.3095 -0.3529
927.0000 590.0000 2.7970 2.7640 -0.4610
659.6708 220.5741 2.6942 2.6869 -0.3444
247.9000 401.8500 5.2634 4.3665 1.0051
30.1500 601.7500 7.8968 4.3458 -45.4387
379.6000 634.2500 5.0540 3.0126 -53.0083
322.6500 240.1500 3.9525 2.1666 -58.6826
426.8000 189.9000 3.5991 2.9231 28.4736
872.9500 221.4000 6.0601 5.5322 34.9726
74.4500 72.1500 10.4910 7.7918 -6.1160
148.8000 81.6000 2.5470 2.5174 -0.3235
563.6000 60.4000 2.5557 2.4140 5.6751
