102.8000 275.9000 9.7683 9.7600 -1.3790
802.5000 178.2000 8.3498 8.1511 -0.4055
933.6000 92.9000 7.2302 7.1732 -0.3083
663.5000 43.0000 4.8175 4.7528 -0.3702
702.7000 18.3000 4.1663 4.1785 -0.2570
524.6000 39.7000 4.6196 4.6042 -0.4053
497.3000 367.8000 4.8887 4.8209 -0.3359
177.8000 95.2000 3.6806 3.6418 -0.3990
864.7000 515.0000 4.8453 4.7824 -0.4101
904.9000 629.6000 3.3365 3.2873 -0.3471
340.2000 436.8000 8.5575 8.2479 7.8798
441.2000 481.9000 3.7471 3.7154 -0.3515
197.0000 468.2000 3.4832 3.4530 -0.5950
129.8000 585.1000 6.8558 6.7750 -0.3429
349.4000 640.8000 12.3247 12.1503 -0.5830
941.1500 645.6000 5.5721 4.9727 -3.2847
501.2000 573.2500 10.1750 8.9916 4.3630
322.5000 312.3000 14.7744 9.9448 -48.2677
465.3000 422.0500 3.7788 2.7598 59.5791
440.5500 378.1500 8.3096 4.1471 47.1519
990.1000 136.4000 9.0511 6.7666 3.5609
