272.2000 445.5000 6.1289 6.0682 -0.3760
282.5000 574.4000 11.4252 11.2710 -0.2976
650.8000 358.5000 11.8077 11.5893 -0.3964
733.7000 210.9000 3.6646 3.6288 -0.3933
279.7000 47.1000 3.9237 3.8812 -0.3625
108.2000 63.0000 4.7566 4.7034 -0.3503
102.3000 95.0000 4.6531 4.5940 -0.3887
205.8000 196.9000 2.8393 2.8114 -0.6132
345.7000 47.1000 7.7832 6.0053 71.1578
449.3500 367.6500 11.4113 11.0421 -50.5546
607.0500 368.6500 8.6588 8.5942 -1.8503
718.6500 307.3500 7.1371 6.7051 -23.1162
739.7500 449.5000 16.1915 13.5130 -58.7937
809.3000 472.4500 6.0742 4.3906 73.9097
223.3000 678.9000 4.4418 4.2899 -43.7088
947.1500 571.4000 6.0807 2.0741 47.8650
