419.9730 124.5405 12.2679 11.5877 -8.4405
352.4054 209.1351 9.9403 9.8162 -0.3514
366.7297 290.2162 11.3412 10.9697 -4.3175
469.9730 319.1351 4.7737 4.7189 -0.4548
975.1000 236.5000 8.6751 8.5148 -0.5480
530.2000 126.6000 8.6259 8.4655 -0.4957
629.0000 395.5000 5.1939 5.1347 -0.6336
935.6857 536.5966 9.2676 9.1678 -0.2981
891.6112 611.0306 7.3427 7.2843 -0.3504
774.3009 604.3729 4.8906 4.8480 -0.3215
612.9000 578.9000 5.2808 5.2116 -0.3914
222.4000 628.9000 10.3820 10.2785 0.1439
242.8000 616.3000 9.0497 8.9437 -0.0634
256.6000 668.0000 4.6897 4.6296 -0.3680
44.3000 539.0000 6.9356 6.8713 -0.4373
32.8000 573.6000 4.4370 4.4231 -0.4791
82.2364 588.3115 7.5452 3.7435 -37.5496
102.8206 517.5883 5.2746 3.9398 73.6177
197.1878 592.2754 9.1512 4.4673 -34.9040
284.7000 484.1000 6.2385 4.0727 61.0466
315.6500 500.5000 5.5143 4.3204 69.3936
557.8000 204.3500 4.3562 3.6866 -9.5629
584.2000 333.5000 7.1929 5.4284 38.5917
207.1500 36.5000 9.8465 5.9350 3.3950
