743.0000 380.7000 9.6122 9.4667 -0.4079
671.2000 332.3000 4.6076 4.5527 -0.3729
300.3000 356.7000 3.4853 3.4462 -0.3579
578.8000 163.2000 3.2972 3.2514 -0.4861
683.2000 197.2000 3.2533 3.2048 -0.3484
703.6000 511.3000 3.1018 3.0629 -0.3302
764.3000 536.5000 4.7560 4.7072 -0.3539
606.6000 597.3000 4.3432 4.2892 -0.3215
32.5000 587.9000 2.7082 2.6824 -0.3503
597.9000 743.5000 3.9458 3.9053 -0.3632
906.2000 449.1000 2.7980 2.7585 -0.3635
939.5000 634.5000 3.1166 3.0747 -0.3465
291.5000 469.3000 2.6657 2.6323 -0.3392
1017.2000 53.3000 6.7606 6.6862 -0.5367
558.1000 442.5500 5.1273 3.9729 56.1829
456.5000 473.7500 3.7384 4.2767 28.2843
358.9500 493.4500 6.3270 4.1455 -45.5086
748.7500 479.1500 10.8172 5.2639 55.1770
406.0500 74.1500 8.8771 6.9127 -39.6818
610.0500 116.8000 6.8524 6.4604 21.1183
563.3000 4.9500 4.8275 4.5088 3.2226
