226.2539 181.9599 10.2781 10.1165 -0.6026
334.7172 309.3541 10.4065 10.1785 -0.6610
277.2561 250.7795 4.5237 4.5020 -0.8233
579.9418 292.1395 4.8235 4.7457 -0.2365
312.5000 78.8000 3.0494 3.0085 -0.4277
327.8000 89.4000 9.5846 9.4333 1.2676
357.5000 108.1000 4.3222 4.2719 -0.3555
61.2245 89.1514 2.8181 2.7766 -0.2889
339.7032 476.9499 10.5619 10.3896 -0.1546
553.3333 454.1176 5.9918 5.9020 -0.4228
687.2509 455.8528 5.0876 5.0464 -0.2929
700.6288 487.9599 3.8045 2.8497 -5.4661
865.2763 203.6496 5.8436 5.7862 -0.2354
988.2938 326.3773 6.0311 5.9565 -0.6082
315.2753 719.1687 8.4877 8.3207 -1.2477
112.9644 237.0920 8.2955 5.8932 -74.0290
525.5531 353.9634 12.2637 10.3788 5.4167
486.6178 453.9068 3.7036 3.3566 -23.2828
501.1318 461.2969 3.4891 2.5045 -70.2104
945.8217 273.3983 11.7453 7.0114 35.2976
310.7500 653.9500 8.1084 2.8835 36.6092
632.7731 682.2142 7.0814 6.5274 -21.9345
