297.7000 49.7000 6.5192 6.3988 -0.7195
193.9000 170.2000 4.5140 4.4702 -0.3889
91.9000 334.8000 5.2754 5.2275 -0.3626
230.9000 376.2000 4.6688 4.6109 -0.4228
264.7000 396.4000 6.7947 6.7258 -0.3394
279.0000 417.5000 5.1118 5.0497 -0.3751
326.7000 568.3000 7.0481 6.8836 -0.7197
473.5000 618.9000 9.8025 9.7149 -0.2666
419.9000 685.2000 9.6442 9.5235 -0.1430
375.6000 719.4000 3.3643 3.3282 -0.3636
465.7000 518.0000 3.3277 3.2963 -0.3897
884.9000 429.8000 5.9505 5.8890 -0.4227
985.6000 538.9000 15.1334 14.0729 -2.3256
213.8000 675.3000 12.2951 12.2088 -0.2998
968.9000 259.1000 4.1467 4.1186 -0.4471
428.1152 58.3260 4.5970 3.7485 -45.4631
372.0490 110.7770 5.9743 5.5760 31.6532
344.2000 411.8500 11.0851 7.3719 36.1430
315.1500 524.4500 7.0145 5.9447 36.6041
508.8000 715.2000 10.4056 7.2622 52.2115
983.6351 616.6852 13.3620 11.6358 -56.0080
956.1602 692.2692 5.3358 3.9591 27.0902
998.3500 347.5000 8.2761 5.2640 36.6608
329.8281 120.4004 2.5727 2.5474 -0.2926
332.1537 130.9161 1.9072 1.8854 -0.4212
400.6000 12.7000 2.8053 2.7696 -0.4792
