481.8000 448.5000 8.6876 8.5941 -0.2334
329.6000 271.9000 8.0336 7.8883 -0.3790
434.7000 570.0000 3.6369 3.5981 -0.2844
842.3000 450.7000 5.5720 5.5136 -0.2535
106.7000 731.4000 4.9751 4.9098 -0.2878
101.1000 763.8000 4.5552 4.5009 -0.2820
146.2000 605.3000 3.0967 3.0538 -0.2897
254.7000 105.9000 3.5412 3.5023 -0.3370
644.1000 253.5000 2.5655 2.5143 -0.6161
714.7000 463.8000 2.5229 2.5284 -1.1410
438.5500 431.6500 8.3818 7.0058 54.4142
707.1500 488.6500 9.0061 8.9129 -0.2489
459.8000 554.3000 4.8240 3.3322 -45.3018
345.0500 715.1500 7.4537 6.1718 60.9743
199.6500 533.7500 4.3576 3.3530 10.9281
29.8500 356.4000 7.0725 4.8463 32.2729
356.3000 207.9500 4.2262 2.8408 -35.8694
205.5500 29.2000 7.7053 4.4650 44.5715
595.5000 268.0500 5.8466 5.0912 -68.0704
799.9000 618.8000 11.1189 7.2686 -40.9385
949.8000 309.2000 3.0772 3.0531 -0.3592
322.0000 208.4000 2.7883 2.7550 -0.4655
278.4000 714.9000 3.7975 3.7688 -0.3612
955.2000 563.2000 2.7275 2.6964 -0.4805
