592.6000 458.5000 11.7320 11.6434 -0.5114
787.2000 368.5000 5.0516 4.9885 -0.7338
641.2000 573.6000 6.1970 6.1299 -0.3686
589.4000 530.2000 3.0101 2.9711 -0.3267
374.7000 266.6000 3.2346 3.1906 -0.4079
82.9000 37.7000 13.1642 12.9657 -0.3839
849.6000 20.7000 8.9863 8.8081 -0.3464
836.3000 143.5000 2.7786 2.7280 -0.4906
379.7000 507.2500 12.2379 7.5941 -52.2238
279.6000 505.4000 8.5654 7.6891 -38.4887
382.5500 221.6500 7.8929 4.7581 33.3654
309.9500 214.0000 7.6244 6.3853 36.1589
921.9000 351.8500 12.9252 11.0195 -6.5603
786.4500 510.4500 6.7641 4.8239 5.3930
969.7500 626.4500 6.2706 4.0977 46.6342
985.3000 710.3500 12.0394 11.8020 -0.4931
964.0000 714.5000 2.7496 2.7165 -0.4364
452.9000 511.9000 2.6360 2.6179 -0.5504
495.7000 253.9000 2.1896 2.1902 -0.9859
