473.5000 379.1000 5.7356 5.6483 -0.3801
300.5000 347.3000 4.4609 4.4233 -0.2894
640.4000 176.8000 5.3718 5.3077 -0.3883
452.6000 525.4000 4.4624 4.4079 -0.4232
547.2000 575.9000 3.9975 3.9584 -1.4301
666.7000 664.3000 3.2090 3.1827 -0.5824
592.1000 695.3000 3.8122 3.7665 -0.2767
232.4000 443.8000 2.6970 2.6548 -0.5429
290.6000 402.8000 1.8083 1.7794 -0.3513
932.2000 61.0000 2.8321 2.7948 -0.3251
1012.6000 80.6000 4.2411 4.2111 -0.4361
1022.2000 98.2000 2.4005 2.2503 2.7358
471.6000 719.3000 5.8664 5.7638 -0.3693
71.2000 35.1000 2.6677 2.6337 -0.5518
663.6500 321.9000 10.4847 9.4754 20.7773
561.4000 402.7500 5.9037 3.1046 34.7253
167.1000 343.4000 11.3888 6.6804 -34.6153
222.1000 291.1000 2.3752 2.3498 -0.4880
367.8000 147.7500 6.1449 3.6077 -43.6021
92.4000 31.4000 12.2102 11.7220 2.7851
631.8500 34.2500 11.5610 8.1428 44.9129
306.5000 462.6500 5.6348 4.0889 26.2462
410.4000 656.3000 9.4679 4.9021 -43.9660
890.6500 415.6500 6.3724 5.0257 -15.8668
926.3000 429.9500 5.1582 2.7111 42.5147
969.8000 360.0000 10.4175 8.6697 65.5853
997.5000 409.8000 16.7310 8.7112 -46.3780
465.8500 752.4000 7.1261 2.1732 -47.9821
