620.6000 262.3000 6.4199 6.3613 -0.3636
873.5000 112.6000 6.3540 6.2709 -0.3275
877.0000 282.1000 5.5234 5.4327 -0.4589
883.5000 326.0000 3.1466 3.0326 -0.4619
842.8000 389.0000 4.5006 4.4552 -0.5332
845.9000 551.6000 9.7627 9.6532 -0.3620
867.8000 739.9000 3.1322 3.1179 -0.6106
570.8000 528.1000 2.6444 2.6593 -0.7986
336.3000 31.9000 10.7097 10.5414 -0.2540
195.8000 269.7000 3.5380 3.4975 -0.3781
172.1000 370.9000 2.6036 2.5679 -0.3793
485.2000 621.1000 3.6528 3.5552 -0.6944
486.0000 710.1000 9.4756 9.2591 -0.4266
446.7000 742.5000 3.6850 3.6505 -0.5180
982.9000 39.3000 13.3808 13.2218 -0.3803
263.3000 19.0000 4.7816 4.7405 -0.4487
661.0500 477.8000 11.0032 9.8863 -63.0701
774.9000 444.8500 9.4196 4.1308 46.7344
566.9500 600.0500 9.9258 7.0670 47.7474
97.4500 647.3500 11.2656 5.0022 44.4357
200.9500 697.9500 10.2664 7.6795 46.5512
357.5500 723.7500 10.1673 9.8623 33.3041
401.6000 719.6000 2.2950 2.3042 -1.5388
