146.0000 234.3000 10.6802 10.5686 -0.3819
106.3000 104.1000 6.1015 5.9801 -0.3896
417.5000 306.2000 5.2055 5.1316 -0.3118
457.6000 235.1000 2.2027 2.1730 -0.2797
444.5000 117.2000 2.9753 2.9545 -0.4236
641.7000 263.6000 6.7520 6.6674 -0.3641
581.1000 319.1000 8.0705 7.9880 -0.5315
740.2000 239.0000 4.7191 4.6701 -0.3304
847.4000 72.3000 4.3794 4.3427 -0.3742
930.6000 472.1000 4.4610 4.4384 -0.3398
990.2000 383.3000 2.3634 2.3350 -0.4137
372.2000 371.9000 9.1791 9.0889 -0.3790
315.7000 271.8000 9.8494 9.3480 -25.0097
323.4500 315.1500 6.3880 4.6506 -47.3127
244.7500 86.8000 7.4703 7.1013 42.6058
336.1500 28.2000 8.8357 8.0878 12.3447
602.4500 156.9500 8.9455 4.2753 -32.1461
683.5500 125.7500 5.1611 3.2612 -39.5993
865.6000 162.2000 5.1739 3.6735 2.9995
732.6500 616.3000 9.7543 5.8542 44.9160
