322.7662 417.3537 8.8792 8.0012 1.6848
478.0321 370.3226 3.9973 3.9369 -0.3527
414.4000 425.1000 3.2387 3.2084 -0.4048
350.2000 303.1000 4.7231 4.6125 -0.3180
223.7000 321.8000 1.7984 1.7963 -0.5785
133.2000 549.4000 3.5710 3.5409 -0.5166
104.4000 572.0000 1.8484 1.7753 -0.3698
402.9000 653.5000 3.2721 3.2594 -0.6644
371.7000 570.5000 2.1159 2.0997 -0.2314
967.0743 513.0841 10.8889 10.7965 -0.3353
89.6359 327.4174 5.4534 5.4074 -0.3464
366.4000 754.0000 6.0721 5.8549 28.6392
760.8000 357.1000 3.0592 2.9974 -0.5074
925.4117 192.4706 4.7749 4.7114 -0.3199
706.4530 78.2743 4.6192 4.5541 -0.5611
1018.1941 292.1536 5.3951 4.8114 -14.5087
1001.6172 203.0701 3.8630 3.8184 -0.3981
46.9785 273.6051 11.1200 8.3036 49.0691
221.5000 168.8000 7.3136 3.3498 50.7042
318.5500 240.6500 3.1524 2.0156 47.6932
548.9500 712.8000 8.0700 4.8014 13.9834
967.3077 545.6396 7.5499 3.9528 50.5129
