454.5000 160.8000 11.5258 11.4106 -0.3791
846.4000 478.9000 7.1105 6.9954 -0.4102
598.7000 159.8000 9.3153 9.2852 -0.4325
417.5000 378.5000 3.2303 3.1899 -0.3539
115.7000 393.1000 2.5441 2.5112 -0.8736
333.1000 244.0500 6.6439 6.0171 -53.9202
588.5000 354.9500 14.4734 10.1829 -37.9756
551.2000 319.4500 5.2264 2.8784 -44.3140
816.2500 200.1500 10.7102 8.4713 -46.8687
763.7000 98.1000 7.8506 5.6306 -42.7603
258.2500 468.2500 9.6964 5.2152 -64.5893
623.5000 542.8500 10.9677 9.8890 -9.3141
731.2000 538.5000 8.4943 5.3034 -57.2739
753.4500 417.1000 10.0596 4.7334 -40.3671
316.1000 326.1000 7.3559 2.2559 46.0663
335.1000 695.9000 8.8641 8.3247 29.6950
54.5000 533.2500 10.8014 8.9866 -43.9059
243.3500 754.7000 7.2951 7.2615 66.5198
846.4000 740.8000 4.1989 4.1591 -0.3385
965.0000 37.0000 2.4182 2.3961 -0.4795
986.1500 32.8500 12.3717 12.0328 0.8528
