219.6000 113.9000 4.2547 4.2044 -0.3589
156.3232 340.6048 3.7987 3.7473 -0.3492
135.3004 547.8070 3.0737 3.0377 -0.3666
455.7058 456.8430 2.8701 2.8415 -0.4853
526.9929 477.7765 2.8660 2.7720 3.1799
525.8000 570.1000 3.6866 3.6448 -0.4423
199.6000 691.5000 3.2791 3.2313 -0.3826
715.1000 570.3000 3.0360 3.0060 -0.3426
672.1000 379.2000 3.5373 3.5295 -0.4676
871.9000 272.1000 6.3574 6.2885 -0.1701
883.6000 316.5000 6.3414 6.2855 -0.3131
916.2000 139.9000 5.0771 4.9269 -0.5558
978.1000 187.9000 3.9487 3.9044 -0.3683
963.1000 14.2000 3.0652 3.0345 -0.4029
980.3000 9.8000 3.6713 3.5810 0.2629
903.6914 498.0712 5.0741 4.3565 35.0298
100.8000 269.4500 11.4014 4.4175 -40.7605
192.2000 515.1500 9.5037 8.6050 -16.0569
233.3000 493.9000 6.2468 4.7543 -55.0442
330.2935 467.6101 12.3676 8.8877 42.4689
317.6692 243.1794 13.8395 11.0645 39.0751
519.6954 652.9412 8.4672 4.7996 47.2169
555.0000 554.4000 4.2515 4.0514 -0.0960
572.5000 562.8500 8.5918 8.0256 -2.0878
659.4000 383.5000 4.1440 3.9732 -4.7014
1015.3017 303.7198 6.8333 5.6622 -16.9642
738.9311 66.3361 4.7127 3.6193 25.6345
