348.4000 131.4000 11.5745 11.4219 -0.0725
254.7000 47.7000 7.1787 7.1098 -0.2284
408.6000 9.9000 4.7216 4.6760 -0.0916
428.8000 293.8000 4.7080 4.6438 -0.3220
270.0000 340.7000 10.7259 10.6613 -0.2179
76.7000 576.0000 12.0229 11.9174 -0.3642
766.4000 360.9000 10.5433 10.4846 -0.3344
838.8000 497.0000 4.7771 4.7161 -0.3424
751.2000 566.8000 4.8022 4.7210 -0.2313
991.2000 601.3000 3.9971 3.9526 -0.3783
841.4000 706.2000 4.2245 4.1770 -0.2594
868.9000 453.0000 2.2024 2.1636 -0.4812
74.3000 732.0000 4.4069 4.3433 -0.3643
30.5000 705.8000 3.4024 3.3661 -0.4390
889.2000 127.6000 2.7842 2.7377 -0.3300
1004.0000 315.8000 2.6886 2.6636 -0.3551
904.2500 580.7500 4.6288 3.8305 31.6205
239.9500 527.7500 10.6262 8.3396 49.2736
209.4000 657.4500 3.7138 3.6478 -65.6747
977.4000 481.2000 4.1081 3.8809 -85.3133
865.5000 191.5500 10.6247 9.5651 17.6326
911.7000 242.4000 4.4660 3.7284 -41.5510
