300.1960 137.4165 9.8069 9.6503 -0.4131
269.6837 256.1247 5.4834 5.4720 -0.3568
856.6000 290.8000 9.2476 9.1685 -0.3692
827.2949 424.1234 4.9678 4.9543 -0.3227
700.0000 442.6000 4.6368 4.5772 -0.3273
942.2000 537.4000 6.8279 6.7643 -0.3488
731.5000 564.4000 9.6714 9.5990 -0.0004
400.4000 567.4000 3.5418 3.5062 -0.4145
92.4000 268.6000 6.9016 6.8285 -0.4743
735.0000 219.0000 5.4123 4.4776 12.3809
930.9000 571.9000 4.0136 3.9709 -0.5572
367.0000 318.2000 3.6002 3.5612 -0.4400
280.7091 383.8373 12.2164 10.1771 -41.7533
362.5500 133.5000 9.7651 8.3935 -38.6033
457.9000 38.1500 6.9490 7.1030 -46.0181
662.2500 231.7500 3.8170 2.6169 38.3704
862.6000 191.4500 5.2272 5.0070 -0.0458
936.1000 141.3500 6.0069 3.8519 -79.2264
940.3500 147.4500 4.5644 4.2612 -65.1675
498.3500 540.8500 13.2347 12.3641 -74.1469
473.7500 698.8000 8.7863 5.4261 -71.7293
1000.7009 515.8231 5.2980 4.0806 65.9038
979.1000 586.9000 7.9424 3.5661 -38.5492
