607.5000 253.7000 5.4282 5.3442 -0.6371
493.8000 99.9000 3.9773 3.9307 -0.5628
611.6000 187.6000 3.0657 3.0223 -0.4213
606.9000 194.0000 2.8971 2.8723 -0.5134
590.5000 264.0000 3.4337 3.4101 -0.2195
532.9000 448.7000 4.7492 4.7211 -0.2828
552.5000 513.5000 4.2682 4.2317 -0.3605
575.6000 524.6000 2.3428 2.3227 -0.5213
276.7000 711.3000 5.0324 4.9509 -0.3578
104.2000 625.0000 3.0381 3.0053 -0.3837
103.2000 693.1000 3.6730 3.6287 -0.3361
974.8988 566.8947 7.5275 7.4451 -0.4207
232.2000 173.2000 3.0546 3.0175 -0.3917
75.7000 58.9000 4.3543 4.2977 -0.4114
31.7000 33.1000 3.1059 3.0965 -0.4436
896.6000 242.3000 2.7867 2.7437 -0.3923
885.4000 314.7000 3.1105 3.0912 -0.4211
842.6000 32.8000 4.2567 4.2133 -0.4230
254.5000 124.4000 11.7500 11.6475 -0.3102
544.3500 311.6000 8.7096 4.6195 -65.8318
628.3500 353.4000 11.2955 10.5773 25.6105
611.1500 341.6500 3.6461 3.2594 39.4078
245.4000 300.9500 8.2157 4.9920 54.1949
196.6500 663.4000 9.7807 5.0497 47.8722
960.7000 466.6000 9.1597 7.8458 55.0708
548.4000 704.5000 7.0435 6.8454 1.3220
980.8000 715.0000 6.6483 6.1957 9.1214
