385.4000 106.1000 6.9103 6.8399 -0.3870
598.9000 73.0000 3.5976 3.5553 -0.3600
542.2000 304.1000 3.5455 3.5090 -0.3407
585.0000 337.9000 2.9158 2.8909 -0.4010
617.6000 410.8000 4.3314 4.2722 -0.2863
664.5000 341.6000 2.8609 2.8229 -0.3612
736.5000 151.6000 3.4500 3.4134 -0.4444
819.3000 302.7000 8.0883 8.0112 -0.4095
878.8000 320.0000 4.4022 4.3501 -0.3495
832.3000 353.4000 4.2921 4.2300 -0.2939
885.7000 522.2000 5.7745 5.7279 -0.4175
710.8000 570.4000 2.6186 2.4105 -2.3588
967.5000 339.2000 3.7355 3.6906 -0.3673
919.7000 627.8000 3.3084 3.2670 -0.3899
988.9000 764.0000 9.9384 9.7949 -0.3027
715.5000 756.2000 10.4344 10.1758 -2.5329
788.3000 528.3000 5.0860 5.0205 -0.1767
346.5000 187.0000 6.0475 5.8933 -0.9177
233.5000 538.4000 12.6101 9.5209 -22.6247
94.1500 664.3500 10.9622 4.0290 46.8937
778.4000 531.3000 14.3773 10.6697 -41.3092
1005.4500 267.4500 7.6896 6.9890 72.4469
671.9000 746.0000 2.6105 2.5897 -0.6567
