597.5000 231.1000 7.9514 7.8686 -0.4471
396.4000 363.7000 7.4509 7.3589 -0.2392
487.6127 33.6936 9.3389 9.1364 -0.4762
448.1519 66.1691 3.5172 3.4689 -0.7242
403.0000 43.1000 2.2572 2.2426 -0.6103
206.4000 696.9000 4.2097 4.1799 -0.4281
56.3000 307.0000 2.8322 2.8089 -0.6105
494.0000 481.9000 2.8170 2.7884 -0.4770
650.0000 484.9000 2.6609 2.6259 -0.3270
816.5000 588.0000 4.7727 4.7546 -0.3955
627.9000 623.8000 8.5844 8.5069 -0.1741
557.1000 608.4000 11.6594 11.5741 -0.3511
589.0000 744.8000 2.7325 2.5187 -0.5386
346.3000 241.3000 10.5000 10.3737 -0.1093
236.9500 117.3500 10.9125 10.5702 80.8460
359.3000 47.6000 10.5577 9.4600 41.8820
202.8000 21.6000 10.4117 7.5818 46.8392
954.2500 535.5500 11.0406 9.6169 -70.8455
869.5000 62.9000 3.0810 3.0521 -0.4264
