533.0000 414.0000 5.5404 5.4792 -0.3949
564.8000 479.8000 4.7732 4.7082 -0.3233
366.0000 486.2000 4.7161 4.6666 -0.3916
699.7000 230.0000 12.0384 11.6819 1.6331
621.7000 242.8000 6.5889 6.4975 -0.0412
927.1000 434.1000 4.9287 4.8580 -0.3129
972.9000 518.9000 4.6415 4.5852 -0.3285
937.7000 495.9000 2.9840 2.9521 -0.3677
930.2000 737.9000 2.8622 2.8320 -0.3444
1010.9000 758.6000 4.3469 4.3059 -0.3371
1015.8000 30.4000 4.7552 4.6959 -20.1528
731.0000 50.6000 7.3172 6.7737 0.2931
504.8500 587.9500 9.6940 8.9710 21.3239
479.1000 659.6500 3.7355 1.9094 50.7115
557.8000 281.7500 10.6342 4.2881 -46.9211
377.0500 207.8000 6.3174 4.2686 -46.8760
306.4500 113.4500 11.0440 7.7332 -37.4079
28.0500 350.1000 12.1172 10.7925 -11.1782
234.2000 349.8500 4.1849 2.5927 -59.0806
74.9500 624.5000 5.9086 4.0687 42.9645
90.8500 708.8500 12.0824 11.8019 18.7548
69.4000 712.3000 2.6953 2.6534 -0.7521
630.1500 711.1500 11.3163 9.2928 44.9885
976.0500 375.1500 9.9072 7.8143 49.4852
