295.5000 407.6000 5.3303 5.2718 -0.5454
628.8000 488.9000 5.1057 5.0338 -0.3797
824.5000 549.2000 6.0464 5.9776 -0.2823
832.2000 587.1000 2.6820 2.6347 0.1724
873.7000 683.2000 8.4203 8.3134 -0.3499
862.5000 112.9000 4.6370 4.5888 -0.3932
967.7000 60.1000 4.0305 3.9774 -0.3278
924.0000 34.0000 2.9614 2.9315 -0.3608
714.0000 14.3000 10.2754 10.1811 -0.4132
502.7000 32.8000 2.7537 2.7333 -0.2653
995.5000 695.2000 3.5102 3.4674 -0.3351
832.7000 307.2000 4.0170 3.9897 -0.4855
392.9000 285.7000 8.8465 8.6056 -40.3040
464.7500 143.1000 12.5700 7.9745 -73.3448
566.9000 141.2500 10.5457 10.3927 -2.9386
641.2000 277.2000 11.0980 11.1072 -1.1311
717.1000 301.0000 6.8328 4.2713 -43.3163
619.4000 318.5000 6.5610 2.3982 -45.4376
502.6500 459.8000 11.3785 10.8333 -57.6486
165.8000 400.7000 15.5170 7.5610 -49.6487
471.5000 663.8000 12.4760 9.4875 44.7173
664.1500 679.6000 4.1825 4.1218 -0.4399
446.6500 402.3500 3.9195 2.8379 -58.3169
