559.7000 231.1000 7.6550 7.5886 -0.3841
502.3000 89.7000 7.4574 7.4058 -0.3016
784.9000 289.4000 3.8275 3.8325 -1.3737
74.9000 565.5000 7.3773 7.2719 -0.3124
369.2000 426.8000 4.4665 4.4168 -0.4495
337.9000 426.8000 4.0836 4.0410 -0.3498
225.6000 482.0000 2.7443 2.7211 -0.4971
447.3000 585.8000 3.3155 3.2806 -0.3854
619.9000 604.7000 2.1237 2.0954 -0.5229
371.8000 727.7000 5.2610 5.1965 -0.3816
644.9000 654.1000 3.7159 3.6740 -0.3363
194.9000 670.3000 2.4771 2.4365 -0.8656
166.8000 457.8000 2.1900 2.1742 -0.5451
1008.4000 617.2000 4.8932 4.8668 -0.2852
55.7000 153.6000 2.0545 2.0448 -0.3869
434.6000 157.6500 16.5001 12.1770 49.0529
60.5000 464.9500 9.5015 7.4846 66.1850
133.8000 632.5000 9.8125 5.3282 44.9674
597.2500 625.0500 6.3274 5.8600 29.8281
679.7000 634.4000 9.9674 4.1927 47.7818
720.0500 452.6500 4.0792 3.4753 -1.8298
924.6500 636.9000 4.8846 4.2212 -56.7933
956.6000 208.2500 10.4117 4.8229 -38.0775
898.8500 178.4000 8.0527 7.9314 -0.4085
80.8000 713.1000 6.8580 5.2741 4.7921
537.4000 759.4000 6.2986 4.4301 -51.3516
871.2000 757.4000 6.5811 2.9802 -42.1458
661.6500 43.2500 5.2200 2.7287 48.5874
682.0000 2.4000 4.6789 4.5512 -0.9285
