310.7000 479.7000 4.8217 4.7434 -0.3475
439.4000 414.3000 4.2621 4.2064 -0.1428
114.2000 615.1000 4.9817 4.8822 -0.4379
21.1000 678.2000 2.2548 2.1906 0.1086
778.6000 541.9000 4.2466 4.2071 -0.3759
853.6000 452.0000 6.0369 5.9783 -0.4329
492.0000 230.5000 4.0799 3.9873 0.1521
673.1000 72.8000 2.5177 2.4869 -0.6409
717.1000 83.1000 9.9012 9.8050 -0.4047
243.6000 188.1000 3.0601 3.0382 -0.4392
838.6000 109.1000 2.8593 2.8381 -0.3404
924.3000 133.2000 3.8932 3.8414 -0.3001
990.5000 89.6000 9.3432 9.2634 -0.2675
797.0000 671.2000 3.7459 3.7184 -1.6611
618.7000 691.4000 3.0499 3.0157 -0.3560
598.9000 734.8000 2.2529 2.2232 -0.3588
295.9000 272.8000 3.0456 3.0303 -0.4670
311.7000 317.7500 9.8543 8.2518 46.9591
62.7000 206.9000 10.6611 5.1281 -39.6318
845.1000 322.1000 8.8115 6.8521 -35.0076
548.5000 165.9500 4.5177 3.9175 38.1151
577.9000 143.2000 4.3663 3.9377 -13.4704
570.5000 430.6000 6.4917 3.2404 -26.5034
798.1000 741.0500 11.5449 11.3882 -26.4984
30.8500 635.0000 4.9422 4.1358 -60.1235
