191.3000 373.9000 8.7866 8.7393 -0.4220
777.3000 117.1000 11.7144 11.5532 0.0637
664.9000 181.4000 4.4445 4.4776 0.5907
139.8000 139.9000 4.3625 4.1802 -1.2846
208.1000 29.1000 4.3943 4.3382 -0.4510
357.5000 560.2000 5.4425 5.3758 -0.4696
697.7000 666.0000 6.2212 6.1772 -0.5131
691.4000 377.3000 3.7041 3.6614 -0.4342
590.5000 76.9000 2.7025 2.5819 -1.1307
884.7000 189.8000 2.4870 2.4445 -0.3814
1006.4000 105.6000 6.6396 6.5435 -0.2850
792.2500 443.2500 7.8004 5.6358 49.7835
494.9000 340.5500 10.9578 10.4600 -49.6854
545.8000 398.5000 4.2815 3.7216 -24.6285
446.4000 271.0500 4.1843 3.8894 -61.0701
440.9500 139.9000 4.5103 3.7984 -70.5880
653.7500 180.5500 8.7860 8.7964 -0.1594
671.4500 206.2000 4.6648 2.6784 -29.3509
841.9500 150.0000 5.4076 3.5215 50.6809
240.1500 753.5000 12.4944 9.6755 -49.4415
122.4500 466.5500 7.1397 2.9377 -7.7483
53.8000 568.9000 6.7454 2.0795 47.6177
