271.8000 250.9000 7.2023 7.1046 -0.7482
310.9000 390.8000 6.2741 6.1937 -0.2983
548.9000 127.1500 5.7141 2.3347 47.6470
500.8000 283.0000 4.3504 4.2940 -0.4446
393.4000 349.6000 2.6889 2.6651 -0.2447
391.1000 554.3000 4.8457 4.7529 1.0192
30.2000 524.9000 6.0314 5.9820 -0.2796
216.5000 345.8000 3.1417 3.1059 -0.6289
958.4000 622.6000 6.4081 6.3530 -0.3613
707.9000 538.1000 3.4288 3.3829 -0.3855
673.7000 233.9000 3.9154 3.8688 -0.3878
666.6000 308.6000 5.5272 6.8261 47.4950
505.7500 451.0000 4.1139 3.8746 -26.8705
896.5000 544.1500 9.3955 7.3907 -22.1520
114.8500 416.7000 7.0180 6.8748 -0.5833
737.7000 366.8000 3.2201 3.1816 -0.4474
463.0000 214.6500 2.7143 2.7796 16.6340
14.8000 262.1000 2.9989 2.9589 -0.0886
181.3000 197.4500 3.0702 2.5679 21.9257
462.2500 746.0000 4.6326 3.0615 49.6605
32.1500 704.3500 6.6942 4.6114 2.7826
317.4500 15.3500 3.7845 3.9007 4.5651
317.3000 7.5000 3.0734 2.9211 -6.2357
502.0000 28.5000 4.3016 2.3332 -31.8210
799.3500 557.6500 3.6944 2.7476 -17.4155
