279.5000 267.9000 8.6817 8.6010 -0.2509
278.5000 114.0000 5.4678 5.4243 -0.3410
709.7000 583.2000 4.7327 4.6795 -0.3475
969.0634 577.7531 12.2167 11.9232 -1.7374
712.6000 687.2000 10.3110 10.2245 -0.3633
457.5000 542.0000 4.3748 4.3166 -0.3696
579.8000 520.6000 3.4192 3.3681 -0.4242
191.6000 617.8000 4.2659 4.1849 -0.6813
117.3000 474.1000 3.3206 3.3100 -0.4735
715.5000 56.8000 3.6177 3.5703 -0.3391
407.9000 67.9000 2.9695 2.9596 -0.2712
501.1000 705.5000 2.3167 2.2892 -0.4902
264.8500 365.3000 10.4914 8.1224 46.6713
214.4000 199.4000 6.2530 4.1300 51.9534
966.8000 733.8000 4.2472 4.1943 -0.3023
472.7000 328.3000 3.8172 2.0119 -8.1026
494.1000 328.4000 3.5548 2.2607 45.1989
373.4000 24.2500 4.3812 3.3570 -45.4270
252.9000 552.5000 2.5101 2.4747 -0.3438
