381.8000 379.2000 5.5914 5.5267 -0.4641
97.4000 470.0000 4.5300 4.4927 -0.3735
279.0000 549.8000 3.5559 3.5445 -0.4076
417.9000 655.1000 5.8150 5.7506 -0.5165
157.2000 271.0000 3.6291 3.6040 -0.4829
136.8000 224.8000 10.4102 10.2476 -0.4280
928.5000 193.2000 6.2186 6.1523 -0.2841
651.6000 289.4000 3.5238 3.4796 -2.9519
373.2000 55.4000 5.1044 5.0271 -0.3900
947.8000 457.2000 4.4047 4.3441 -0.3186
255.7000 752.0000 2.8496 2.8038 -0.2940
366.3000 714.4000 8.3075 4.7196 28.5239
175.8000 693.1000 7.9180 6.2930 -47.4428
187.2000 422.0500 11.0974 9.3571 48.4471
338.0000 458.7500 5.0494 3.1499 43.1411
539.6500 346.8500 7.0242 6.9805 -2.9119
724.4000 445.0500 8.5318 6.5562 -22.9511
585.8000 666.4000 5.3455 4.2314 48.7937
227.6500 231.8500 9.4726 8.6581 -53.6042
512.3000 137.0500 4.3486 3.4670 41.9116
538.3000 86.9500 5.7088 4.6360 -50.8244
81.6500 40.1500 6.4249 6.3073 -0.0149
918.6500 133.3000 11.3900 8.1386 81.0860
871.5500 83.5500 5.8992 2.7814 -40.4953
