419.1429 97.2205 5.4104 5.3414 -0.4009
486.5614 87.9474 5.2874 5.2438 -0.3358
180.2000 132.5000 7.7863 7.7361 -0.2654
625.7000 226.9000 4.4196 4.3618 -0.3686
697.7000 38.6000 8.2218 8.0603 -0.3493
985.0000 266.9000 6.8483 6.7319 -0.3175
664.8996 714.8345 5.1360 5.0864 -0.4316
704.3621 690.3649 3.8108 3.7626 -0.2857
525.7000 711.1000 4.4640 4.4427 -0.3543
536.6000 436.9000 2.7489 2.7234 -0.3739
722.0000 303.7000 3.3546 3.3247 -0.3253
855.6000 563.4000 4.2461 4.1784 14.4456
935.6000 764.9000 6.6625 6.2359 -35.9309
417.1500 129.1000 7.2116 7.1131 -1.9261
503.3500 157.8500 8.4542 7.3305 -30.6556
315.3500 646.4000 7.9581 6.5039 -67.9867
800.8500 178.2000 5.9253 4.4854 66.6618
136.4937 301.0127 12.9104 3.4869 -45.0636
