epoch	train_loss	train_SmoothL1Loss	train_mseloss	train_maeloss	test_loss	test_SmoothL1Loss	test_mseloss	test_maeloss	
0	0.503865784406662	0.05324173420667648	0.1073832705616951	0.2263208270072937	0.29480312392115593	0.0558355338871479	0.11167581751942635	0.25132935494184494	
1	0.35959219336509707	0.03714175149798393	0.0746323972940445	0.15058283805847167	0.2623535692691803	0.05240856669843197	0.10481899604201317	0.23940259963274002	
2	0.2888934791088104	0.03008004166185856	0.06082249283790588	0.15602157711982728	0.23941192962229252	0.047932401299476624	0.09587451443076134	0.21624243259429932	
3	0.2286320298910141	0.024100933223962784	0.04834743365645409	0.13791664838790893	0.23855062574148178	0.043185871094465256	0.08637441322207451	0.21200785040855408	
4	0.18870492279529572	0.020043086260557175	0.04030756950378418	0.1331287920475006	0.21399256773293018	0.043167419731616974	0.08633874729275703	0.19381143897771835	
5	0.1613060027360916	0.017062980495393277	0.03429097719490528	0.11358976662158966	0.21928038820624352	0.04295249097049236	0.0859084352850914	0.19810102880001068	
6	0.14741021394729614	0.015613851323723792	0.031285932287573814	0.11463351398706437	0.20633252896368504	0.041232334449887276	0.08247066289186478	0.1850624531507492	
7	0.1200867936015129	0.012766839191317558	0.025576556473970412	0.09571649730205536	0.20523222349584103	0.040467845275998116	0.08094678819179535	0.17596182972192764	
8	0.09228569269180298	0.009906287863850593	0.019818513840436935	0.08753603249788285	0.20396525599062443	0.03650609590113163	0.07301641255617142	0.1682378053665161	
9	0.08003167808055878	0.008648668229579926	0.017297964543104172	0.07866299003362656	0.19701863825321198	0.03827122785151005	0.07654538378119469	0.16428536176681519	
10	0.06607251018285751	0.007233902346342802	0.01448043342679739	0.07160646170377731	0.1953655444085598	0.03745449706912041	0.07491295412182808	0.15789222717285156	
11	0.05438113883137703	0.00601967191323638	0.01203934382647276	0.0657887578010559	0.19547007605433464	0.03813946060836315	0.07628239691257477	0.1601724922657013	
12	0.051683337241411206	0.005734382383525372	0.011469276808202266	0.06369032710790634	0.1939996052533388	0.035386813804507256	0.07077587768435478	0.14667819440364838	
13	0.04445287212729454	0.004958663415163755	0.00991732683032751	0.059707381576299665	0.19702580571174622	0.032342273741960526	0.06469289027154446	0.1438387930393219	
14	0.04541169852018356	0.005006245383992791	0.010012490767985582	0.06137495562434196	0.1928895302116871	0.03667047992348671	0.07334286347031593	0.1464761570096016	
15	0.035235654562711716	0.003964577196165919	0.007998497132211924	0.05326777994632721	0.19315917789936066	0.03242286294698715	0.06484747678041458	0.13297957181930542	
16	0.033012191951274875	0.0037200785707682373	0.007490453589707613	0.05017590075731278	0.19192722253501415	0.04085397906601429	0.08171132951974869	0.15151336789131165	
17	0.0295646857470274	0.0033609173260629177	0.006834687292575836	0.047770172357559204	0.1921690944582224	0.03623157553374767	0.0724644772708416	0.13725735992193222	
18	0.028912635892629622	0.00327543206512928	0.006588773336261511	0.04683765321969986	0.1937047615647316	0.033274607732892036	0.06655101850628853	0.1313891038298607	
19	0.023340822011232377	0.002704135375097394	0.005408270750194788	0.04467611312866211	0.1921701803803444	0.037631332874298096	0.07526466995477676	0.13963928818702698	
20	0.028997840359807014	0.0032850539777427913	0.0065847313031554226	0.045892121642827986	0.19281209632754326	0.034518735483288765	0.06903926655650139	0.13235441595315933	
21	0.027616226673126222	0.0031308296602219343	0.006280949991196394	0.045941997319459915	0.19276918284595013	0.034728074446320534	0.06945805996656418	0.13397666066884995	
22	0.02929278165102005	0.0032750220969319345	0.006551051791757345	0.04540339633822441	0.19125768914818764	0.03882131725549698	0.0776442363858223	0.14922458678483963	
23	0.021744322404265402	0.0024963281117379665	0.004992656223475933	0.04225323498249054	0.19345135986804962	0.035139016807079315	0.07028363645076752	0.1425553634762764	
24	0.021061449497938155	0.002447012672200799	0.004894025344401598	0.04196461662650108	0.19370949547737837	0.033860194496810436	0.06772179715335369	0.13484759628772736	
25	0.023230766132473945	0.0026362322736531497	0.005282853357493877	0.04004596844315529	0.19405770674347878	0.03399638831615448	0.06799604371190071	0.13447801768779755	
26	0.01696179937571287	0.001987672131508589	0.003975344263017178	0.03693959042429924	0.1932064089924097	0.0368578527122736	0.07372141256928444	0.14222215116024017	
27	0.016828641295433044	0.001958936941809952	0.003917873883619904	0.036632496118545535	0.19374773930758238	0.03369633946567774	0.06739453785121441	0.13440589606761932	
28	0.014796718955039978	0.001741711050271988	0.003483422100543976	0.03645081371068955	0.19375442899763584	0.03408410772681236	0.06817008927464485	0.13282205909490585	
29	0.013892396353185177	0.0016326823504641652	0.0032653647009283303	0.03444425389170647	0.19304083846509457	0.036260271444916725	0.07252204045653343	0.1414494290947914	
30	0.015079849399626255	0.0017687397776171565	0.003537479555234313	0.03553650006651878	0.19311020895838737	0.036451807245612144	0.0729057528078556	0.13984617590904236	
31	0.012071531265974045	0.0014434534357860684	0.002886906871572137	0.03249521702528	0.19326147064566612	0.0368895698338747	0.07378073409199715	0.14203067868947983	
32	0.011323901079595088	0.0013608307810500265	0.002721661562100053	0.0316547442227602	0.19426787085831165	0.034932058304548264	0.06986598297953606	0.13752828538417816	
33	0.01168687902390957	0.0013982631731778382	0.0027965263463556765	0.03125379271805286	0.19358671084046364	0.034929051995277405	0.06986236944794655	0.13709865510463715	
34	0.01674028281122446	0.0019082725048065186	0.003816545009613037	0.03411129638552666	0.1932525634765625	0.03620695509016514	0.07241574302315712	0.14032139629125595	
35	0.014950907044112682	0.001711389236152172	0.003422778472304344	0.034529213607311246	0.19407878257334232	0.03445947356522083	0.0689203180372715	0.1339561864733696	
36	0.010491539537906647	0.001227271556854248	0.002454543113708496	0.02971804067492485	0.1937960386276245	0.03544595465064049	0.07089393213391304	0.13569199293851852	
37	0.013617206737399102	0.0015608166577294469	0.0031216333154588938	0.0327782467007637	0.19380963779985905	0.03532714955508709	0.07065774500370026	0.13552869111299515	
38	0.013760756514966489	0.0015894562937319278	0.0031789125874638557	0.03257434628903866	0.19349128939211369	0.03605453483760357	0.07211045548319817	0.1367744281888008	
39	0.013078912533819676	0.0015170240076258779	0.003042606683447957	0.03217455446720123	0.1936285737901926	0.03739062510430813	0.07478398084640503	0.14526987820863724	
40	0.012701625190675258	0.0014664867194369435	0.002932973438873887	0.031872370094060895	0.19353756867349148	0.036077024415135384	0.07215560600161552	0.1381916105747223	
41	0.011871742084622383	0.0013680966338142752	0.0027361932676285504	0.030827208980917932	0.19469178654253483	0.03481999225914478	0.06964362412691116	0.13448935747146606	
42	0.010814188793301583	0.0012590025085955857	0.0025180050171911715	0.03005078583955765	0.19388789497315884	0.03490355983376503	0.06980905681848526	0.13583116233348846	
43	0.010612205043435097	0.0012314506806433202	0.0024629013612866403	0.029178224876523016	0.19426393881440163	0.03440967760980129	0.068821020424366	0.13251985609531403	
44	0.011898781172931194	0.0013530348660424352	0.0027060697320848703	0.029885534197092056	0.19349848106503487	0.037625476717948914	0.07525325194001198	0.13869355618953705	
45	0.01005398090928793	0.001148890913464129	0.002297781826928258	0.028000983968377115	0.19364409148693085	0.03672546334564686	0.07345226034522057	0.13967613875865936	
46	0.010544217005372048	0.0012125926092267036	0.002425185218453407	0.02836536280810833	0.1935803946107626	0.04034693352878094	0.08069872483611107	0.1432899907231331	
47	0.009258904494345188	0.0010772924404591322	0.0021545848809182643	0.027412864938378335	0.19382457993924618	0.037124328315258026	0.07425063848495483	0.1401468589901924	
48	0.008909969218075275	0.0010323281516321004	0.002064656303264201	0.02722942642867565	0.19537988491356373	0.034936245530843735	0.06987378001213074	0.13042278587818146	
49	0.012644912861287595	0.001426604436710477	0.002853208873420954	0.02992883659899235	0.19498886540532112	0.03697271645069122	0.07395262643694878	0.1409716233611107	
50	0.008761750534176826	0.0010202562902122737	0.0020526616368442773	0.026567561179399492	0.195175526663661	0.03519735485315323	0.07039650529623032	0.1332833617925644	
51	0.009290418215095997	0.0010676936828531325	0.002135387365706265	0.02749798558652401	0.1943259947001934	0.03683452866971493	0.0736703872680664	0.13542209565639496	
52	0.010332930274307728	0.0012007810291834176	0.002401562058366835	0.02870517037808895	0.1945252474397421	0.043122148141264915	0.08624788746237755	0.15368758141994476	
53	0.008608918730169534	0.0009961689240299166	0.001992337848059833	0.026150327175855637	0.19419653713703156	0.0399005264043808	0.07980258762836456	0.14550630748271942	
54	0.008842023275792598	0.0010200769291259348	0.0020401538582518696	0.026422736421227454	0.1936910580843687	0.03974289447069168	0.07948770374059677	0.14195001125335693	
55	0.0066075497306883335	0.0007752342033199966	0.001550468406639993	0.023979976028203964	0.19546734355390072	0.034994376823306084	0.06999003514647484	0.13322821259498596	
56	0.006434118375182152	0.0007503230473957956	0.0015006460947915913	0.023019107058644295	0.19426073506474495	0.042754000052809715	0.08551033213734627	0.14692623913288116	
57	0.006618599686771631	0.0007611526991240681	0.0015223053982481361	0.02225901708006859	0.1950256023555994	0.03657317906618118	0.0731484591960907	0.13862857967615128	
58	0.005843663774430752	0.0006794012151658535	0.001358802430331707	0.022643759101629257	0.1947692669928074	0.036387840285897255	0.07277702912688255	0.1395258605480194	
59	0.004799006180837751	0.0005666516721248626	0.0011333033442497253	0.02059001997113228	0.19446751102805138	0.03617794066667557	0.07235916703939438	0.13441626727581024	
60	0.0063117465004324915	0.0007343033561483025	0.001468606712296605	0.022822436317801474	0.19563647639006376	0.03330315928906202	0.06660886481404305	0.12829700857400894	
61	0.004230293212458491	0.0005014474969357252	0.0010028949938714505	0.019273148849606514	0.19557585008442402	0.03537425026297569	0.07074981927871704	0.13637763261795044	
62	0.005436643538996577	0.00063238141592592	0.00126476283185184	0.020855817571282388	0.19620398059487343	0.03402707353234291	0.06805544719099998	0.1322232484817505	
63	0.004333275370299816	0.0005046839534770698	0.0010093679069541396	0.019333399832248688	0.19558447785675526	0.036341216415166855	0.07268395647406578	0.13706181198358536	
64	0.003980912314727902	0.00047968170256353917	0.0009593634051270783	0.019111622497439383	0.19443091936409473	0.03988529369235039	0.0797731801867485	0.14594565331935883	
65	0.005150170950219035	0.0006077726779039949	0.0012155453558079898	0.020695749670267105	0.19393398240208626	0.0446843970566988	0.0893736183643341	0.15664666146039963	
66	0.005347563419491053	0.0006107064720708877	0.0012214129441417755	0.02034793756902218	0.19479155726730824	0.03832039795815945	0.07664215564727783	0.1414109542965889	
67	0.00556331011466682	0.0006398662517312914	0.0012797325034625828	0.02152109071612358	0.19444718025624752	0.038733430206775665	0.07746849954128265	0.14087215065956116	
68	0.005581130553036928	0.0006418939679861069	0.0012837879359722138	0.02143632583320141	0.19613719545304775	0.037524666637182236	0.07505081593990326	0.13682904839515686	
69	0.005232072807848454	0.0006007748539559543	0.0012015497079119087	0.020426326245069504	0.19582966901361942	0.038808345794677734	0.07761844247579575	0.14258993417024612	
70	0.004787414241582156	0.0005593462963588535	0.001118692592717707	0.01993771903216839	0.19639059342443943	0.032986175268888474	0.06597361899912357	0.12133842706680298	
71	0.005319493263959885	0.0006217530812136829	0.0012435061624273657	0.02138778269290924	0.19536609202623367	0.0389018002897501	0.07780560478568077	0.14173847436904907	
72	0.003910878300666809	0.00045797142083756623	0.0009159428416751325	0.01845352426171303	0.195429015904665	0.039404185488820076	0.07881289720535278	0.13929495960474014	
73	0.00445443200878799	0.0005180861859116703	0.0010361723718233407	0.019215330481529236	0.19640181586146355	0.03593039885163307	0.07186685875058174	0.13171735405921936	
74	0.005059744417667389	0.0005790545197669417	0.0011581090395338834	0.02051565609872341	0.19699482060968876	0.03452562913298607	0.0690532959997654	0.12753235548734665	
75	0.004103756137192249	0.00047686673933640123	0.0009537334786728025	0.018774719163775443	0.19693987630307674	0.03350856527686119	0.0670185461640358	0.12581680342555046	
76	0.0034238613210618497	0.00039846328436397014	0.0007969265687279403	0.017403989285230636	0.19608533009886742	0.03826887719333172	0.07654118910431862	0.1356295943260193	
77	0.003675803868100047	0.0004340883227996528	0.0008681766455993056	0.017949301190674304	0.19659966230392456	0.03739933297038078	0.07480115070939064	0.1348743960261345	
78	0.00356939323246479	0.0004166715778410435	0.000833343155682087	0.017328873462975024	0.19697228260338306	0.03541739471256733	0.07083636149764061	0.13269392400979996	
79	0.005821715202182531	0.000665680575184524	0.001331361150369048	0.021024108678102494	0.1982847210019827	0.03396487236022949	0.06793107651174068	0.12617047503590584	
80	0.004598591243848205	0.0005169390758965164	0.0010338781517930328	0.01912551894783974	0.19587752223014832	0.03993891924619675	0.07988106086850166	0.13979966938495636	
81	0.004869203502312303	0.000544726534280926	0.001089453068561852	0.019316936284303664	0.19637252017855644	0.0426182895898819	0.0852406807243824	0.14807506650686264	
82	0.00364737706258893	0.00042269669356755914	0.0008453933871351183	0.018147439882159232	0.19711366668343544	0.036422258242964745	0.07284635305404663	0.13222620636224747	
83	0.004846621491014958	0.0005448446201626212	0.0010896892403252424	0.019486024603247644	0.19641146063804626	0.039425428956747055	0.07885551825165749	0.1385168507695198	
84	0.003486196231096983	0.0004075514734722674	0.0008151029469445348	0.017303508892655372	0.19770149886608124	0.035787785425782204	0.07157864421606064	0.13062283396720886	
85	0.0037097329739481212	0.0004288291442207992	0.0008576582884415984	0.017461830750107765	0.19667109288275242	0.040448157116770744	0.08090261369943619	0.1419944241642952	
86	0.005147993890568614	0.0005802252562716603	0.0011604505125433207	0.01892404668033123	0.19766961596906185	0.0366823785007	0.07336743175983429	0.1312243565917015	
87	0.0035609937272965907	0.0004087801673449576	0.0008175603346899152	0.017697642371058465	0.19742680713534355	0.03724295645952225	0.07448748499155045	0.13219665735960007	
88	0.0038557058200240136	0.00044179183314554395	0.0008835836662910879	0.017878332734107973	0.1970147993415594	0.039514465257525444	0.07903699204325676	0.1375870704650879	
89	0.00437233536504209	0.0005009992339182646	0.001001998467836529	0.01792389191687107	0.1977336723357439	0.03656197153031826	0.0731256827712059	0.12784496694803238	
90	0.004439754923805594	0.0005091594997793436	0.0010183189995586872	0.01828312613070011	0.19586333259940147	0.041419703513383865	0.0828414112329483	0.14137762039899826	
91	0.0033151622861623763	0.00038251810474321246	0.0007650362094864249	0.016624269634485246	0.19837897457182407	0.034177420660853386	0.06835651770234108	0.12295832484960556	
92	0.003387039853259921	0.0003975482133682817	0.0007950964267365634	0.016639326699078083	0.19769789464771748	0.0361607912927866	0.07232524454593658	0.1264120414853096	
93	0.003722418611869216	0.0004284398746676743	0.0008568797493353486	0.01705846507102251	0.19755578599870205	0.03738498501479626	0.07477119565010071	0.13197069615125656	
94	0.003650021646171808	0.0004096892662346363	0.0008193785324692726	0.01627810373902321	0.19735468924045563	0.037965912371873856	0.0759337730705738	0.1345665380358696	
95	0.004067771323025227	0.00047106013516895473	0.0009421202703379095	0.01789444126188755	0.19680653139948845	0.03994571231305599	0.07989447191357613	0.13816053420305252	
96	0.002844174485653639	0.00033114615944214166	0.0006622923188842833	0.015616037510335445	0.19812167808413506	0.0367154236882925	0.07343225926160812	0.13120777159929276	
97	0.004851642111316323	0.0005491532734595239	0.0010983065469190479	0.01831492446362972	0.1980231897905469	0.031468247063457966	0.06293800659477711	0.11540620401501656	
98	0.0037831147667020558	0.00044174288050271573	0.0008834857610054315	0.01757589913904667	0.1980183944106102	0.03664531372487545	0.07329387590289116	0.1288394182920456	
99	0.005041395779699087	0.0005706679192371666	0.0011413358384743332	0.018905971944332123	0.19858499988913536	0.03414968401193619	0.06830093637108803	0.12598027288913727	
100	0.005418607871979475	0.0006090585316997022	0.0012181170633994043	0.019178755953907965	0.19554118439555168	0.041001755744218826	0.08200686052441597	0.13672927021980286	
101	0.0062888856045901775	0.0006990224414039403	0.0013980448828078806	0.021170353516936302	0.19858700223267078	0.033730680122971535	0.06746304593980312	0.11900335922837257	
102	0.005570278689265251	0.0006249729660339654	0.0012499459320679308	0.021659444272518157	0.19784613139927387	0.035178158432245255	0.0703590027987957	0.12326867133378983	
103	0.004832726716995239	0.0005386325414292514	0.0010772650828585028	0.019065799191594124	0.19700543023645878	0.04183209501206875	0.08366931974887848	0.14104881137609482	
104	0.008223200961947442	0.000885874917730689	0.001771749835461378	0.021898479759693147	0.19692927971482277	0.036799583584070206	0.07360059022903442	0.12695644795894623	
105	0.005571519210934639	0.0006076072633732111	0.0012152145267464221	0.021434876322746276	0.19622171111404896	0.038317348808050156	0.07663823664188385	0.12668147683143616	
106	0.005846854578703642	0.0006440295139327646	0.0012880590278655291	0.021159469708800317	0.19623712077736855	0.0360733550041914	0.07214945182204247	0.12171118706464767	
107	0.0071278647519648075	0.0007722822949290276	0.0015445645898580552	0.0210134606808424	0.19561975449323654	0.03805321827530861	0.07610850036144257	0.1282474584877491	
108	0.009437213279306888	0.0010186488623730838	0.0020372977247461676	0.023014504089951517	0.19526589289307594	0.03964301571249962	0.07929365709424019	0.13351354375481606	
109	0.013704930618405341	0.0014597425470128655	0.002919485094025731	0.025157269462943076	0.19545585103332996	0.03698728606104851	0.0739758312702179	0.12356967478990555	
110	0.021374153904616833	0.0022439781576395037	0.004674165695905686	0.030835238471627235	0.19602597691118717	0.0380892101675272	0.07618511468172073	0.12740008533000946	
111	0.04107839167118073	0.004295838344842195	0.008672280609607697	0.045594072341918944	0.19398166611790657	0.04070645198225975	0.08141839131712914	0.1304771974682808	
112	0.04640173502266407	0.004888272238895297	0.009956576954573393	0.04806437417864799	0.19074408523738384	0.03182988055050373	0.06366300769150257	0.10983708128333092	
113	0.03516239933669567	0.003786913910880685	0.007611967716366052	0.04540213868021965	0.18604760896414518	0.02953749429434538	0.05907624587416649	0.10385815426707268	
114	0.03035024031996727	0.003283619647845626	0.006568092666566372	0.040771760046482086	0.18323163129389286	0.033265480771660805	0.06653247028589249	0.11759957298636436	
115	0.03457282818853855	0.003714222786948085	0.007433363422751427	0.04323148354887962	0.1682554241269827	0.038338590413331985	0.07667854614555836	0.13108332082629204	
116	0.030584878474473953	0.0032840942963957786	0.006588074751198292	0.04025193899869919	0.15759111195802689	0.03351305704563856	0.06702971458435059	0.11708371713757515	
117	0.03980595357716084	0.004234890686348081	0.008648452069610357	0.04325064942240715	0.14526459854096174	0.024485661648213863	0.048972394317388535	0.09370063990354538	
118	0.03794550374150276	0.004048591060563922	0.008177247364073992	0.04336516037583351	0.12492209300398827	0.022713888436555862	0.045429375022649765	0.09054626151919365	
119	0.03366345055401325	0.003610435174778104	0.007366096042096615	0.041766146570444106	0.11895184218883514	0.018798496574163437	0.03760039620101452	0.08296798542141914	
120	0.03621442653238773	0.0038619811646640302	0.007951129786670208	0.04326919168233871	0.10713841253891587	0.017748115118592978	0.03550275135785341	0.07962201535701752	
121	0.031645132973790166	0.0033938991371542217	0.006874190643429756	0.04002993404865265	0.08527533616870642	0.01291851419955492	0.02583957277238369	0.06786463595926762	
122	0.02876281291246414	0.003115601371973753	0.006233282200992107	0.040484046936035155	0.08508278895169497	0.017155864741653204	0.03434250131249428	0.07959892600774765	
123	0.02491232007741928	0.0027225309051573275	0.005445742979645729	0.037074601650238036	0.07211412210017443	0.014035347383469343	0.028074280358850956	0.06934366375207901	
124	0.024143675714731215	0.0026430173777043818	0.005308281630277634	0.03795760124921799	0.06982514262199402	0.016098476946353912	0.03226916119456291	0.07437019422650337	
125	0.020135285332798958	0.0022155971033498644	0.004438889073207974	0.03490528091788292	0.058762807631865144	0.009458643617108464	0.01902043493464589	0.057312142103910446	
126	0.01474490538239479	0.0016726806527003646	0.0033453613054007293	0.03200953714549541	0.05945641594007611	0.012190771754831076	0.0250781811773777	0.06294041872024536	
127	0.012241931073367596	0.0014072228921577334	0.002814445784315467	0.02956226095557213	0.06818535458296537	0.012543672695755959	0.02513434924185276	0.06822626665234566	
128	0.012301748245954513	0.0014075470622628926	0.0028150941245257853	0.02861275412142277	0.06156123103573918	0.01177118718624115	0.02376932743936777	0.06264185160398483	
129	0.009959653951227665	0.0011669164523482323	0.0023381571285426618	0.02679561972618103	0.054543649312108755	0.009234829805791378	0.018498318269848824	0.054892344400286674	
130	0.010662645474076271	0.0012287234887480736	0.0024574469774961472	0.026822490245103837	0.0526655213907361	0.007002776954323053	0.014009236358106136	0.05118077993392944	
131	0.010502184741199017	0.0011926270322874188	0.00238580540753901	0.026637298986315727	0.05416797613725066	0.010375108569860458	0.020824498496949673	0.060536209493875504	
132	0.01117673795670271	0.0012632220750674605	0.002538154600188136	0.027162425965070725	0.05112706124782562	0.00907118059694767	0.018797961063683033	0.05927012860774994	
133	0.01935124918818474	0.0020888355327770116	0.004254154721274972	0.030067946761846542	0.04767477232962847	0.010550661012530327	0.023599798791110516	0.054893264546990395	
134	0.016558662056922913	0.0018088689539581537	0.003652509953826666	0.030154314264655112	0.0514483111910522	0.010638684965670109	0.02189535927027464	0.05642835609614849	
135	0.014405999518930911	0.001600920339114964	0.003201840678229928	0.029724090173840523	0.0543034328147769	0.009916797280311584	0.020435595884919167	0.053079038858413696	
136	0.015302315168082715	0.0017058659112080931	0.0034117318224161862	0.031256528198719026	0.047056150157004595	0.008170597720891237	0.01639355719089508	0.057892290875315666	
137	0.011750711686909198	0.0013224484631791712	0.0026448969263583423	0.028958185389637948	0.052092219702899456	0.009214621037244797	0.01869670208543539	0.05363476648926735	
138	0.011962572485208512	0.0013283312087878584	0.0026566931046545506	0.026945240050554275	0.04810366313904524	0.007526606321334839	0.015324202366173267	0.05036455765366554	
139	0.010672993585467338	0.0011948608560487628	0.0023897217120975255	0.026297909766435625	0.05817393399775028	0.010627349838614464	0.021369539201259613	0.05943541042506695	
140	0.013105196505784988	0.0014319691923446952	0.0028639383846893905	0.027321437001228334	0.058618832379579544	0.012669745367020369	0.02665369026362896	0.0640775840729475	
141	0.011794139444828034	0.0012941131833940744	0.0026090506464242933	0.02706383876502514	0.055985153652727604	0.009287673979997635	0.01872941665351391	0.05701824277639389	
142	0.015916117839515208	0.0017277111532166601	0.0035715867299586533	0.02899852432310581	0.05266253091394901	0.009613287169486284	0.01941568311303854	0.05825365148484707	
143	0.012476087920367718	0.0013796972809359432	0.0028243381064385177	0.027845264598727226	0.051655438262969255	0.010738967452198267	0.022160524502396584	0.062279123812913895	
144	0.012122353166341781	0.0013478308683261275	0.002695661736652255	0.026581728458404542	0.04802441457286477	0.00685492530465126	0.013925053179264069	0.04897507466375828	
145	0.012010406330227852	0.0013210369390435517	0.0026420738780871035	0.025315669551491737	0.04857272421941161	0.007949861232191324	0.016059234738349915	0.05004402622580528	
146	0.010621728282421828	0.0011803038651123643	0.0023661560844630003	0.024938078224658967	0.047323143342509866	0.007083364529535174	0.014302861411124468	0.04791776090860367	
147	0.011379812844097614	0.001247033104300499	0.002554782014340162	0.024527999013662337	0.04516596719622612	0.006879161112010479	0.014017174951732159	0.04750837944447994	
148	0.012484586425125599	0.0013752226950600743	0.0027504453901201487	0.025669960677623747	0.04659033939242363	0.00869732303544879	0.017567113041877747	0.04977656900882721	
149	0.01794865559786558	0.0019391159643419088	0.004004799877293408	0.02817397266626358	0.04842108814045787	0.009654433000832796	0.019322981126606464	0.06218930147588253	
150	0.01117805065587163	0.0012333213468082248	0.0024991111597046254	0.02430681176483631	0.05036712344735861	0.0076819914393126965	0.015643148683011532	0.050813132897019386	
151	0.013004843331873416	0.001420141663402319	0.002840283326804638	0.026173394918441773	0.04820040985941887	0.012119072489440441	0.02561033144593239	0.061363425105810165	
152	0.011723312735557555	0.0012814270798116923	0.0025628541596233846	0.025082944333553313	0.050148976501077414	0.009233260061591864	0.018548959866166115	0.06071934476494789	
153	0.011086192168295383	0.0012191853020340204	0.002438370604068041	0.02565435543656349	0.05580122023820877	0.009116399101912975	0.01889143418520689	0.05182327888906002	
154	0.013088431768119335	0.0014295964618213474	0.002886364632286131	0.02660503387451172	0.0541775138117373	0.011702156625688076	0.023581997491419315	0.06425977498292923	
155	0.010344800539314747	0.001142294704914093	0.002284589409828186	0.024008528515696525	0.053867104928940535	0.009073020424693823	0.01869203057140112	0.057226378470659256	
156	0.013187358528375626	0.0014244203572161495	0.002929958212189376	0.025259813666343688	0.05186804966069758	0.00797999114729464	0.01611959282308817	0.05417688563466072	
157	0.011714721284806728	0.0012893404578790068	0.002581873023882508	0.026774037256836893	0.04468520171940327	0.010502381715923548	0.021083291620016098	0.06084698438644409	
158	0.015606245771050454	0.0016691462602466344	0.0034759640228003265	0.026326653733849525	0.049934441689401865	0.010505454614758492	0.022332431748509407	0.053699323907494545	
159	0.01824271064251661	0.00195693124551326	0.003986966470256448	0.02875862196087837	0.06317088752985	0.014731958042830229	0.029735319316387177	0.07662110030651093	
160	0.012576861120760442	0.001374129788018763	0.0027526560705155136	0.02664482146501541	0.06898180907592177	0.013594898860901594	0.02820794377475977	0.07314999029040337	
161	0.013153270073235034	0.0014358195243403316	0.0028766324277967213	0.027869943901896475	0.05225581116974354	0.011839726008474827	0.02396391797810793	0.06564202904701233	
162	0.01223944891244173	0.0013468002434819937	0.0027186858002096414	0.027416737750172615	0.05908981757238507	0.010298538953065872	0.020762917585670948	0.0624386053532362	
163	0.008465095609426498	0.0009653251967392862	0.0019306503934785723	0.02528238818049431	0.0646803961135447	0.012322921305894852	0.025721113197505474	0.07009826600551605	
164	0.008735228702425957	0.0009830037830397486	0.001966007566079497	0.024413560703396796	0.05972416792064905	0.009537650272250175	0.01942531019449234	0.06230413354933262	
165	0.006820706091821194	0.0007791056646965444	0.0015582113293930889	0.022366967424750327	0.05881490744650364	0.012040350120514631	0.024566232226788998	0.06512230262160301	
166	0.006452042050659657	0.0007396421628072858	0.0014792843256145715	0.02154875360429287	0.05733573157340288	0.009490611031651497	0.01916862279176712	0.05929236114025116	
167	0.005411726702004671	0.0006197613431140781	0.0012395226862281562	0.019790229201316834	0.050929802004247904	0.010867073200643063	0.021923878230154514	0.06084590405225754	
168	0.0067414658609777686	0.0007586011779494584	0.0015513547463342548	0.019796495512127876	0.05440070712938905	0.01222840417176485	0.025679826736450195	0.06609588116407394	
169	0.006430508475750685	0.0007225260371342302	0.0014829962514340878	0.019776348024606705	0.05869360268115997	0.009843861684203148	0.02002442441880703	0.056498827412724495	
170	0.006232695188373327	0.0006942859734408557	0.0013901283033192157	0.018965987116098405	0.055704770842567086	0.007743884110823274	0.015819603111594915	0.0493472795933485	
171	0.003974724095314741	0.00046170526766218243	0.0009234105353243649	0.01735053099691868	0.05223129317164421	0.011260157451033592	0.023970959708094597	0.05795475281774998	
172	0.004168362356722355	0.00048299061600118873	0.0009659812320023775	0.017475713789463044	0.05067881662398577	0.00798711460083723	0.016411812976002693	0.04887816682457924	
173	0.004975394858047366	0.0005707919190172106	0.0011416345718316735	0.018241767399013044	0.05169835966080427	0.008149418979883194	0.01678531803190708	0.05308114178478718	
174	0.003976121405139565	0.0004641464038286358	0.0009282928076572716	0.01733999140560627	0.04952507000416517	0.00784677593037486	0.016068030148744583	0.048928152769804	
175	0.004163447208702565	0.0004778515896759927	0.0009557031793519854	0.017539633065462114	0.047413964523002505	0.007818261394277215	0.01589989848434925	0.04871942102909088	
176	0.0038584222551435233	0.000447472877567634	0.000894945755135268	0.016867713257670402	0.04674988612532616	0.008344323374330997	0.016946190036833286	0.051618682220578194	
177	0.0027271958068013193	0.00032091888133436444	0.0006418377626687289	0.015218675136566162	0.04819555580615997	0.01037483848631382	0.022044851444661617	0.05428706482052803	
178	0.004081474663689732	0.00046653556055389347	0.0009330711211077869	0.0170247457921505	0.048757377080619335	0.008911138400435448	0.018143742345273495	0.05519959516823292	
179	0.0034725322388112546	0.0003954697342123836	0.0007909394684247672	0.0161717489361763	0.04761313833296299	0.010708045680075884	0.02292648982256651	0.05529561825096607	
180	0.003126776684075594	0.0003640081908088177	0.0007280163816176354	0.016407505609095097	0.04696304304525256	0.007125191856175661	0.014564444310963154	0.04793528467416763	
181	0.002530961902812123	0.0002970132103655487	0.0005940264207310974	0.015197222493588925	0.047050907742232084	0.009562101680785418	0.019664020277559757	0.05422563478350639	
182	0.0028897272888571022	0.00034133153385482726	0.0006826630677096545	0.015636018477380276	0.04565591341815889	0.007531935581937432	0.015377710107713938	0.048890044912695885	
183	0.0025779010728001596	0.0002990132139530033	0.0005980264279060066	0.014889724552631378	0.04431039793416858	0.008756244089454412	0.01775772124528885	0.04983019828796387	
184	0.0021105694584548475	0.000247275095898658	0.000494550191797316	0.013652629964053632	0.04431549785658717	0.0059913587756454945	0.012212262488901615	0.043475477024912834	
185	0.002238370641134679	0.00026397760084364565	0.0005279552016872913	0.013986660726368427	0.04417224554345012	0.010575950611382723	0.02246745303273201	0.054182019084692	
186	0.0018325214507058263	0.0002167445985833183	0.0004334891971666366	0.012545676529407501	0.04517810116522014	0.006926007801666856	0.014170282986015081	0.04557609558105469	
187	0.0020246722036972643	0.00023406975669786333	0.00046813951339572666	0.01287714745849371	0.04388415114954114	0.00990647217258811	0.02022397890686989	0.05268128030002117	
188	0.0017759719397872687	0.00020807729742955416	0.00041615459485910833	0.012593515403568744	0.04505344619974494	0.01004705997183919	0.021443701349198818	0.054106004536151886	
189	0.0017923264065757393	0.0002077892713714391	0.0004155785427428782	0.012590697407722473	0.0446201516315341	0.01029337290674448	0.022549710236489773	0.04954092390835285	
190	0.0020392732927575707	0.00023338396276813002	0.00046676792553626003	0.012962146289646625	0.044872487895190716	0.011819569626823068	0.02489606197923422	0.05341610498726368	
191	0.002033398486673832	0.00023549039906356484	0.0004709807981271297	0.012841258011758328	0.04627247108146548	0.008834836073219776	0.018666154704988003	0.046821754425764084	
192	0.0017157318303361534	0.0001994367688894272	0.0003988735377788544	0.0118453748524189	0.04726138338446617	0.007293266709893942	0.015045512467622757	0.04565630853176117	
193	0.0018061482114717364	0.00020510425965767354	0.0004102085193153471	0.012077568471431733	0.047947030048817396	0.009086771868169308	0.018948573619127274	0.04891439899802208	
194	0.0017201541690155865	0.00019540012872312217	0.00039080025744624435	0.01201639287173748	0.04720725351944566	0.007302151061594486	0.01508795004338026	0.045956797897815704	
195	0.0015407471219077706	0.00017844417598098517	0.00035688835196197034	0.01155511811375618	0.047522183042019606	0.008870827965438366	0.018152447417378426	0.05224338918924332	
196	0.001735427393577993	0.00020218011050019414	0.0004043602210003883	0.012386593408882618	0.04725633258931339	0.007341251475736499	0.015112131368368864	0.047128280624747276	
197	0.0015287336660549044	0.00018407899478916078	0.00036815798957832155	0.011908727325499057	0.04630221612751484	0.010012641083449125	0.020452163182199	0.05527479015290737	
198	0.0017043035710230469	0.00020382251823320986	0.0004076450364664197	0.012340167723596095	0.04734325502067804	0.008874218910932541	0.01816611737012863	0.04967828467488289	
199	0.0015005799010396003	0.00017684662307146937	0.00035369324614293874	0.011583932489156724	0.04753121780231595	0.007991691585630178	0.01642083376646042	0.04939058795571327	
200	0.0012645538663491607	0.00014839143259450793	0.00029678286518901585	0.010625818558037282	0.046727899461984634	0.011532595846801996	0.024512115865945816	0.05419749952852726	
201	0.0013082532212138176	0.00015444722084794192	0.00030889444169588385	0.010704336501657963	0.04703611647710204	0.009076403919607401	0.019490349106490612	0.04724555276334286	
202	0.0015322052408009768	0.00017731633270159363	0.00035463266540318726	0.011131225898861886	0.04561579646542668	0.007344362325966358	0.015054313465952873	0.04405560344457626	
203	0.0016919406363740564	0.00019474301079753787	0.00038948602159507575	0.01158562246710062	0.046430148649960756	0.010060976259410381	0.020464211702346802	0.055457182228565216	
204	0.0019759888760745524	0.00022164724650792779	0.00044329449301585557	0.012221516482532025	0.04707380337640643	0.009797577746212482	0.021074647083878517	0.05060812272131443	
205	0.0018996803322806955	0.00021430478955153376	0.0004286095791030675	0.012041058391332626	0.04789213230833411	0.008638353087008	0.01840935740619898	0.0453021265566349	
206	0.0023575650528073313	0.00026942189724650235	0.0005388437944930047	0.013433595187962055	0.048773922491818666	0.007187504321336746	0.015356672462075949	0.04021269828081131	
207	0.0017371570458635688	0.00019683596037793903	0.00039367192075587807	0.011970153823494912	0.04799721296876669	0.010467651765793562	0.022571447305381298	0.05348164029419422	
208	0.001735467999242246	0.0001993133977521211	0.0003986267955042422	0.011717064119875432	0.04685928439721465	0.009634875226765871	0.020681693218648434	0.0504679586738348	
209	0.0013197185937315226	0.00015620330959791316	0.00031240661919582633	0.010584921948611737	0.04698032978922129	0.011795632541179657	0.024521020241081715	0.055964209139347076	
210	0.001450235489755869	0.00016669708566041663	0.00033339417132083327	0.010738988220691682	0.04763540579006076	0.008929104544222355	0.01834196876734495	0.04840775392949581	
211	0.0011079757707193494	0.00012886190233984962	0.00025772380467969924	0.009780519641935825	0.04544753581285477	0.011622688034549356	0.024301170371472836	0.05228481814265251	
212	0.0012441373197361826	0.0001443566579837352	0.0002887133159674704	0.010164567828178405	0.04623898724094033	0.010597934480756521	0.02252169605344534	0.04907524585723877	
213	0.0013908828375861048	0.00015785008145030588	0.00031570016290061176	0.010525977425277232	0.04697819333523512	0.009419738315045834	0.020071263425052166	0.0482020266354084	
214	0.0012476538657210767	0.00014014162734383718	0.00028028325468767437	0.010046475939452649	0.046950131887570024	0.007366168545559049	0.015203225426375866	0.04345355182886124	
215	0.001963320653885603	0.00021965070627629756	0.00043930141255259513	0.011921255476772785	0.04592661885544658	0.00817390950396657	0.017477214336395264	0.043768299743533134	
216	0.0012879202840849757	0.0001456624551792629	0.0002913249103585258	0.01014617197215557	0.045734777580946684	0.007743156980723143	0.015813076868653297	0.04544385150074959	
217	0.0014939654152840375	0.00016852226690389216	0.0003370445338077843	0.010643141344189644	0.04467791831120849	0.007484435103833675	0.015938878059387207	0.0441375058144331	
218	0.0013878619996830822	0.00015784026763867586	0.0003156805352773517	0.010479190200567246	0.04522796766832471	0.006811955012381077	0.01397767849266529	0.04055711440742016	
219	0.001301834755577147	0.0001486595254391432	0.0002973190508782864	0.01047221403568983	0.04585399152711034	0.010028081480413675	0.02039777860045433	0.05355996452271938	
220	0.0011546702589839697	0.00013452065613819286	0.0002690413122763857	0.010064749605953693	0.04541526245884597	0.007893411675468087	0.016151327174156904	0.04522012360394001	
221	0.0015077044256031514	0.00017211770900757984	0.0003442354180151597	0.010534500330686569	0.04683206265326589	0.00611788674723357	0.012601543916389346	0.04102296754717827	
222	0.0016118927858769893	0.0001821381418267265	0.000364276283653453	0.011492425575852394	0.045888972003012896	0.008486573118716478	0.018238579854369164	0.046948133036494255	
223	0.0021741054370068014	0.00024272719747386873	0.00048545439494773746	0.012070966698229314	0.04683822300285101	0.008473061956465244	0.01732730958610773	0.047739917412400246	
224	0.0017964867409318685	0.00020780313934665173	0.00041560627869330347	0.012065338529646396	0.04918178962543607	0.010567774064838886	0.02237836178392172	0.053483907133340836	
225	0.0014315188163891435	0.0001638458197703585	0.000327691639540717	0.011125385388731956	0.0503658945672214	0.009918149095028639	0.02128551434725523	0.046777913346886635	
226	0.0014242334058508278	0.00016095380124170333	0.00032190760248340666	0.010447953827679157	0.04915476869791746	0.010288660414516926	0.02087622694671154	0.0531957671046257	
227	0.0011161969392560422	0.00013124173856340348	0.00026248347712680696	0.009842571057379245	0.048429022543132305	0.010704949032515287	0.02208373975008726	0.05166917107999325	
228	0.0012997434241697192	0.00015665284299757332	0.00031330568599514664	0.01074846088886261	0.049305588472634554	0.009485600981861353	0.01926087774336338	0.053408509120345116	
229	0.00142732507083565	0.00016452062991447746	0.0003290412598289549	0.011187904141843319	0.049779228516854346	0.006065473076887429	0.01243219361640513	0.040937564335763454	
230	0.0015473999315872788	0.00017815927567426114	0.0003563185513485223	0.0112830126658082	0.048225651029497385	0.01153335440903902	0.023429411463439465	0.055878568440675735	
231	0.0014633006881922483	0.00017044287960743532	0.00034088575921487063	0.011201333068311215	0.049068867694586515	0.009431255050003529	0.02041652798652649	0.04892788827419281	
232	0.0013401519041508435	0.00015546091308351606	0.0003109218261670321	0.010442138463258744	0.04885876830667257	0.009433223400264978	0.01922269817441702	0.05042785964906216	
233	0.00123673256020993	0.00014164486929075794	0.00028328973858151587	0.010126033052802085	0.047778225503861904	0.008614794351160526	0.017595309764146805	0.047803737223148346	
234	0.0014223534381017089	0.0001633134699659422	0.0003266269399318844	0.011213537491858005	0.04907765472307801	0.008803550153970718	0.01898917555809021	0.048386696726083755	
235	0.001399396639317274	0.0001586812373716384	0.0003173624747432768	0.010994497872889041	0.04893281823024154	0.01000641519203782	0.02104446291923523	0.04712631739675999	
236	0.0014602184295654298	0.00016919962363317608	0.00033839924726635217	0.01085050292313099	0.04876721045002341	0.009719825349748135	0.019780799746513367	0.05055372603237629	
237	0.0026114648208022118	0.00029081121901981534	0.0005816224380396307	0.01272627990692854	0.04807560425251722	0.009989150334149599	0.020342075265944004	0.05541987717151642	
238	0.0017512275604531168	0.00020003837125841527	0.00040007674251683054	0.011841015517711639	0.04897124134004116	0.010730712208896875	0.02359690424054861	0.050012705847620964	
239	0.0014201862271875144	0.00016417193255620078	0.00032834386511240157	0.011078263632953167	0.0489274594001472	0.009137928951531649	0.018611518666148186	0.05214770697057247	
240	0.0016356116626411676	0.0001927281846292317	0.0003854563692584634	0.011757426895201206	0.047390630235895514	0.008207373088225722	0.017469746991991997	0.04406428150832653	
241	0.001910341763868928	0.0002241316076833755	0.000448263215366751	0.012654674984514714	0.047330248169600964	0.01137030590325594	0.024174834601581097	0.05631289631128311	
242	0.0016832099994644524	0.00019643909763544798	0.00039287819527089596	0.012314564920961857	0.04711331985890865	0.01136351004242897	0.023050391115248203	0.05603850819170475	
243	0.0017593985423445702	0.00019512720173224806	0.0003902544034644961	0.011711814999580383	0.04751419508829713	0.009337995667010546	0.020742851309478283	0.04767516441643238	
244	0.0016106193885207175	0.00018281611264683306	0.0003656322252936661	0.011799686402082444	0.046932562720030546	0.007895742077380419	0.016151991207152605	0.04484640993177891	
245	0.0013693654909729958	0.00015594983706250786	0.0003118996741250157	0.011066088266670705	0.04769248911179602	0.006969378096982837	0.014275805559009314	0.04528646916151047	
246	0.0014671106124296784	0.00016750988143030555	0.0003350197628606111	0.011622922495007515	0.047605849569663405	0.006485746009275317	0.013334509450942278	0.04630189575254917	
247	0.0014485339866951107	0.00016701978165656328	0.00033403956331312656	0.01156858392059803	0.04585161246359348	0.00975349685177207	0.02058275882154703	0.04980632849037647	
248	0.001202796888537705	0.0001435494690667838	0.0002870989381335676	0.010864303261041642	0.04611638141795993	0.009261201601475477	0.019560198299586773	0.04680795595049858	
249	0.0013069444452412427	0.0001475227836635895	0.000295045567327179	0.010206977277994156	0.04571861447766423	0.00789083493873477	0.01613809261471033	0.04500328376889229	
250	0.0012188334483653307	0.000139244765159674	0.000278489530319348	0.010304617322981357	0.04550983943045139	0.009238996542990208	0.01880784146487713	0.0542545635253191	
251	0.001274089643266052	0.00014690634270664304	0.0002938126854132861	0.01078549139201641	0.046277496963739395	0.0070868851616978645	0.015218310989439487	0.04100865125656128	
252	0.0011559079284779727	0.00013503693189704792	0.00027007386379409584	0.010282703675329685	0.04563263896852732	0.00901523232460022	0.019431406632065773	0.04406366124749184	
253	0.0014212232548743487	0.00016643828857922926	0.0003328765771584585	0.010963483713567257	0.046324297320097685	0.008108505513519049	0.016568584367632866	0.049329811707139015	
254	0.0009577210759744049	0.00011021285026799888	0.00022042570053599776	0.00905911736190319	0.04584031994454563	0.007988434983417392	0.016338917892426252	0.04788786731660366	
255	0.0010508263483643531	0.00012145444197813049	0.00024290888395626098	0.009740487299859523	0.045827548019587994	0.008385096210986376	0.01715300139039755	0.04785742983222008	
256	0.0011995521024800837	0.00013956406619399785	0.0002791281323879957	0.010362677276134491	0.04625302227213979	0.00909334234893322	0.01926032453775406	0.05014531686902046	
257	0.001415774831548333	0.00016375276463804768	0.00032750552927609535	0.0113736379891634	0.04549669986590743	0.010246243327856064	0.02169615775346756	0.05214875936508179	
258	0.0010510111111216246	0.00012054779217578471	0.00024109558435156942	0.009645050019025802	0.04569584457203746	0.006939081009477377	0.01425333647057414	0.040700459852814674	
259	0.001071821223013103	0.00012290646991459654	0.0002458129398291931	0.010022101551294326	0.045777426566928625	0.010108925867825747	0.02130128536373377	0.05171062611043453	
260	0.0011615920229814947	0.00013300491264089942	0.00026600982528179884	0.010181747190654278	0.045176558662205935	0.009646777529269457	0.02074721921235323	0.04863630793988705	
261	0.0009742570458911359	0.00011698424787027761	0.00023396849574055522	0.010031679272651672	0.04560653935186565	0.007893202127888799	0.016917381435632706	0.04337703995406628	
262	0.0012309510027989745	0.0001430843854905106	0.0002861687709810212	0.010393372550606728	0.045711399521678686	0.00985392089933157	0.02008073776960373	0.05222045257687569	
263	0.0010949695715680718	0.00012676570331677796	0.0002535314066335559	0.009969102218747139	0.04600777057930827	0.0067517985589802265	0.013872970826923847	0.043778788298368454	
264	0.0020583887118846176	0.00023265054041985423	0.00046530108083970846	0.012024056911468507	0.04415758280083537	0.009884212166070938	0.02114387508481741	0.04748431593179703	
265	0.0013341145124286414	0.0001517134456662461	0.0003034268913324922	0.010313307121396064	0.045864298939704895	0.00871253153309226	0.017740437760949135	0.048240942880511284	
266	0.001466483948752284	0.00016777992423158138	0.00033555984846316277	0.010622922331094742	0.047049268148839474	0.007412371691316366	0.01513601839542389	0.046397989615797997	
267	0.0014839318115264176	0.00016860297473613172	0.00033720594947226343	0.010678944177925587	0.0472332127392292	0.008792014326900244	0.01791607216000557	0.04965361766517162	
268	0.001382400537841022	0.00016128228744491935	0.0003225645748898387	0.010456010699272156	0.046088787727057934	0.010009261779487133	0.02037118747830391	0.05451533757150173	
269	0.0016259928932413458	0.00018566895159892737	0.00037133790319785474	0.011078869365155697	0.04513077111914754	0.00967589020729065	0.02057305257767439	0.05040785111486912	
270	0.0014194798422977328	0.0001620177790755406	0.0003240355581510812	0.010586345195770263	0.04527783580124378	0.008515746332705021	0.017387050203979015	0.049743132665753365	
271	0.0012642136309295893	0.00014520699332933872	0.00029041398665867745	0.01009774226695299	0.04466891218908131	0.007589399116113782	0.015551052521914244	0.042920513078570366	
272	0.001116364262998104	0.00012687797861872242	0.00025375595723744484	0.009629106149077415	0.04524018056690693	0.008785237092524767	0.017927203327417374	0.04809001088142395	
273	0.0013052983325906099	0.0001481963350670412	0.0002963926701340824	0.010124196112155915	0.045642165932804346	0.006653024815022945	0.013662941753864288	0.04842468537390232	
274	0.0011966801714152098	0.0001379333160002716	0.0002758666320005432	0.010545936226844788	0.04379906412214041	0.009332931134849787	0.01999873947352171	0.04813343100249767	
275	0.001205976912751794	0.00013528841227525846	0.0002705768245505169	0.009888254664838314	0.04514750023372471	0.007077206624671817	0.014499714132398367	0.04439038783311844	
276	0.0011738568777218462	0.00013375988928601145	0.0002675197785720229	0.009917410649359226	0.0462230877019465	0.007124859374016523	0.015145405661314726	0.04306525178253651	
277	0.0010752974543720485	0.00012123533961130306	0.0002424706792226061	0.009269285947084427	0.04548965720459819	0.008374826051294804	0.017124655656516552	0.04445755109190941	
278	0.0011040143901482225	0.00012626366078620775	0.0002525273215724155	0.009590518847107887	0.045956963673233986	0.007565020117908716	0.01549139991402626	0.04416531138122082	
279	0.0010677527985535561	0.00012541021278593688	0.00025082042557187376	0.009443267434835433	0.044396084267646074	0.010171821806579828	0.021554904989898205	0.0475036408752203	
280	0.0010940059553831815	0.00012461113365134225	0.0002492222673026845	0.009352437034249306	0.04415451688691974	0.009611974004656076	0.020575986243784428	0.04499868303537369	
281	0.0011492853751406073	0.00013098370400257408	0.00026196740800514816	0.009525305777788162	0.043704528361558914	0.010112475138157606	0.020605359226465225	0.05156405828893185	
282	0.0013321222038939595	0.00015348441811511294	0.00030696883623022587	0.010364611260592937	0.04433568147942424	0.008655851241201162	0.018644489347934723	0.04692169278860092	
283	0.0009269996546208859	0.0001079734181985259	0.0002159468363970518	0.009302368387579918	0.04389003198593855	0.008078560698777437	0.016516879200935364	0.04896232672035694	
284	0.001068076933734119	0.0001236491050804034	0.0002472982101608068	0.009681920707225799	0.04365685791708529	0.007102512987330556	0.01456162566319108	0.045423081144690514	
285	0.0010341808781959116	0.00011795834434451536	0.0002359166886890307	0.009222406893968582	0.045023426646366715	0.007042330456897616	0.014440486673265696	0.045334652066230774	
286	0.0010532911750487984	0.00011912451591342688	0.00023824903182685376	0.009095479734241962	0.04363944660872221	0.009168059099465609	0.01924148201942444	0.04689880460500717	
287	0.0012938312138430774	0.0001447620292310603	0.0002895240584621206	0.0101108742877841	0.04473738418892026	0.007520518731325865	0.015406457707285881	0.04605264961719513	
288	0.001044990122318268	0.00012030042562400922	0.00024060085124801844	0.009776431508362294	0.04364449670538306	0.009095931425690651	0.01857226248830557	0.046895671635866165	
289	0.001035860867705196	0.00011902285623364151	0.00023804571246728302	0.009409542754292488	0.04470812203362584	0.006597548723220825	0.013550866395235062	0.040774229913949966	
290	0.0011494366102851928	0.00013366417988436297	0.00026732835976872593	0.009715596027672291	0.04380489652976394	0.0073935287073254585	0.015149497427046299	0.04646447114646435	
291	0.001196887157857418	0.00013831073301844298	0.00027662146603688596	0.010445080325007438	0.04398447321727872	0.006314211059361696	0.01301620528101921	0.041945988312363625	
292	0.0009396523237228394	0.00010911744611803442	0.00021823489223606884	0.009475351870059967	0.043850083369761705	0.008881226647645235	0.01813565380871296	0.05001501925289631	
293	0.000835523521527648	9.864241728791967e-05	0.00019728483457583934	0.008891378156840801	0.0435551842674613	0.008099605794996023	0.0165691701695323	0.04595695063471794	
294	0.0009714351850561798	0.00010845578653970734	0.00021691157307941468	0.008860086090862751	0.04365649539977312	0.009059344418346882	0.019413123838603497	0.04633130878210068	
295	0.0009004303952679038	0.000100117722467985	0.00020023544493597	0.008629007823765278	0.044080959632992744	0.007727016694843769	0.01584059651941061	0.04427638091146946	
296	0.0012729011592455207	0.0001428695541108027	0.0002857391082216054	0.010055254958570004	0.04468568158335984	0.007797003490850329	0.016688604839146137	0.04488322511315346	
297	0.0013815693557262421	0.00015513143152929844	0.00031026286305859687	0.010826664604246616	0.0440475600771606	0.009553964715451002	0.019466450437903404	0.05477829463779926	
298	0.0014844176010228693	0.00016873296262929217	0.00033746592525858433	0.011364534310996533	0.04317911574617028	0.009654856752604246	0.019708294421434402	0.05201735347509384	
299	0.0012117446167394519	0.00013631492183776572	0.00027262984367553144	0.010063200443983077	0.04410709673538804	0.009562307503074408	0.019510039128363132	0.05020657181739807	
