     0/299      4.1G   0.06692   0.04727         0    0.1142       130      1024         0         0         0         0   0.08117   0.07377         0
     1/299     4.21G    0.0696    0.0366         0    0.1062       197      1024         0         0         0         0   0.08655   0.05974         0
     2/299     4.21G   0.06107   0.03106         0   0.09212       158      1024  0.001337  0.002442 8.092e-06 2.065e-06   0.09057   0.05141         0
     3/299     4.75G   0.05692   0.02851         0   0.08543        18      1024   0.04006   0.01709  0.001002 0.0001912   0.09157   0.04914         0
     4/299     4.75G   0.05369   0.02849         0   0.08218        48      1024   0.09409    0.0757   0.01081  0.001861   0.09117   0.04973         0
     5/299     4.75G   0.06199   0.02859         0   0.09058        33      1024    0.1597    0.1111   0.02387  0.004347   0.08651    0.0528         0
     6/299     4.75G   0.05716   0.02569         0   0.08285       105      1024    0.2033    0.1106   0.03568  0.006206   0.08411   0.05392         0
     7/299     4.75G   0.05197   0.02402         0   0.07599        99      1024    0.2524    0.1575   0.07318   0.01496   0.08533   0.05132         0
     8/299     4.75G   0.05669   0.02346         0   0.08015        35      1024   0.06144    0.1331   0.01307   0.00194   0.08644   0.04435         0
     9/299     4.75G   0.05431   0.02376         0   0.07807       149      1024   0.05501    0.1026  0.009183  0.001465   0.08508   0.05454         0
    10/299     4.75G   0.05645   0.02757         0   0.08403        31      1024    0.2854    0.1844    0.0962   0.02207   0.07846   0.06766         0
    11/299     4.75G   0.05634   0.02156         0    0.0779        95      1024     0.118    0.1197   0.02799  0.003987   0.07336   0.06122         0
    12/299     4.75G   0.06034   0.02348         0   0.08381       126      1024     0.343    0.1673    0.1305    0.0317     0.069   0.07007         0
    13/299     4.75G   0.05856   0.02583         0   0.08439        36      1024    0.2396   0.08791   0.04077  0.007608   0.06725   0.07192         0
    14/299     4.75G   0.05834   0.02694         0   0.08528        81      1024     0.484    0.2589    0.2166   0.04964   0.06661   0.07245         0
    15/299     4.75G   0.05495    0.0248         0   0.07975       109      1024    0.6296    0.2589    0.2801   0.08511   0.06777   0.06521         0
    16/299     4.75G   0.04673   0.02376         0    0.0705        28      1024    0.1835    0.1221    0.0396  0.006248   0.06603   0.06777         0
    17/299     4.75G   0.04911   0.02811         0   0.07722       154      1024    0.4894    0.2587    0.2146   0.05042   0.06571   0.06934         0
    18/299     4.75G   0.04418   0.02285         0   0.06703       140      1024    0.2385    0.2943   0.08748    0.0125   0.06646     0.061         0
    19/299     4.75G   0.03579   0.02049         0   0.05629        39      1024   0.01298    0.1197  0.002198 0.0002951   0.06945   0.05909         0
    20/299     4.75G   0.03962   0.02522         0   0.06484        87      1024    0.3021    0.4603    0.2316   0.04485   0.07085   0.06996         0
    21/299     4.75G   0.04057   0.03323         0   0.07381       138      1024    0.4738    0.4493    0.3722   0.09841   0.06593   0.07579         0
    22/299     4.75G   0.03712   0.02671         0   0.06383        76      1024     0.384    0.4574    0.3192   0.08603   0.06644   0.06821         0
    23/299     4.75G   0.03816   0.02213         0   0.06029       126      1024    0.3597    0.4225    0.2618   0.04733    0.0694   0.05272         0
    24/299     4.75G   0.04557   0.02638         0   0.07195       187      1024    0.1324    0.1563   0.05775   0.01408   0.07238   0.06809         0
    25/299     4.75G   0.04692    0.0314         0   0.07832       130      1024    0.2158    0.1477   0.08708   0.01729   0.07047    0.0703         0
    26/299     4.75G   0.04505   0.03187         0   0.07692        40      1024    0.2711    0.2918    0.1718    0.0405   0.06812   0.07422         0
    27/299     4.75G   0.04197   0.02863         0    0.0706       109      1024    0.2734    0.3602    0.1533   0.03411   0.06649   0.07487         0
    28/299     4.75G   0.04013   0.02844         0   0.06857        46      1024    0.3561    0.4799    0.2822   0.06903   0.06451   0.07375         0
    29/299     4.75G   0.03723   0.02842         0   0.06565        54      1024     0.365    0.5897    0.3037   0.07145   0.06531   0.06916         0
    30/299     4.75G   0.04291   0.02396         0   0.06687        43      1024    0.1009    0.2247   0.03662  0.005803   0.06989   0.06153         0
    31/299     4.75G   0.04325   0.02462         0   0.06787        68      1024    0.1514    0.2731   0.06573   0.01186   0.06867   0.06528         0
    32/299     4.75G   0.03583   0.02584         0   0.06168        88      1024    0.4127     0.431    0.3386   0.09853   0.06547   0.06307         0
    33/299     4.75G   0.03146   0.02263         0   0.05409       120      1024    0.3809    0.4207    0.3122   0.07877    0.0653   0.05931         0
    34/299     4.75G   0.03107   0.02469         0   0.05576       109      1024     0.436    0.4737    0.3946    0.1085   0.06395   0.05942         0
    35/299     4.75G    0.0334   0.02138         0   0.05477        38      1024     0.527    0.5006    0.4392    0.1144   0.06346   0.05896         0
    36/299     4.75G     0.033   0.01993         0   0.05293        85      1024    0.5015    0.3663     0.319    0.0587   0.06717   0.05346         0
    37/299     4.75G   0.03065   0.02114         0   0.05179        91      1024    0.4298    0.5263    0.4625    0.1469    0.0652   0.05896         0
    38/299     4.75G    0.0332   0.02236         0   0.05556       115      1024    0.4889    0.5629    0.5294    0.2083   0.06388   0.05801         0
    39/299     4.75G   0.03147   0.02109         0   0.05255        45      1024    0.5241    0.5391    0.5446    0.1652   0.06386   0.05583         0
    40/299     4.75G   0.03128    0.0212         0   0.05248       110      1024    0.5488     0.603    0.5852    0.2339   0.06368   0.05326         0
    41/299     4.75G   0.02695   0.02045         0    0.0474       135      1024    0.5697    0.6368     0.621    0.2308   0.06385   0.05291         0
    42/299     4.75G   0.03035   0.02077         0   0.05112       190      1024     0.679    0.6264    0.6779    0.2928   0.06235   0.05209         0
    43/299     4.75G   0.02875   0.02073         0   0.04948        98      1024    0.6849    0.5971    0.6669    0.2665   0.06179   0.04896         0
    44/299     4.75G   0.03589   0.02035         0   0.05625       155      1024    0.4889     0.525    0.5214    0.1147     0.063   0.05393         0
    45/299     4.75G   0.02788   0.02063         0   0.04851       119      1024    0.6582     0.641    0.6702    0.2483   0.06123   0.05469         0
    46/299     4.75G   0.02589   0.02051         0    0.0464        33      1024    0.6868    0.6764    0.6989    0.2802   0.06065   0.04987         0
    47/299     4.75G   0.02507   0.02002         0    0.0451        48      1024    0.7702    0.6606    0.7256     0.307   0.06072   0.04688         0
    48/299     4.75G   0.03021   0.01979         0      0.05        54      1024    0.7293    0.6777     0.734    0.3288   0.06176   0.04744         0
    49/299     4.75G   0.02476   0.01879         0   0.04356        95      1024    0.7869    0.6813    0.7577    0.3542   0.06163   0.04475         0
    50/299     4.75G   0.02595   0.01969         0   0.04564       147      1024    0.8134    0.6921    0.7659    0.3734   0.06219   0.04286         0
    51/299     4.75G   0.02457   0.01896         0   0.04353        43      1024    0.8271    0.6911    0.7922    0.3817   0.06113   0.04544         0
    52/299     4.75G    0.0222   0.01858         0   0.04078       122      1024    0.7247    0.6398    0.7171     0.271   0.06212   0.04762         0
    53/299     4.75G   0.02348   0.01924         0   0.04272        78      1024    0.8158    0.6496    0.7734     0.364   0.06238   0.04761         0
    54/299     4.75G    0.0244   0.01745         0   0.04185       116      1024    0.7775    0.7399    0.8067    0.4113   0.06118   0.04647         0
    55/299     4.75G   0.02355   0.02008         0   0.04363        94      1024    0.7977    0.7272    0.8169    0.4053   0.06092   0.04514         0
    56/299     4.75G   0.01992   0.01787         0   0.03779        67      1024    0.8134    0.7326    0.8124    0.3356   0.06281   0.04349         0
    57/299     4.75G   0.02533   0.02069         0   0.04601        98      1024    0.8156    0.7722    0.8459    0.4228   0.06145   0.04179         0
    58/299     4.75G   0.02014   0.01969         0   0.03984        46      1024    0.8383    0.7473    0.8458    0.4311   0.06109   0.04267         0
    59/299     4.75G   0.02391   0.01736         0   0.04126        85      1024    0.7793    0.7546    0.8208    0.3633   0.06097   0.04546         0
    60/299     4.75G   0.02931   0.01839         0    0.0477       128      1024    0.4016    0.3794    0.3034    0.1146   0.06793   0.03995         0
    61/299     4.75G   0.02737   0.01814         0   0.04551        36      1024    0.7825    0.6677    0.7766    0.3366   0.06335   0.04966         0
    62/299     4.75G   0.02568   0.01938         0   0.04506        83      1024    0.8376    0.6557     0.772     0.326   0.06323   0.04548         0
    63/299     4.75G    0.0218   0.01926         0   0.04106        75      1024    0.8432    0.6911    0.7974    0.3696   0.06346   0.04314         0
    64/299     4.75G   0.02432   0.01886         0   0.04319       117      1024    0.7946    0.6945    0.7761    0.2671   0.06471     0.043         0
    65/299     4.75G   0.02336   0.01578         0   0.03914        80      1024    0.8436    0.6983    0.8039    0.3932   0.06302   0.04514         0
    66/299     4.75G   0.02361   0.01939         0   0.04301        87      1024    0.8412    0.7179    0.8206    0.3585   0.06214   0.04462         0
    67/299     4.75G   0.02543   0.01891         0   0.04433        63      1024    0.8697    0.7424    0.8447    0.4224   0.06242   0.04044         0
    68/299     4.75G   0.02193   0.01811         0   0.04004        69      1024    0.8505    0.7434    0.8327    0.4071   0.06244   0.04252         0
    69/299     4.75G   0.02579   0.01724         0   0.04303        29      1024    0.8441    0.7277     0.823    0.4134   0.06297   0.04208         0
    70/299     4.75G   0.02184   0.01783         0   0.03967        29      1024    0.8712    0.7265    0.8357    0.3945   0.06282    0.0429         0
    71/299     4.75G   0.02328   0.01774         0   0.04102       132      1024    0.8599    0.7497    0.8442    0.3825   0.06516   0.03912         0
    72/299     4.75G   0.02678   0.01727         0   0.04405        79      1024    0.8816    0.7375    0.8382    0.3872   0.06566   0.03946         0
    73/299     4.75G   0.02413   0.01743         0   0.04156        58      1024    0.8605    0.7305     0.827    0.4338   0.06623   0.04123         0
    74/299     4.75G   0.02583   0.01787         0   0.04369       165      1024    0.8449    0.7534    0.8391    0.4347   0.06745    0.0379         0
    75/299     4.75G   0.02338   0.01827         0   0.04165        43      1024    0.8592    0.7225     0.837    0.4392   0.06797   0.03858         0
    76/299     4.75G   0.02757   0.01738         0   0.04495        54      1024     0.853    0.7814    0.8655    0.4535   0.06838   0.03818         0
    77/299     4.75G     0.023    0.0189         0   0.04191       131      1024    0.8463    0.7778    0.8604    0.4464   0.06884   0.03482         0
    78/299     4.75G   0.02799   0.01815         0   0.04614        25      1024    0.8805    0.7468    0.8569    0.4176   0.06949   0.03397         0
    79/299     4.75G   0.02358   0.01989         0   0.04347        88      1024    0.8221    0.8205    0.8693    0.4527   0.06892    0.0349         0
    80/299     4.75G   0.03448   0.01716         0   0.05165        50      1024    0.8863    0.7118    0.8521    0.4268   0.07051   0.03922         0
    81/299     4.75G   0.02648   0.01788         0   0.04436        35      1024    0.8384    0.8217    0.8766    0.4561   0.06909   0.03542         0
    82/299     4.75G   0.02766   0.01872         0   0.04638        44      1024    0.8284    0.8156    0.8726    0.4781   0.06902   0.03513         0
    83/299     4.75G   0.02441   0.01738         0    0.0418        44      1024    0.8698    0.7863    0.8643    0.2958   0.07236   0.03231         0
    84/299     4.75G   0.02874   0.01743         0   0.04617       140      1024    0.8442    0.8007    0.8706    0.4457   0.06974   0.03645         0
    85/299     4.75G   0.03026   0.01812         0   0.04838        87      1024    0.8404    0.8059    0.8687    0.4726   0.06933   0.03511         0
    86/299     4.75G   0.02075   0.01728         0   0.03804        89      1024    0.8251    0.8205    0.8746    0.4888   0.06918   0.03416         0
    87/299     4.75G   0.03123   0.01886         0   0.05009        26      1024    0.8228     0.828    0.8744     0.488   0.06926   0.03339         0
    88/299     4.75G    0.0251   0.01721         0   0.04231       107      1024    0.8318    0.8425    0.8818    0.4431   0.07033   0.03317         0
    89/299     4.75G   0.02946   0.01572         0   0.04519        41      1024    0.8253    0.8327    0.8605    0.3329   0.07207   0.03171         0
    90/299     4.75G   0.02727   0.01706         0   0.04433        77      1024    0.8497     0.812    0.8786    0.4332   0.07072   0.03628         0
    91/299     4.75G   0.02808   0.01839         0   0.04648        42      1024    0.8381    0.7473    0.7825    0.2955   0.07287   0.03111         0
    92/299     4.75G    0.0406   0.01963         0   0.06024        61      1024    0.8385    0.8302    0.8728    0.4547   0.07031   0.03414         0
    93/299     4.75G   0.03621   0.01889         0   0.05509        58      1024    0.8733    0.7824    0.8721     0.483   0.06964   0.03401         0
    94/299     4.75G   0.02625   0.01798         0   0.04423       101      1024    0.8602    0.7887    0.8751    0.5016   0.06926   0.03394         0
    95/299     4.75G   0.02392   0.01662         0   0.04053        29      1024    0.8663    0.7909    0.8809    0.4921   0.06956   0.03321         0
    96/299     4.75G   0.02876   0.01661         0   0.04537       103      1024    0.8811    0.7985    0.8863    0.4787   0.07017   0.03301         0
    97/299     4.75G   0.03006    0.0178         0   0.04786        50      1024    0.9016    0.7835    0.8907    0.5098   0.06947   0.03273         0
    98/299     4.75G   0.03041   0.01682         0   0.04723        69      1024    0.8917    0.8059     0.894    0.5061   0.06958   0.03172         0
    99/299     4.75G   0.02808   0.01633         0   0.04441        94      1024    0.8972    0.7993     0.891    0.4997   0.06931   0.03232         0
   100/299     4.75G   0.03454   0.01831         0   0.05285       112      1024    0.8589    0.8546    0.8953    0.4934    0.0696   0.03215         0
   101/299     4.75G   0.02386   0.01729         0   0.04115       132      1024    0.8493    0.8632    0.8982    0.5011   0.06956   0.03292         0
   102/299     4.75G   0.02371   0.01866         0   0.04237       127      1024     0.873    0.8425    0.9021    0.5084   0.06934   0.03145         0
   103/299     4.75G   0.02754   0.01752         0   0.04507        37      1024    0.8965    0.8266    0.8986    0.4922   0.06949   0.03095         0
   104/299     4.75G   0.03059   0.01701         0    0.0476        66      1024    0.8601    0.8584    0.9035    0.4758   0.06986   0.03192         0
   105/299     4.75G   0.02815   0.01637         0   0.04452        37      1024    0.8725    0.8522    0.9044    0.5108   0.06919    0.0313         0
   106/299     4.75G   0.02739   0.01769         0   0.04508        64      1024    0.8758    0.8559    0.9061    0.5155   0.06919   0.03196         0
   107/299     4.75G   0.02627    0.0175         0   0.04377        48      1024    0.8894    0.8388    0.9022    0.4584   0.06988   0.03048         0
   108/299     4.75G   0.02415   0.01675         0    0.0409        64      1024    0.9184    0.8106    0.9015     0.446    0.0705   0.03202         0
   109/299     4.75G    0.0259   0.01701         0   0.04291        75      1024    0.8862    0.8388    0.8981     0.472   0.07009   0.03088         0
   110/299     4.75G   0.03121   0.01689         0    0.0481        95      1024    0.8808    0.8569    0.9024    0.5143   0.06908   0.03151         0
   111/299     4.75G   0.02429   0.01408         0   0.03837        13      1024    0.8743    0.8498     0.904    0.4699   0.06977   0.03077         0
   112/299     4.75G   0.02453   0.01619         0   0.04072       110      1024    0.8546    0.8755    0.9087     0.501   0.06933   0.03111         0
   113/299     4.75G   0.02503   0.01766         0   0.04269       114      1024    0.8626    0.8736    0.9103    0.5242    0.0689   0.03041         0
   114/299     4.75G   0.02594   0.01681         0   0.04275       115      1024    0.8602    0.8714    0.9078    0.5372   0.06866   0.03054         0
   115/299     4.75G   0.02066   0.01676         0   0.03742        45      1024    0.8779    0.8605    0.9052    0.4244   0.07044   0.02951         0
   116/299     4.75G    0.0247   0.01777         0   0.04248        96      1024    0.8962    0.8436    0.9061    0.5077   0.06969   0.03052         0
   117/299     4.75G    0.0283   0.01683         0   0.04513        42      1024    0.8833    0.8593    0.9073    0.5126   0.06935   0.02984         0
   118/299     4.75G    0.0246   0.01653         0   0.04114        62      1024    0.8831    0.8581    0.9137     0.535    0.0686   0.03022         0
   119/299     4.75G   0.02695   0.01629         0   0.04324       221      1024    0.8783    0.8637    0.9112    0.5072   0.06913   0.03007         0
   120/299     4.75G   0.02878   0.01742         0    0.0462        27      1024    0.8835     0.862    0.9126    0.5187   0.06904   0.02997         0
   121/299     4.75G   0.02037   0.01754         0   0.03791        51      1024    0.8736    0.8657    0.9123    0.5001   0.06932   0.02971         0
   122/299     4.75G   0.02448   0.01509         0   0.03956        71      1024    0.9224    0.8275    0.9135    0.5346   0.06855   0.03044         0
   123/299     4.75G    0.0272   0.01553         0   0.04272        17      1024    0.9014    0.8485    0.9137    0.5073   0.06911   0.02988         0
   124/299     4.75G   0.03029   0.01596         0   0.04625        56      1024    0.9141    0.8314    0.9106    0.5152   0.06904   0.03143         0
   125/299     4.75G   0.03129   0.01708         0   0.04836        92      1024    0.9116    0.8449    0.9196    0.5429   0.06856   0.03019         0
   126/299     4.75G   0.02458   0.01664         0   0.04122       121      1024    0.9054    0.8584    0.9239    0.5532   0.06834   0.03016         0
   127/299     4.75G   0.02896   0.01531         0   0.04427        83      1024    0.8988    0.8694     0.921    0.5385   0.06845    0.0297         0
   128/299     4.75G   0.02627   0.01708         0   0.04335       137      1024    0.8983    0.8694    0.9191    0.5174    0.0687   0.02965         0
   129/299     4.75G    0.0277   0.01679         0    0.0445        80      1024      0.91    0.8559     0.924    0.5379   0.06836   0.03003         0
   130/299     4.75G   0.02353   0.01784         0   0.04137       116      1024    0.9067    0.8584    0.9216    0.5341   0.06827   0.02972         0
   131/299     4.75G   0.03229   0.01732         0   0.04961        35      1024    0.8801    0.8791    0.9199    0.5583   0.06799   0.03043         0
   132/299     4.75G   0.02452   0.01511         0   0.03964        64      1024    0.9136    0.8584    0.9248    0.5609    0.0679   0.03045         0
   133/299     4.75G   0.02664   0.01631         0   0.04296        27      1024    0.9089    0.8669    0.9279    0.5698   0.06775   0.03025         0
   134/299     4.75G   0.02441   0.01649         0    0.0409       110      1024    0.9066    0.8657    0.9246    0.5452   0.06796   0.02991         0
   135/299     4.75G   0.02123   0.01554         0   0.03676        27      1024    0.9111     0.863    0.9247    0.5432   0.06816   0.03029         0
   136/299     4.75G   0.03194   0.01704         0   0.04898        93      1024    0.9293    0.8388    0.9219    0.5298   0.06831   0.03018         0
   137/299     4.75G   0.02757   0.01827         0   0.04584        87      1024    0.9192     0.851    0.9241    0.5543   0.06776   0.03032         0
   138/299     4.75G   0.02689   0.01674         0   0.04363        42      1024    0.8917    0.8742    0.9284    0.5561    0.0677   0.03046         0
   139/299     4.75G   0.03029   0.01681         0    0.0471       257      1024    0.9058    0.8692    0.9252    0.5256   0.06785   0.03009         0
   140/299     4.75G   0.02719   0.01776         0   0.04495        30      1024    0.9163    0.8559    0.9264    0.5287   0.06795    0.0303         0
   141/299     4.75G   0.02397   0.01802         0     0.042       167      1024    0.9043    0.8764    0.9325    0.5636   0.06724   0.03063         0
   142/299     4.75G   0.02768   0.01755         0   0.04522        63      1024    0.9143    0.8593    0.9298    0.5554   0.06729    0.0308         0
   143/299     4.75G   0.02832   0.01832         0   0.04665        54      1024     0.916    0.8425    0.9153    0.5385   0.06706     0.031         0
   144/299     4.75G   0.03071   0.01802         0   0.04873        72      1024     0.917    0.8494    0.9186     0.531   0.06727   0.03078         0
   145/299     4.75G   0.02925   0.01851         0   0.04776       107      1024    0.8929    0.8767    0.9199    0.5377   0.06738   0.03065         0
   146/299     4.75G   0.02595   0.01842         0   0.04437       126      1024     0.906    0.8742    0.9263    0.5537    0.0674   0.03068         0
   147/299     4.75G   0.02325   0.01645         0    0.0397        63      1024    0.8954    0.8887    0.9253    0.5453   0.06753    0.0302         0
   148/299     4.75G    0.0214   0.01662         0   0.03802        54      1024    0.8905     0.884    0.9242    0.5211   0.06768   0.02999         0
   149/299     4.75G   0.02278    0.0164         0   0.03918        64      1024    0.8948    0.8852    0.9289    0.5586    0.0671   0.03028         0
   150/299     4.75G   0.02493   0.01717         0   0.04211        80      1024    0.9199    0.8693    0.9296    0.5615   0.06685   0.03028         0
   151/299     4.75G     0.029   0.01633         0   0.04533        23      1024    0.9259    0.8706    0.9328    0.5597   0.06665   0.02997         0
   152/299     4.75G   0.02113   0.01715         0   0.03828       152      1024    0.9158    0.8765    0.9344    0.5799   0.06641   0.03094         0
   153/299     4.75G   0.02575   0.01661         0   0.04236       126      1024     0.924    0.8753     0.933    0.5688   0.06652   0.03066         0
   154/299     4.75G   0.02421   0.01601         0   0.04022        40      1024     0.914    0.8825    0.9345     0.569   0.06644   0.03047         0
   155/299     4.75G    0.0225   0.01826         0   0.04076        48      1024    0.9215    0.8742    0.9324    0.5394   0.06685   0.02995         0
   156/299     4.75G   0.03304   0.01808         0   0.05112        32      1024    0.9267    0.8681    0.9303     0.525   0.06706   0.03038         0
   157/299     4.75G   0.02755   0.01757         0   0.04512       105      1024    0.9136    0.8779    0.9341    0.5566   0.06659   0.03033         0
   158/299     4.75G   0.02738   0.01787         0   0.04525       133      1024    0.9259    0.8692     0.935     0.571   0.06639   0.03015         0
   159/299     4.75G   0.02745   0.01751         0   0.04496        59      1024    0.9254    0.8789     0.937    0.5804   0.06619   0.03019         0
   160/299     4.75G   0.02595   0.01763         0   0.04358       103      1024    0.9381    0.8696    0.9398    0.5764    0.0662   0.03129         0
   161/299     4.75G   0.02858   0.01806         0   0.04665        97      1024    0.9334    0.8727    0.9392    0.5774    0.0664   0.03073         0
   162/299     4.75G   0.02866   0.01772         0   0.04638        96      1024    0.9321    0.8711    0.9385     0.588   0.06615   0.03059         0
   163/299     4.75G    0.0254    0.0159         0   0.04131       232      1024    0.9272    0.8718    0.9354    0.5644   0.06651   0.03007         0
   164/299     4.75G    0.0268   0.01745         0   0.04425        86      1024    0.9082    0.8815    0.9353    0.5747   0.06625   0.03035         0
   165/299     4.75G   0.02298   0.01681         0    0.0398       144      1024    0.9173    0.8802    0.9371    0.5753    0.0663   0.03022         0
   166/299     4.75G    0.0249   0.01697         0   0.04187        74      1024    0.9191    0.8767    0.9391    0.5832   0.06607      0.03         0
   167/299     4.75G    0.0289   0.01802         0   0.04692       136      1024     0.911    0.8874    0.9384    0.5834   0.06589    0.0297         0
   168/299     4.75G   0.02516    0.0184         0   0.04356       127      1024    0.9067    0.8926    0.9407    0.5869   0.06586   0.02985         0
   169/299     4.75G   0.02738   0.01687         0   0.04425       110      1024     0.913    0.8971    0.9444     0.591   0.06568   0.02993         0
   170/299     4.75G   0.02118   0.01651         0   0.03769        67      1024    0.9214    0.8889    0.9446    0.5941   0.06556   0.02961         0
   171/299     4.75G   0.02581   0.01743         0   0.04324        37      1024    0.9223     0.884    0.9424    0.5779    0.0658   0.02915         0
   172/299     4.75G   0.02837   0.01768         0   0.04605        90      1024    0.9254    0.8694    0.9389    0.5636   0.06618   0.02899         0
   173/299     4.75G   0.01941   0.01683         0   0.03623       108      1024    0.9143    0.8864    0.9398    0.5796   0.06596   0.02935         0
   174/299     4.76G   0.02226   0.01752         0   0.03978       117      1024    0.9361    0.8765    0.9443    0.5943    0.0656   0.02948         0
   175/299     4.76G   0.02318    0.0186         0   0.04179       112      1024     0.925    0.8755    0.9376    0.5624   0.06582   0.02895         0
   176/299     4.76G   0.02258   0.01953         0   0.04211        27      1024    0.9159    0.8778    0.9313    0.5494   0.06596   0.02924         0
   177/299     4.76G    0.0237   0.01846         0   0.04216        95      1024    0.9143    0.8861    0.9357    0.5732   0.06561   0.02944         0
   178/299     4.76G   0.02504   0.01721         0   0.04225       269      1024    0.9153    0.8889    0.9368    0.5914   0.06538   0.02916         0
   179/299     4.76G   0.02404   0.01698         0   0.04102        39      1024    0.9079    0.8926    0.9358    0.5649    0.0658   0.02893         0
   180/299     4.76G    0.0221   0.01697         0   0.03907        62      1024    0.8984    0.8961    0.9377    0.5845   0.06538   0.02974         0
   181/299     4.76G   0.02777   0.01754         0   0.04531       122      1024    0.8958    0.9048    0.9419    0.6054   0.06495   0.02949         0
   182/299     4.76G   0.02748    0.0173         0   0.04478        83      1024    0.9006    0.8999    0.9409    0.5997   0.06507   0.02967         0
   183/299     4.76G   0.03163   0.01622         0   0.04785        85      1024    0.8907    0.9058    0.9387    0.5779   0.06545   0.02915         0
   184/299     4.76G    0.0284   0.01903         0   0.04743        98      1024     0.886    0.9106    0.9425    0.5646   0.06568   0.02918         0
   185/299     4.76G   0.02644   0.01757         0   0.04401       141      1024    0.8888    0.9096    0.9431    0.5993   0.06508   0.02957         0
   186/299     4.76G   0.02718   0.01584         0   0.04302        71      1024    0.8909    0.8987    0.9364    0.5924   0.06497    0.0293         0
   187/299     4.76G   0.02181   0.01816         0   0.03997        87      1024    0.8812    0.9059    0.9364    0.5844   0.06505   0.02932         0
   188/299     4.76G   0.02655   0.01747         0   0.04402        65      1024    0.9098    0.8767    0.9362    0.5831   0.06497   0.02888         0
   189/299     4.76G   0.02695    0.0176         0   0.04455       159      1024    0.8978     0.901    0.9431    0.6079   0.06462   0.02911         0
   190/299     4.76G   0.01822   0.01609         0   0.03431        82      1024    0.9268    0.8718    0.9433    0.6022   0.06477     0.029         0
   191/299     4.76G   0.02137   0.01656         0   0.03793        26      1024    0.8962    0.8987    0.9406    0.6079   0.06458   0.02885         0
   192/299     4.76G   0.02517   0.01682         0   0.04199        14      1024     0.898    0.9035    0.9423    0.6085   0.06458    0.0293         0
   193/299     4.76G   0.03282   0.01751         0   0.05033        71      1024    0.8938    0.9044    0.9428    0.5966   0.06475    0.0291         0
   194/299     4.76G    0.0251   0.01858         0   0.04368        28      1024    0.8951    0.8999    0.9406      0.59   0.06468   0.02893         0
   195/299     4.76G   0.02092   0.01697         0   0.03789       175      1024    0.9053    0.8989    0.9464    0.5956   0.06465   0.02894         0
   196/299     4.76G   0.02017   0.01781         0   0.03798        24      1024    0.9013    0.9032    0.9465    0.6114   0.06441    0.0289         0
   197/299     4.76G   0.02664   0.01712         0   0.04376        51      1024    0.8935    0.9119    0.9479    0.6138   0.06428   0.02897         0
   198/299     4.76G   0.02534   0.01791         0   0.04325       200      1024    0.9354    0.8706    0.9477     0.612   0.06433   0.02862         0
   199/299     4.76G   0.02739   0.01756         0   0.04495        95      1024    0.9322    0.8729    0.9406    0.5829   0.06476   0.02816         0
   200/299     4.76G   0.02207    0.0168         0   0.03887        79      1024    0.9261    0.8755    0.9449    0.5863   0.06464   0.02867         0
   201/299     4.76G    0.0251   0.01905         0   0.04415        77      1024    0.9235    0.8706    0.9461    0.5958   0.06451   0.02828         0
   202/299     4.76G   0.02654   0.01675         0   0.04329        33      1024     0.905    0.8889    0.9454    0.6095   0.06425   0.02842         0
   203/299     4.76G   0.02693   0.01705         0   0.04398        85      1024    0.9013     0.892    0.9444    0.5983   0.06424    0.0283         0
   204/299     4.76G   0.02113    0.0167         0   0.03783        97      1024    0.8961    0.8974    0.9452     0.606   0.06406   0.02828         0
   205/299     4.76G   0.02672   0.01657         0   0.04329       148      1024    0.8975    0.9011    0.9449    0.6057   0.06385   0.02852         0
   206/299     4.76G   0.02391   0.01698         0   0.04089        24      1024     0.896    0.8937    0.9431    0.5851   0.06412   0.02847         0
   207/299     4.76G    0.0322   0.01716         0   0.04936        52      1024    0.9127    0.8803    0.9451    0.6032   0.06383   0.02866         0
   208/299     4.76G   0.02496   0.01697         0   0.04193        81      1024    0.9138    0.8802    0.9455    0.6017   0.06387    0.0289         0
   209/299     4.76G   0.02439   0.01832         0   0.04271       113      1024    0.8992    0.8936    0.9452    0.6047   0.06386   0.02902         0
   210/299     4.76G   0.02542   0.01757         0   0.04298       101      1024    0.9384    0.8571    0.9405    0.5832   0.06414    0.0285         0
   211/299     4.76G   0.01864   0.01605         0   0.03469        52      1024    0.9408    0.8533    0.9449    0.6006   0.06376   0.02852         0
   212/299     4.76G   0.03127   0.01836         0   0.04963       116      1024    0.9326    0.8619     0.945    0.5974   0.06356   0.02887         0
   213/299     4.76G    0.0226   0.01693         0   0.03953        78      1024    0.9331    0.8523      0.94     0.593   0.06373   0.02904         0
   214/299     4.76G   0.02676   0.01813         0   0.04489        58      1024    0.8968    0.8913    0.9429    0.5962   0.06355   0.02865         0
   215/299     4.76G   0.02626   0.01714         0    0.0434        44      1024    0.8938    0.8937    0.9441    0.5939    0.0636   0.02865         0
   216/299     4.76G   0.02166   0.01782         0   0.03947        64      1024    0.9002    0.8962    0.9512    0.6156   0.06335   0.02839         0
   217/299     4.76G   0.02535   0.01768         0   0.04303        35      1024    0.8942    0.9084    0.9503    0.6141   0.06327   0.02813         0
   218/299     4.76G   0.02187   0.01668         0   0.03854        57      1024    0.8704    0.9352    0.9495    0.6065   0.06337   0.02808         0
   219/299     4.76G   0.02339   0.01789         0   0.04127       156      1024    0.8716    0.9292    0.9492    0.5952    0.0635   0.02794         0
   220/299     4.76G   0.02831   0.01879         0   0.04709       116      1024    0.8917    0.8974    0.9436    0.5935   0.06341   0.02826         0
   221/299     4.76G   0.02931   0.01784         0   0.04715        28      1024    0.8891     0.901    0.9434    0.6103   0.06318   0.02833         0
   222/299     4.76G   0.02601   0.01751         0   0.04352       135      1024    0.8922    0.8999    0.9438    0.6138    0.0632   0.02831         0
   223/299     4.76G    0.0196   0.01605         0   0.03565        30      1024    0.8858    0.9095    0.9436    0.5968   0.06333   0.02813         0
   224/299     4.76G   0.02587   0.01712         0   0.04299       116      1024    0.8927    0.8942    0.9402     0.604   0.06305   0.02811         0
   225/299     4.76G   0.02065   0.01651         0   0.03716        99      1024     0.898    0.8901    0.9406    0.6077   0.06304   0.02845         0
   226/299     4.76G   0.02896   0.01826         0   0.04722       108      1024    0.9043    0.8791    0.9407    0.5979   0.06311   0.02843         0
   227/299     4.76G   0.02361   0.01754         0   0.04114        49      1024    0.9047    0.8809     0.945    0.6063     0.063   0.02841         0
   228/299     4.76G    0.0218   0.01693         0   0.03873        17      1024    0.9006    0.8852    0.9433    0.6032   0.06283   0.02829         0
   229/299     4.76G   0.02835   0.01682         0   0.04516        51      1024    0.8928    0.8962    0.9425    0.6032   0.06279    0.0283         0
   230/299     4.76G   0.02482   0.01785         0   0.04267       276      1024    0.9072     0.883    0.9415    0.5909   0.06301   0.02824         0
   231/299     4.76G    0.0241   0.01651         0   0.04061       114      1024    0.9105    0.8852    0.9405    0.5967   0.06276   0.02828         0
   232/299     4.76G   0.02313   0.01728         0    0.0404        34      1024    0.9102    0.8789    0.9339    0.5805     0.063   0.02875         0
   233/299     4.76G   0.02026   0.01821         0   0.03847        32      1024    0.9162    0.8816    0.9419    0.5928   0.06278   0.02823         0
   234/299     4.76G   0.02484   0.01847         0   0.04331        59      1024    0.9209    0.8812    0.9443    0.5897   0.06279   0.02796         0
   235/299     4.76G   0.02746   0.01895         0   0.04641       173      1024    0.9173     0.884    0.9456    0.5834   0.06282   0.02782         0
   236/299     4.76G    0.0229   0.01748         0   0.04039        38      1024    0.9357    0.8704    0.9493    0.5989   0.06265    0.0283         0
   237/299     4.76G   0.03187   0.01841         0   0.05028       121      1024     0.912    0.8861    0.9455    0.5995   0.06264    0.0282         0
   238/299     4.76G   0.02241   0.01736         0   0.03977       121      1024    0.9248    0.8705    0.9428    0.5948   0.06268   0.02765         0
   239/299     4.76G   0.02604   0.01975         0    0.0458        40      1024    0.9107     0.884    0.9437    0.5957   0.06252   0.02754         0
   240/299     4.76G   0.02442   0.01602         0   0.04044        38      1024    0.9242    0.8669    0.9443    0.6029   0.06238   0.02817         0
   241/299     4.76G   0.02547   0.01851         0   0.04399        18      1024    0.9024    0.8816    0.9458     0.606   0.06226   0.02819         0
   242/299     4.76G   0.02768   0.01878         0   0.04647       114      1024    0.8999    0.8803    0.9378    0.5952   0.06237    0.0281         0
   243/299     4.76G   0.02104   0.01795         0   0.03899       134      1024    0.9171    0.8645    0.9374    0.5877   0.06248   0.02806         0
   244/299     4.76G   0.01918   0.01836         0   0.03754       103      1024    0.8996    0.8877    0.9431    0.6078   0.06224   0.02821         0
   245/299     4.76G    0.0243   0.01754         0   0.04185       146      1024    0.8991    0.8923    0.9425    0.6018   0.06225    0.0277         0
   246/299     4.76G   0.02635   0.01777         0   0.04412       111      1024    0.8961    0.8947    0.9438    0.6062   0.06206   0.02766         0
   247/299     4.76G   0.02067    0.0169         0   0.03757        80      1024    0.8916    0.8937    0.9428    0.6021   0.06204   0.02798         0
   248/299     4.76G   0.02309   0.01747         0   0.04057        34      1024    0.8609    0.9243    0.9422    0.5991   0.06194   0.02822         0
   249/299     4.76G   0.02264   0.01911         0   0.04175        55      1024    0.8808    0.9023    0.9434    0.6003   0.06202   0.02792         0
   250/299     4.76G   0.02168   0.01656         0   0.03823        70      1024    0.8841    0.9048    0.9442    0.6015   0.06202   0.02787         0
   251/299     4.76G    0.0208   0.01692         0   0.03772        70      1024    0.9021    0.8913    0.9451    0.5976   0.06212   0.02781         0
   252/299     4.76G   0.03301   0.01842         0   0.05143        66      1024    0.9096    0.8864    0.9486    0.6152   0.06187   0.02797         0
   253/299     4.76G   0.02509   0.01646         0   0.04154       129      1024    0.8797    0.9109     0.946    0.6104   0.06194   0.02814         0
   254/299     4.76G   0.02111    0.0173         0    0.0384        38      1024    0.9134    0.8762    0.9426    0.6028   0.06206   0.02805         0
   255/299     4.76G   0.02465   0.01756         0   0.04221       130      1024    0.9136    0.8775    0.9428    0.5978   0.06204   0.02781         0
   256/299     4.76G   0.02489   0.01784         0   0.04273       115      1024     0.917    0.8766    0.9445    0.6027   0.06193   0.02788         0
   257/299     4.76G   0.02303   0.01722         0   0.04025       222      1024    0.9155    0.8779    0.9454    0.6078   0.06186   0.02809         0
   258/299     4.76G   0.02109   0.01666         0   0.03775        61      1024    0.8886    0.8974    0.9444    0.6063    0.0618   0.02814         0
   259/299     4.76G   0.02427   0.01888         0   0.04314        56      1024    0.9025    0.8814    0.9423    0.6041   0.06186   0.02787         0
   260/299     4.76G   0.02404   0.01635         0   0.04039       157      1024    0.9039    0.8839     0.944    0.6141    0.0617   0.02793         0
   261/299     4.76G   0.02314   0.01812         0   0.04126        57      1024    0.9038     0.884    0.9438    0.6038   0.06175   0.02773         0
   262/299     4.76G   0.02494    0.0173         0   0.04224        84      1024    0.9005    0.8839     0.942     0.598   0.06168   0.02771         0
   263/299     4.76G    0.0212   0.01598         0   0.03718        35      1024     0.895    0.8852    0.9416    0.5909   0.06169   0.02791         0
   264/299     4.76G   0.02852   0.01824         0   0.04676        93      1024    0.9079    0.8791    0.9425    0.5861   0.06169   0.02798         0
   265/299     4.76G   0.02342    0.0162         0   0.03962        19      1024    0.9107    0.8755    0.9406    0.5917   0.06156   0.02799         0
   266/299     4.76G    0.0245   0.01805         0   0.04254        34      1024    0.9143    0.8729    0.9422    0.5893   0.06166   0.02807         0
   267/299     4.76G   0.01909   0.01707         0   0.03616       119      1024    0.8982     0.884    0.9409    0.5908   0.06159   0.02799         0
   268/299     4.76G   0.02618   0.01746         0   0.04364       138      1024    0.9015    0.8825    0.9415    0.5915   0.06157   0.02778         0
   269/299     4.76G   0.01981   0.01799         0    0.0378        18      1024    0.9124    0.8791    0.9432    0.5983   0.06152   0.02746         0
   270/299     4.76G   0.02352   0.01801         0   0.04153        65      1024    0.9081    0.8803    0.9465    0.5998   0.06141    0.0274         0
   271/299     4.76G   0.02229   0.01785         0   0.04014        39      1024    0.9083    0.8828    0.9453     0.599   0.06142   0.02748         0
   272/299     4.76G   0.02185   0.01801         0   0.03986       170      1024    0.9085    0.8852    0.9437    0.5968   0.06148   0.02794         0
   273/299     4.76G   0.02538   0.01892         0   0.04429        51      1024    0.9051    0.8851    0.9439     0.601    0.0614     0.028         0
   274/299     4.76G   0.02043   0.01753         0   0.03795        24      1024    0.9063    0.8755    0.9437    0.5933    0.0614   0.02798         0
   275/299     4.76G   0.02276   0.01811         0   0.04087        93      1024    0.9162    0.8681    0.9436     0.593   0.06153   0.02807         0
   276/299     4.76G   0.02703   0.01738         0   0.04441        53      1024    0.8733    0.9109    0.9442    0.5953   0.06147   0.02793         0
   277/299     4.76G   0.02602   0.01745         0   0.04347        70      1024    0.8786    0.9121    0.9456    0.5967   0.06143   0.02781         0
   278/299     4.76G   0.02743   0.01868         0   0.04611        88      1024    0.8895    0.9048    0.9485    0.5992   0.06142   0.02785         0
   279/299     4.76G   0.01602   0.01769         0   0.03371        58      1024    0.8806    0.9095    0.9481    0.6047   0.06138   0.02789         0
   280/299     4.76G   0.02652   0.01797         0   0.04449        58      1024    0.9041    0.8889    0.9516    0.6075   0.06127   0.02796         0
   281/299     4.76G   0.02419   0.01886         0   0.04305       157      1024    0.8906    0.8945    0.9478    0.6084   0.06129   0.02791         0
   282/299     4.76G   0.02816   0.01907         0   0.04723       156      1024    0.8926    0.8938    0.9463    0.6158   0.06127   0.02778         0
   283/299     4.76G   0.02186    0.0173         0   0.03916       137      1024    0.8922    0.8897    0.9415    0.6053   0.06137    0.0275         0
   284/299     4.76G   0.03277   0.01882         0   0.05159        60      1024     0.889    0.8901    0.9408    0.6033   0.06137   0.02748         0
   285/299     4.76G   0.02645   0.01734         0   0.04379       203      1024     0.887    0.8926    0.9428      0.61    0.0613   0.02778         0
   286/299     4.76G   0.02625   0.01881         0   0.04506        48      1024    0.9072    0.8716    0.9429    0.6108   0.06124   0.02786         0
   287/299     4.76G   0.02868   0.01726         0   0.04594        85      1024    0.9057    0.8755    0.9441     0.612   0.06119   0.02794         0
   288/299     4.76G   0.02809   0.01825         0   0.04634        33      1024    0.9062     0.873    0.9416    0.6043   0.06119   0.02769         0
   289/299     4.76G    0.0248   0.01842         0   0.04322        80      1024    0.8973    0.8852    0.9428    0.5975   0.06116   0.02767         0
   290/299     4.76G    0.0255   0.01828         0   0.04378        54      1024     0.893    0.8864    0.9393    0.5938   0.06117   0.02799         0
   291/299     4.76G   0.02544   0.01782         0   0.04326        87      1024    0.8815    0.8999     0.942    0.5893   0.06117   0.02831         0
   292/299     4.76G   0.02873    0.0191         0   0.04783        52      1024    0.8996    0.8863    0.9417    0.5844   0.06125   0.02819         0
   293/299     4.76G   0.02586   0.01951         0   0.04537        72      1024    0.9019    0.8864    0.9415    0.5866   0.06127   0.02793         0
   294/299     4.76G   0.02166   0.01839         0   0.04005        37      1024    0.9101    0.8791    0.9422    0.5934   0.06112   0.02777         0
   295/299     4.76G   0.02194   0.01795         0   0.03989       163      1024    0.9073     0.884    0.9437    0.6048     0.061   0.02753         0
   296/299     4.76G   0.03075   0.01833         0   0.04907        87      1024     0.913     0.884    0.9451    0.6003   0.06111   0.02741         0
   297/299     4.76G   0.02118   0.01807         0   0.03924       100      1024    0.9164     0.884    0.9462    0.5975   0.06108   0.02745         0
   298/299     4.76G   0.02119   0.01773         0   0.03892       101      1024    0.9275    0.8751    0.9451    0.6065     0.061   0.02766         0
   299/299     4.76G   0.02147   0.01875         0   0.04023       138      1024    0.9165     0.884    0.9488    0.6045   0.06103   0.02773         0
