272.2000 445.5000 6.1907 6.1086 0.1777
282.5000 574.4000 11.4887 11.3824 0.1625
650.8000 358.5000 11.7769 11.6912 0.1468
733.7000 210.9000 3.7010 3.6546 0.1930
279.7000 47.1000 3.9527 3.9102 0.1630
108.2000 63.0000 4.7871 4.7398 0.1773
102.3000 95.0000 4.6955 4.6325 0.1699
205.8000 196.9000 2.8431 2.8049 0.1694
345.7000 47.1000 7.5533 5.2291 52.8384
449.3500 367.6500 12.7067 10.1938 -44.0495
607.0500 368.6500 8.8531 8.6520 -1.2790
718.6500 307.3500 7.1866 6.9545 -12.3529
739.7500 449.5000 19.2971 12.3448 -53.2363
809.3000 472.4500 6.5554 4.7360 63.3934
223.3000 678.9000 4.8047 3.8884 -30.3768
947.1500 571.4000 5.1552 2.2151 47.9626
