322.7662 417.3537 8.7029 8.5195 0.2267
478.0321 370.3226 4.0323 3.9431 0.2028
414.4000 425.1000 3.2367 3.2169 0.1998
350.2000 303.1000 4.7330 4.6291 0.1832
223.7000 321.8000 1.8208 1.7847 0.2484
133.2000 549.4000 3.5987 3.5542 0.1853
104.4000 572.0000 1.8525 1.8254 0.2867
402.9000 653.5000 3.3022 3.2526 0.2161
371.7000 570.5000 2.1419 2.1092 0.2483
967.0743 513.0841 10.9687 10.8203 0.1527
89.6359 327.4174 5.5007 5.4268 0.1572
366.4000 754.0000 6.2168 5.3645 37.0981
760.8000 357.1000 3.0886 3.0050 1.1962
925.4117 192.4706 4.7991 4.7451 0.2267
706.4530 78.2743 4.6670 4.5877 0.1392
1018.1941 292.1536 5.2366 5.1808 0.2218
1001.6172 203.0701 3.8950 3.8383 0.2169
46.9785 273.6051 11.1453 8.8888 32.0275
221.5000 168.8000 7.5893 3.7041 45.5749
318.5500 240.6500 3.1219 2.2375 48.1674
548.9500 712.8000 7.5044 5.2393 15.5705
967.3077 545.6396 7.1659 4.7168 50.8527
