385.4000 106.1000 6.9733 6.8884 0.2308
598.9000 73.0000 3.6182 3.5774 0.2097
542.2000 304.1000 3.5723 3.5311 0.1652
585.0000 337.9000 2.9262 2.9026 0.2426
617.6000 410.8000 4.3687 4.3092 0.1504
664.5000 341.6000 2.8870 2.8450 0.1751
736.5000 151.6000 3.4777 3.4535 0.1923
819.3000 302.7000 8.1614 8.0740 0.1736
878.8000 320.0000 4.4274 4.3792 0.1787
832.3000 353.4000 4.3111 4.2471 0.1546
885.7000 522.2000 5.8489 5.7776 0.2926
710.8000 570.4000 2.6421 2.6032 0.1690
967.5000 339.2000 3.7681 3.7193 0.1932
919.7000 627.8000 3.3352 3.2819 0.1707
988.9000 764.0000 9.7929 9.5010 -6.5537
715.5000 756.2000 10.4240 10.2777 0.3589
788.3000 528.3000 5.1126 5.0717 0.1897
346.5000 187.0000 6.0415 5.9788 0.3618
233.5000 538.4000 12.3219 9.7080 -23.5308
94.1500 664.3500 11.3284 4.0249 46.6649
778.4000 531.3000 15.8044 9.6295 -42.8601
1005.4500 267.4500 8.5734 7.3654 85.6826
671.9000 746.0000 2.6297 2.5800 0.2045
