473.1000 51.8000 5.9707 5.8882 0.2649
593.8000 27.8000 3.7758 3.7165 0.2121
567.4000 290.3000 3.1498 3.1113 0.1667
647.7000 346.6000 8.6146 8.5060 0.2231
758.7000 334.6000 8.2189 8.0786 0.0997
828.5000 428.7000 4.7130 4.6485 0.1380
905.3000 417.4000 2.5837 2.5528 0.2165
882.1000 426.2000 2.8638 2.8395 0.1787
302.7000 254.1000 4.5417 4.4747 0.1839
287.9000 270.0000 4.2996 4.2421 0.1878
97.5000 381.4000 2.5426 2.5103 0.2268
150.7000 490.7000 7.5804 7.4887 0.1281
37.5000 470.1000 4.5641 4.5029 0.1438
911.4000 565.3000 5.5071 5.4346 0.2792
914.3000 621.9000 2.6793 2.6468 0.1913
191.2000 147.0000 3.4152 3.3474 0.2651
223.9000 122.5000 10.3339 10.2147 0.2376
689.1000 450.7000 7.5913 7.5269 0.1863
696.4500 171.5000 6.0139 5.0234 51.5899
709.4500 325.4000 6.8584 2.3259 42.7403
771.4500 399.2500 4.6880 4.2089 -9.3692
945.8500 682.3500 11.5643 9.3353 -49.2734
739.6000 571.0000 4.9782 4.9010 0.2519
357.2000 334.1000 3.9099 3.8325 0.2938
