492.4000 214.9000 3.2494 3.2091 0.1944
551.7000 230.4000 3.3409 3.2955 0.1891
829.6000 141.1000 4.5005 4.4511 0.1954
736.1000 181.9000 2.9352 2.8921 0.1816
187.1000 332.0000 4.4257 4.3881 0.1245
159.2000 360.8000 2.5466 2.5087 0.1782
103.9000 314.5000 2.6239 2.6031 0.2011
91.2000 599.3000 3.8519 3.7986 0.1875
557.5000 659.1000 12.2202 12.0651 0.2558
680.6000 675.2000 4.6388 4.5760 0.2644
501.1000 763.0000 7.5752 7.3906 -2.2884
397.3000 495.9000 2.9637 2.9249 0.2092
708.7000 326.0000 2.6508 2.6114 0.1994
612.4500 482.1000 6.4292 4.8689 -53.5795
402.7000 650.2500 6.8162 3.8713 -51.5751
405.9000 660.8500 7.6696 4.1283 29.8867
629.1000 655.4000 13.9861 9.1465 70.1507
660.8500 715.8500 5.4385 2.3168 51.2752
988.2500 666.8000 11.5505 3.4114 51.7396
891.1000 373.8500 3.9062 3.5525 -48.4567
806.3500 192.8000 5.6343 5.5156 0.2272
76.7000 479.5000 4.4889 4.2476 -0.9031
11.4500 240.7000 5.0580 3.7467 -42.8644
