295.5000 407.6000 5.3605 5.2979 0.2091
628.8000 488.9000 5.1364 5.0998 0.2261
824.5000 549.2000 6.0981 6.0202 0.1672
832.2000 587.1000 2.7102 2.6770 0.2022
873.7000 683.2000 8.4875 8.3508 0.1157
862.5000 112.9000 4.6782 4.6092 0.1061
967.7000 60.1000 4.0531 3.9962 0.1250
924.0000 34.0000 2.9939 2.9494 0.1366
714.0000 14.3000 10.3411 10.2263 0.1795
502.7000 32.8000 2.7850 2.7420 0.2149
995.5000 695.2000 3.5621 3.4891 0.3572
832.7000 307.2000 4.0571 4.0076 0.1664
392.9000 285.7000 8.7767 8.0207 -26.8780
464.7500 143.1000 12.2197 8.9945 -63.4010
566.9000 141.2500 10.6956 10.4105 -0.5747
641.2000 277.2000 11.3734 11.0212 -12.7635
717.1000 301.0000 7.0677 4.0199 -49.9181
619.4000 318.5000 6.9170 2.4975 -45.2530
502.6500 459.8000 12.4559 9.9568 -52.7367
165.8000 400.7000 15.9506 6.8837 -46.8429
471.5000 663.8000 10.9977 9.4418 37.5659
664.1500 679.6000 4.1995 4.1461 0.1968
446.6500 402.3500 4.1620 2.4255 -60.7130
