592.6000 458.5000 11.8116 11.7612 0.2148
787.2000 368.5000 5.0313 4.9896 0.0738
641.2000 573.6000 6.2443 6.1509 0.1746
589.4000 530.2000 3.0320 2.9939 0.2334
374.7000 266.6000 3.2581 3.2200 0.2194
82.9000 37.7000 13.2887 13.1881 0.1232
849.6000 20.7000 9.0451 8.9487 0.1012
836.3000 143.5000 2.7959 2.7626 0.1581
379.7000 507.2500 12.1444 8.2413 -45.0846
279.6000 505.4000 8.8148 7.8242 -34.2250
382.5500 221.6500 7.6609 5.2089 17.2200
309.9500 214.0000 7.6541 6.5867 47.7351
921.9000 351.8500 11.9952 11.7249 -6.6373
786.4500 510.4500 6.1902 6.0675 1.7334
969.7500 626.4500 5.6228 4.2446 45.3058
985.3000 710.3500 12.0278 11.8346 0.4421
964.0000 714.5000 2.7733 2.7362 0.1100
452.9000 511.9000 2.6700 2.6274 0.1439
495.7000 253.9000 2.2056 2.1862 0.1089
