597.5000 231.1000 8.0231 7.9305 0.2009
396.4000 363.7000 7.4877 7.4358 0.1808
487.6127 33.6936 9.3643 9.2487 0.2023
448.1519 66.1691 3.5473 3.4878 0.1733
403.0000 43.1000 2.2757 2.2302 0.1703
206.4000 696.9000 4.2409 4.1821 0.1927
56.3000 307.0000 2.8503 2.8160 0.2461
494.0000 481.9000 2.8429 2.8046 0.2468
650.0000 484.9000 2.6811 2.6386 -0.1509
816.5000 588.0000 4.8056 4.7440 0.2134
627.9000 623.8000 8.6790 8.5433 0.0918
557.1000 608.4000 11.7734 11.5639 0.1878
589.0000 744.8000 2.6788 2.6569 0.4621
346.3000 241.3000 10.5417 10.3922 0.3580
236.9500 117.3500 13.3590 8.2396 86.5051
359.3000 47.6000 10.0861 9.6374 8.1697
202.8000 21.6000 10.5017 7.6404 46.4515
954.2500 535.5500 10.4665 9.9812 -61.3759
869.5000 62.9000 3.1137 3.0680 0.1946
