381.8000 379.2000 5.6584 5.5691 0.1678
97.4000 470.0000 4.5763 4.5165 0.1503
279.0000 549.8000 3.5927 3.5589 0.2365
417.9000 655.1000 5.8445 5.7734 0.2553
157.2000 271.0000 3.6637 3.6224 0.2206
136.8000 224.8000 10.4539 10.3565 0.1830
928.5000 193.2000 6.2589 6.1667 0.1720
651.6000 289.4000 3.6172 3.5718 0.2031
373.2000 55.4000 5.1470 5.0653 0.1702
947.8000 457.2000 4.4432 4.3753 0.1714
255.7000 752.0000 2.8689 2.8267 0.3189
366.3000 714.4000 8.1147 4.6751 18.7325
175.8000 693.1000 7.8043 6.6960 -52.1238
187.2000 422.0500 10.9162 8.5901 68.2353
338.0000 458.7500 4.6122 3.4406 43.3103
539.6500 346.8500 7.2424 6.9507 -7.5044
724.4000 445.0500 9.3181 4.8113 -78.2208
585.8000 666.4000 5.2621 3.5647 54.1452
227.6500 231.8500 9.5181 8.3465 -34.2938
512.3000 137.0500 4.2203 3.8280 17.0524
538.3000 86.9500 5.8344 4.2729 -50.4078
81.6500 40.1500 6.4817 6.3827 0.1886
918.6500 133.3000 11.0925 9.7331 84.0038
871.5500 83.5500 6.3108 2.8786 -40.9320
