348.4000 131.4000 11.7122 11.5768 0.2288
254.7000 47.7000 7.2482 7.1188 0.0400
408.6000 9.9000 4.7536 4.6962 0.2064
428.8000 293.8000 4.7513 4.6941 0.1672
270.0000 340.7000 10.8810 10.6600 -0.1404
76.7000 576.0000 12.1980 12.0010 0.1099
766.4000 360.9000 10.6805 10.5615 0.1897
838.8000 497.0000 4.8130 4.7522 0.2081
751.2000 566.8000 4.8211 4.7676 0.1862
991.2000 601.3000 4.0315 3.9758 0.1704
841.4000 706.2000 4.2546 4.2132 0.1880
868.9000 453.0000 2.2150 2.1847 0.1842
74.3000 732.0000 4.4210 4.3686 0.1737
30.5000 705.8000 3.4141 3.3914 0.0315
889.2000 127.6000 2.7945 2.7628 0.2175
1004.0000 315.8000 2.7132 2.6837 0.2097
904.2500 580.7500 4.3073 4.2022 4.2884
239.9500 527.7500 9.9194 7.9836 47.9642
209.4000 657.4500 3.7621 3.6582 -2.1913
977.4000 481.2000 4.4041 3.7587 84.3394
865.5000 191.5500 11.4965 8.8962 36.4428
911.7000 242.4000 4.8922 3.9005 -43.6704
