536.2000 292.1000 4.4452 4.3879 0.1816
572.1000 126.0000 3.0772 3.0430 0.2368
481.1000 209.6000 3.1484 3.1252 0.3151
387.1000 257.2000 3.0586 3.0303 0.1761
256.1000 224.0000 4.4317 4.3603 0.2289
139.3000 606.4000 4.3530 4.3108 0.1864
145.6000 640.3000 11.8876 11.8288 -0.0298
495.4000 509.0000 2.7936 2.7512 0.2098
443.9000 389.0000 3.2680 3.2277 0.2264
783.6000 117.2000 4.0801 4.0348 0.2032
715.4000 193.3000 2.6242 2.5739 -0.0474
771.5000 536.9000 2.5874 2.5455 0.1066
610.4000 677.5000 2.8290 2.7950 0.2084
780.2000 582.0000 6.9665 4.6176 38.7168
520.3000 462.4000 17.0518 14.0355 22.7361
742.9500 400.1000 12.7609 6.0479 44.3527
688.3500 427.9500 3.6358 2.6981 45.4454
103.9000 510.0000 7.0636 6.0142 -55.1028
151.8000 261.2500 5.2136 5.0264 -1.8380
179.0000 224.8500 4.8186 4.5148 52.0096
325.2000 76.7000 7.3465 4.7640 -46.7147
991.4000 649.6000 10.7238 6.2699 42.7765
203.9000 706.2500 7.5322 3.5028 43.5888
