414.7000 249.6000 5.7452 5.6773 0.1581
372.3000 162.9000 5.2345 5.1792 0.1965
118.9000 353.9000 7.8582 7.7458 0.2157
240.3000 581.1000 11.8708 11.6982 0.5349
69.2000 605.3000 3.3068 3.2624 0.2047
159.9000 595.6000 2.5206 2.4832 0.1630
837.6000 38.2000 3.5362 3.4889 0.1615
745.1000 197.6000 2.7266 2.6853 0.2047
603.5000 355.7000 2.3525 2.3215 0.2234
927.0000 590.0000 2.8103 2.7749 0.2108
659.6708 220.5741 2.7315 2.6871 0.2322
247.9000 401.8500 5.4481 5.3236 0.6967
30.1500 601.7500 8.7315 4.6831 -46.5265
379.6000 634.2500 4.9307 3.1567 -51.7635
322.6500 240.1500 4.1047 2.0859 -60.8336
426.8000 189.9000 3.6141 3.0702 39.9727
872.9500 221.4000 5.9581 5.8762 1.8721
74.4500 72.1500 10.7299 7.0864 -10.1932
148.8000 81.6000 2.5681 2.5408 0.1689
563.6000 60.4000 2.5054 2.3546 0.4391
