419.9730 124.5405 11.9357 11.6065 -2.1293
352.4054 209.1351 10.0414 9.9047 0.1976
366.7297 290.2162 11.1282 10.9867 -0.1899
469.9730 319.1351 4.8348 4.7710 0.1478
975.1000 236.5000 8.6554 8.6017 0.2092
530.2000 126.6000 8.6450 8.5716 0.3338
629.0000 395.5000 5.2433 5.1715 0.1994
935.6857 536.5966 9.3521 9.2305 0.2541
891.6112 611.0306 7.4175 7.2984 0.2319
774.3009 604.3729 4.9319 4.8794 0.2320
612.9000 578.9000 5.3181 5.2666 0.1737
222.4000 628.9000 10.5743 10.2805 -1.4909
242.8000 616.3000 9.1119 9.0058 0.4263
256.6000 668.0000 4.7315 4.6695 0.1814
44.3000 539.0000 6.9897 6.9079 0.2040
32.8000 573.6000 4.4693 4.4284 0.1550
82.2364 588.3115 7.8067 4.5723 -44.2467
102.8206 517.5883 6.1096 3.6872 81.2602
197.1878 592.2754 9.3631 5.1408 -40.2373
284.7000 484.1000 6.3573 4.9135 62.3582
315.6500 500.5000 5.8599 3.5898 -86.8873
557.8000 204.3500 4.3664 4.3353 -0.8818
584.2000 333.5000 7.4488 5.1452 39.4995
207.1500 36.5000 9.5907 4.9422 -3.3796
