743.0000 380.7000 9.6573 9.5712 0.0850
671.2000 332.3000 4.6255 4.5796 0.1788
300.3000 356.7000 3.5075 3.4688 0.2516
578.8000 163.2000 3.3289 3.2856 0.2200
683.2000 197.2000 3.2625 3.2475 0.1825
703.6000 511.3000 3.1280 3.0840 0.1121
764.3000 536.5000 4.7890 4.7353 0.1605
606.6000 597.3000 4.3720 4.3271 0.2112
32.5000 587.9000 2.7337 2.7034 0.2908
597.9000 743.5000 3.9702 3.9225 0.2237
906.2000 449.1000 2.8133 2.7748 0.1479
939.5000 634.5000 3.1410 3.0918 0.1609
291.5000 469.3000 2.6846 2.6521 0.1336
1017.2000 53.3000 6.8075 6.6869 0.4502
558.1000 442.5500 5.5704 3.0677 48.9678
456.5000 473.7500 4.1421 3.2104 27.0055
358.9500 493.4500 6.5937 3.8876 -50.9236
748.7500 479.1500 9.6101 5.3662 62.0935
406.0500 74.1500 9.5834 6.2757 -32.5247
610.0500 116.8000 7.4446 6.5930 31.2969
563.3000 4.9500 4.7243 4.6539 0.4197
