607.5000 253.7000 5.4597 5.3816 0.1705
493.8000 99.9000 3.9929 3.9444 0.1911
611.6000 187.6000 3.0839 3.0440 0.1798
606.9000 194.0000 2.9249 2.8990 0.1044
590.5000 264.0000 3.4709 3.4284 0.2684
532.9000 448.7000 4.7897 4.6729 0.1823
552.5000 513.5000 4.3103 4.2558 0.1257
575.6000 524.6000 2.3706 2.3462 0.1968
276.7000 711.3000 5.0560 5.0052 0.2319
104.2000 625.0000 2.9787 3.0130 -0.2533
103.2000 693.1000 3.7035 3.6573 0.2478
974.8988 566.8947 7.5846 7.4789 0.2106
232.2000 173.2000 3.0684 3.0532 0.1760
75.7000 58.9000 4.3846 4.3271 0.1250
31.7000 33.1000 3.1419 3.1092 0.2501
896.6000 242.3000 2.8031 2.7681 0.1958
885.4000 314.7000 3.1434 3.1013 0.4295
842.6000 32.8000 4.2842 4.2425 0.1653
254.5000 124.4000 11.8880 11.7229 -0.3884
544.3500 311.6000 8.5328 4.8335 -55.5192
628.3500 353.4000 11.4837 10.1911 26.1151
611.1500 341.6500 4.0576 2.9754 39.4101
245.4000 300.9500 8.4982 5.0273 46.4043
196.6500 663.4000 10.3817 4.9198 47.2329
960.7000 466.6000 8.8329 7.1903 79.5442
548.4000 704.5000 7.5342 6.5720 24.4652
980.8000 715.0000 6.6391 6.5646 0.3454
