279.5000 267.9000 8.7633 8.6859 0.2252
278.5000 114.0000 5.5161 5.4413 0.1672
709.7000 583.2000 4.7613 4.7016 0.2218
969.0634 577.7531 11.9800 11.8488 0.1905
712.6000 687.2000 10.3867 10.2857 0.1718
457.5000 542.0000 4.4111 4.3490 0.1386
579.8000 520.6000 3.4313 3.3940 0.3279
191.6000 617.8000 4.9546 3.1645 -31.8177
117.3000 474.1000 3.3672 3.3179 0.2502
715.5000 56.8000 3.6415 3.5859 0.2298
407.9000 67.9000 2.9730 2.9382 0.4775
501.1000 705.5000 2.3346 2.2989 0.1802
264.8500 365.3000 10.4413 7.9101 60.3495
214.4000 199.4000 7.0079 4.1437 56.9851
966.8000 733.8000 4.2798 4.2104 0.1382
472.7000 328.3000 3.3731 3.2142 -0.7391
494.1000 328.4000 3.2079 2.6010 69.5678
373.4000 24.2500 4.4289 3.2279 -36.8262
252.9000 552.5000 2.5309 2.4819 0.2641
