264.5517 299.4483 10.9092 10.7905 0.0921
213.2414 292.2758 9.0507 8.9464 0.1739
359.8000 623.9000 4.3011 4.2470 0.1637
128.5000 548.2000 4.9217 4.8631 0.1483
716.5000 479.1000 10.1564 10.0180 0.1990
982.8000 81.9000 10.1114 9.9517 0.1995
709.6000 281.9000 5.4896 5.4392 0.3074
501.5000 266.4000 3.4531 3.4146 0.1706
109.3000 132.2000 4.6993 4.6445 0.1618
205.4000 109.7000 3.4317 3.3733 0.0600
1.3939 34.4662 5.5636 5.5217 42.6621
226.1026 5.3287 3.4244 3.3892 0.1961
89.7389 84.8158 3.1648 3.1270 0.2046
1015.2000 547.8000 7.1806 7.0889 0.2012
683.7000 520.1000 4.1424 4.0805 0.1629
233.9000 412.8500 9.4491 9.3790 0.1706
242.1500 431.7000 7.1534 5.2708 -46.9249
312.0000 611.9500 10.0417 5.5111 44.4644
458.6000 709.4500 7.2791 6.2725 -58.6156
565.9500 507.9500 6.7814 5.1688 -39.4627
573.1000 483.1500 5.4784 2.1828 62.8005
636.9500 159.0000 11.2696 6.7994 -45.8033
936.2000 417.4000 6.6481 5.4484 75.9359
676.8000 32.9000 9.5220 6.0707 74.8106
