559.7000 231.1000 7.7107 7.6174 0.1953
502.3000 89.7000 7.5199 7.4304 0.2100
784.9000 289.4000 3.8488 3.7967 0.1375
74.9000 565.5000 7.4200 7.3253 0.2174
369.2000 426.8000 4.5085 4.4393 0.2035
337.9000 426.8000 4.1253 4.0727 0.3159
225.6000 482.0000 2.7685 2.7366 0.1733
447.3000 585.8000 3.3307 3.2968 0.0925
619.9000 604.7000 2.1339 2.1118 0.2251
371.8000 727.7000 5.2963 5.2328 0.1648
644.9000 654.1000 3.7536 3.6926 0.1132
194.9000 670.3000 2.4113 2.2274 -10.2663
166.8000 457.8000 2.2096 2.1890 0.1804
1008.4000 617.2000 4.9471 4.8681 0.1395
55.7000 153.6000 2.0809 2.0524 0.2168
434.6000 157.6500 16.3772 11.9112 45.7099
60.5000 464.9500 9.4046 7.7309 76.3584
133.8000 632.5000 9.5586 6.3727 42.5370
597.2500 625.0500 6.4047 5.5009 31.8478
679.7000 634.4000 9.7715 4.6760 42.4352
720.0500 452.6500 3.8629 3.4605 -5.0776
924.6500 636.9000 5.2475 3.6660 -65.4184
956.6000 208.2500 10.6723 5.4771 -38.2456
898.8500 178.4000 8.1065 7.9680 1.0176
80.8000 713.1000 6.5884 5.5783 1.1912
537.4000 759.4000 6.3617 4.3349 -50.7848
871.2000 757.4000 6.2945 3.0989 -43.8777
661.6500 43.2500 5.0489 2.8957 47.3016
682.0000 2.4000 5.3895 3.8887 1.4995
