102.8000 275.9000 9.9826 9.8132 -0.3556
802.5000 178.2000 8.4068 8.3129 0.3718
933.6000 92.9000 7.2887 7.2052 0.1877
663.5000 43.0000 4.8562 4.8333 0.4832
702.7000 18.3000 4.2379 4.1962 0.1646
524.6000 39.7000 4.6494 4.6141 0.2260
497.3000 367.8000 4.9246 4.8618 0.1585
177.8000 95.2000 3.7184 3.6777 0.1751
864.7000 515.0000 4.8790 4.8221 0.1508
904.9000 629.6000 3.3629 3.3121 0.1639
340.2000 436.8000 8.3365 8.0124 1.7120
441.2000 481.9000 3.7923 3.7455 0.1472
197.0000 468.2000 3.5113 3.4679 0.1413
129.8000 585.1000 6.9181 6.8450 0.2220
349.4000 640.8000 12.3552 12.2224 0.2014
941.1500 645.6000 6.2030 5.1719 -30.9753
501.2000 573.2500 11.0851 8.2026 -0.4041
322.5000 312.3000 14.2122 9.8127 -55.8967
465.3000 422.0500 3.8126 3.6754 2.2322
440.5500 378.1500 8.0744 4.1278 45.3846
990.1000 136.4000 9.3997 7.3695 16.5612
