473.5000 379.1000 5.7813 5.7126 0.2171
300.5000 347.3000 4.5017 4.4568 0.2648
640.4000 176.8000 5.4139 5.3625 0.2081
452.6000 525.4000 4.4971 4.4420 0.7239
547.2000 575.9000 3.9686 3.9089 -0.1380
666.7000 664.3000 3.2505 3.2120 0.1535
592.1000 695.3000 3.8421 3.7775 0.2644
232.4000 443.8000 2.7184 2.6866 0.2374
290.6000 402.8000 1.8359 1.7606 -0.0460
932.2000 61.0000 2.8527 2.8175 0.2217
1012.6000 80.6000 4.2894 4.2302 0.2619
1022.2000 98.2000 2.3637 2.2872 4.5179
471.6000 719.3000 5.9076 5.8330 0.1560
71.2000 35.1000 2.6823 2.6465 0.2596
663.6500 321.9000 11.3691 9.0542 12.7166
561.4000 402.7500 5.9458 3.4598 30.4604
167.1000 343.4000 11.8728 5.8590 -34.4849
222.1000 291.1000 2.3948 2.3684 0.1226
367.8000 147.7500 6.4332 3.7093 -45.0289
92.4000 31.4000 12.4875 11.6056 5.3429
631.8500 34.2500 12.1169 9.0825 33.5507
306.5000 462.6500 5.6040 3.6416 14.7427
410.4000 656.3000 9.8447 4.2240 -42.4841
890.6500 415.6500 6.5071 4.9566 -16.8780
926.3000 429.9500 5.4161 2.5812 38.1292
969.8000 360.0000 10.0446 8.9094 51.1783
997.5000 409.8000 16.9414 8.5934 -49.0365
465.8500 752.4000 7.3573 2.0207 -43.5044
