300.1960 137.4165 9.8585 9.7538 0.0817
269.6837 256.1247 5.5453 5.4704 0.3200
856.6000 290.8000 9.3553 9.2446 0.2326
827.2949 424.1234 5.0061 4.9460 0.2038
700.0000 442.6000 4.6450 4.5881 0.2041
942.2000 537.4000 6.8952 6.8127 0.1985
731.5000 564.4000 9.7152 9.6264 0.1804
400.4000 567.4000 3.5724 3.5257 0.1748
92.4000 268.6000 6.9538 6.8754 0.2132
735.0000 219.0000 5.1650 5.0936 0.2103
930.9000 571.9000 4.0303 3.9781 0.1782
367.0000 318.2000 3.6410 3.5952 0.3994
280.7091 383.8373 12.6898 9.1190 -48.4559
362.5500 133.5000 10.3434 8.8454 -34.0207
457.9000 38.1500 7.2988 5.7562 -72.4905
662.2500 231.7500 3.6788 2.9844 58.1889
862.6000 191.4500 5.3380 5.2666 0.2854
936.1000 141.3500 6.9731 3.2486 -73.6898
940.3500 147.4500 5.1451 4.9432 -1.5503
498.3500 540.8500 15.0963 10.5797 -78.9573
473.7500 698.8000 7.1901 6.6117 -69.0842
1000.7009 515.8231 5.8905 3.9787 82.1747
979.1000 586.9000 8.0931 3.6899 -40.4884
