219.6000 113.9000 4.2824 4.2440 0.2089
156.3232 340.6048 3.8187 3.7659 0.2560
135.3004 547.8070 3.0992 3.0570 0.1459
455.7058 456.8430 2.8902 2.8603 0.1355
526.9929 477.7765 2.7971 2.7428 -0.0613
525.8000 570.1000 3.6760 3.6529 0.1575
199.6000 691.5000 3.3020 3.2656 0.1555
715.1000 570.3000 3.0533 3.0338 0.1567
672.1000 379.2000 3.5666 3.5382 0.1868
871.9000 272.1000 6.4179 6.3814 0.1798
883.6000 316.5000 6.4060 6.3146 0.2814
916.2000 139.9000 5.0588 5.0095 0.0546
978.1000 187.9000 3.9829 3.9242 0.2999
963.1000 14.2000 3.0978 3.0547 0.0986
980.3000 9.8000 3.6842 3.6641 0.0037
903.6914 498.0712 5.3649 5.0044 0.6264
100.8000 269.4500 11.7518 4.6689 -45.5346
192.2000 515.1500 9.3898 9.2455 0.2968
233.3000 493.9000 6.2273 4.7326 -52.0462
330.2935 467.6101 12.2449 9.7298 42.9292
317.6692 243.1794 13.7324 11.2068 33.5750
519.6954 652.9412 7.5943 5.9515 43.2952
555.0000 554.4000 4.4402 3.5321 -3.0371
572.5000 562.8500 9.7917 6.0441 4.2323
659.4000 383.5000 4.6416 2.6242 -59.2625
1015.3017 303.7198 6.6275 5.6779 -30.4041
738.9311 66.3361 5.3463 3.6980 31.2444
