711.0000 425.3000 9.8525 9.6940 0.2105
674.5000 404.5000 3.9197 3.8827 0.2256
600.2000 386.4000 3.6396 3.5902 0.2685
592.6000 517.1000 2.6238 2.5918 0.2442
556.4000 520.7000 5.5188 5.4562 0.1959
448.5000 565.2000 3.2861 3.2619 0.2022
302.3000 537.4000 5.8609 5.7805 0.1654
202.9000 302.5000 4.1787 4.1328 0.1611
244.3000 273.7000 5.1909 5.1251 0.1307
153.4000 219.6000 3.7148 3.6805 0.1397
46.4000 183.4000 11.6734 11.4810 -0.0240
277.7000 38.7000 4.9728 4.9114 0.1762
103.8000 20.3000 3.6564 3.6054 0.2165
113.0000 279.5000 2.0461 2.0195 0.1479
294.1000 677.3000 3.0511 3.0140 0.1740
857.2000 436.9000 6.0173 5.9552 0.2131
997.8000 471.4000 5.0471 4.9670 0.1896
686.1000 174.9000 11.6457 11.4912 0.0253
363.9500 228.0500 4.0631 2.6079 49.4433
171.9500 93.7000 4.4890 4.0880 15.0592
108.9000 159.3000 8.3878 5.2731 -49.6262
184.5000 587.6500 6.5231 4.1240 -49.7403
403.5000 424.6500 11.4562 7.6964 -2.4381
731.0000 559.5500 6.0158 4.1772 52.7672
668.7500 752.4500 7.9778 6.4467 -27.6752
830.7500 176.9000 11.3561 11.1030 0.4644
549.0500 32.0000 7.2217 6.9678 0.9099
982.5000 41.1500 6.6992 6.5730 0.3610
