146.0000 234.3000 10.7846 10.6725 0.2735
106.3000 104.1000 6.1545 6.0719 0.2759
417.5000 306.2000 5.2537 5.1787 0.1985
457.6000 235.1000 2.2098 2.1858 0.1635
444.5000 117.2000 3.0142 2.9710 -0.8232
641.7000 263.6000 6.8041 6.7355 0.1696
581.1000 319.1000 8.1629 8.0362 0.1673
740.2000 239.0000 4.7571 4.7071 0.1725
847.4000 72.3000 4.4302 4.3496 0.2470
930.6000 472.1000 4.5174 4.4535 0.1867
990.2000 383.3000 2.3812 2.3469 0.1072
372.2000 371.9000 9.2748 9.1804 0.1940
315.7000 271.8000 9.8844 9.6836 -2.6080
323.4500 315.1500 5.8771 5.1870 -48.2547
244.7500 86.8000 7.8805 6.9593 46.3133
336.1500 28.2000 8.8302 7.8518 12.8377
602.4500 156.9500 8.5901 5.6463 -41.3551
683.5500 125.7500 5.2692 2.6746 -47.3702
865.6000 162.2000 5.0458 3.6272 0.8669
732.6500 616.3000 9.8756 5.9117 46.0548
