387.2024 187.8461 6.5718 6.4826 0.2178
395.7000 374.2000 6.9852 6.9067 0.2144
550.9000 368.0000 8.3068 8.2686 0.1777
828.6000 477.6000 5.8350 4.5377 48.2788
77.5000 238.5000 8.9442 8.8562 -0.0628
127.4000 234.5000 2.5839 2.5482 0.1910
418.6000 14.1000 9.3979 9.2980 0.3417
38.5000 538.5000 9.2940 9.1383 0.2005
353.9000 573.4000 5.2091 5.1381 0.1927
884.5000 280.3000 4.4383 4.3780 0.1755
212.9000 3.9000 12.6308 9.0683 0.2147
339.8000 645.2000 4.0275 3.9945 0.1997
397.1000 707.3000 8.8287 7.9114 -0.3882
954.7000 19.6500 5.3488 4.0765 37.2449
871.0500 159.7000 8.0318 6.5868 19.8263
908.1000 142.8000 18.3396 6.9997 -41.6899
560.2000 189.4000 7.3073 6.0944 35.5587
507.6000 43.6000 12.2702 7.7057 57.9859
85.3000 151.4000 11.7173 9.2831 -42.3492
204.4000 598.9000 11.5254 8.3252 45.4782
251.9000 485.2000 11.7192 10.6989 -73.8674
555.1000 347.7500 14.2052 6.2393 -43.3983
