533.0000 414.0000 5.5742 5.5211 0.2134
564.8000 479.8000 4.8027 4.7656 0.1771
366.0000 486.2000 4.7582 4.6972 0.3622
699.7000 230.0000 12.1209 11.9713 0.1794
621.7000 242.8000 6.6338 6.5537 0.1692
927.1000 434.1000 4.9706 4.9045 0.1748
972.9000 518.9000 4.6864 4.6241 0.1539
937.7000 495.9000 3.0085 2.9731 0.1973
930.2000 737.9000 2.8736 2.8513 0.2224
1010.9000 758.6000 4.3889 4.3315 0.1886
1015.8000 30.4000 4.8884 4.5540 -10.6829
731.0000 50.6000 7.2602 7.1863 0.1280
504.8500 587.9500 9.4144 8.4647 28.7763
479.1000 659.6500 3.8802 2.1181 50.9535
557.8000 281.7500 11.7473 4.3208 -43.1391
377.0500 207.8000 6.5568 4.1800 -47.8789
306.4500 113.4500 11.1592 7.5937 -36.8420
28.0500 350.1000 12.5797 10.9573 -35.3383
234.2000 349.8500 3.9290 2.6161 -53.3747
74.9500 624.5000 5.7690 3.9932 44.3588
90.8500 708.8500 12.5792 10.9091 12.8680
69.4000 712.3000 2.7126 2.6788 0.1569
630.1500 711.1500 12.0775 8.5593 35.1432
976.0500 375.1500 9.8135 8.6567 25.6499
