620.6000 262.3000 6.4750 6.3800 0.1629
873.5000 112.6000 6.4068 6.3009 0.3093
877.0000 282.1000 5.5372 5.4652 0.1700
883.5000 326.0000 3.1382 3.0941 0.2780
842.8000 389.0000 4.5363 4.4814 0.1576
845.9000 551.6000 9.8186 9.7663 0.2340
867.8000 739.9000 3.1678 3.1095 0.4220
570.8000 528.1000 2.6927 2.6584 0.1325
336.3000 31.9000 10.7597 10.6448 0.1527
195.8000 269.7000 3.5789 3.5273 0.1570
172.1000 370.9000 2.6179 2.5907 0.2060
485.2000 621.1000 3.6902 3.6360 0.2138
486.0000 710.1000 9.5118 9.3776 0.2314
446.7000 742.5000 3.7435 3.6444 0.2122
982.9000 39.3000 13.5078 13.2858 0.1800
263.3000 19.0000 4.8328 4.7595 0.0541
661.0500 477.8000 11.6718 9.7592 -62.9452
774.9000 444.8500 10.8952 4.3382 47.2921
566.9500 600.0500 10.5199 7.5081 42.3521
97.4500 647.3500 10.7654 5.9186 46.7988
200.9500 697.9500 10.4559 7.4843 40.0850
357.5500 723.7500 10.1748 9.3960 10.9788
401.6000 719.6000 2.3317 2.2770 -0.2920
