419.1429 97.2205 5.4536 5.3663 0.1690
486.5614 87.9474 5.3356 5.2548 0.2369
180.2000 132.5000 7.8761 7.7673 0.1897
625.7000 226.9000 4.4215 4.3947 0.2841
697.7000 38.6000 8.2659 8.1490 0.2256
985.0000 266.9000 6.8893 6.7893 0.1449
664.8996 714.8345 5.1718 5.1094 0.3700
704.3621 690.3649 3.8395 3.7883 0.2067
525.7000 711.1000 4.4913 4.4425 0.2016
536.6000 436.9000 2.7618 2.7344 0.1954
722.0000 303.7000 3.3908 3.3515 0.1778
855.6000 563.4000 4.4211 4.3670 0.4194
935.6000 764.9000 6.9076 6.9710 2.5204
417.1500 129.1000 7.2916 7.0635 -12.6617
503.3500 157.8500 8.2095 7.4618 -40.9181
315.3500 646.4000 7.2902 6.7926 -62.3854
800.8500 178.2000 6.1891 5.0382 63.9280
136.4937 301.0127 12.3564 4.1701 -42.8176
