117.7000 549.4000 7.0768 6.9732 0.0873
450.4000 596.2000 11.3517 11.1301 0.1633
478.7000 620.9000 4.4142 4.3730 0.2088
543.9000 133.2000 5.8300 5.7789 0.2454
314.3000 39.8000 5.6691 5.6015 0.1991
573.9000 84.0000 3.9859 3.9313 0.2326
479.2000 95.8000 3.3703 3.3312 0.2451
989.1000 333.2000 5.2123 5.1742 0.1439
892.7000 101.4000 4.4540 4.3760 0.1856
85.1000 84.4000 10.1470 10.0216 0.2663
119.3000 215.2000 3.3517 3.3254 0.3750
38.6000 419.4000 7.3047 5.6668 72.0690
109.5500 385.2000 4.6564 2.9813 -54.1797
55.3000 259.5000 3.5414 2.6474 -26.7241
267.6500 270.0000 3.9066 2.5615 -80.5486
632.2500 343.5500 14.2741 6.5671 40.7999
209.1000 708.0000 9.3319 5.1501 2.0079
559.3500 241.9000 6.4859 2.5866 46.9168
