481.8000 448.5000 8.7549 8.6782 0.2444
329.6000 271.9000 8.0984 7.9953 0.1448
434.7000 570.0000 3.6747 3.6287 0.1885
842.3000 450.7000 5.6367 5.5653 0.2305
106.7000 731.4000 5.0138 4.9345 0.1472
101.1000 763.8000 4.6047 4.5202 0.1698
146.2000 605.3000 3.1227 3.0575 0.2414
254.7000 105.9000 3.5734 3.5230 0.1482
644.1000 253.5000 2.5786 2.5514 0.1367
714.7000 463.8000 2.5621 2.5250 0.2389
438.5500 431.6500 9.8105 6.1271 20.5226
707.1500 488.6500 9.1043 8.8939 1.9929
459.8000 554.3000 4.9794 3.1794 -44.8212
345.0500 715.1500 7.4810 4.9764 62.9217
199.6500 533.7500 4.3101 4.2175 0.3126
29.8500 356.4000 7.3208 4.9147 26.2578
356.3000 207.9500 4.4186 2.3187 -48.1198
205.5500 29.2000 7.5849 4.5751 45.0140
595.5000 268.0500 5.5786 5.2439 -54.4496
799.9000 618.8000 11.4259 7.5673 -42.2831
949.8000 309.2000 3.1124 3.0507 0.5609
322.0000 208.4000 2.8032 2.7576 0.3761
278.4000 714.9000 3.8476 3.8089 0.1592
955.2000 563.2000 2.7541 2.7282 0.1768
