297.7000 49.7000 6.6007 6.4398 0.5606
193.9000 170.2000 4.5613 4.5096 0.2527
91.9000 334.8000 5.3212 5.2545 0.3269
230.9000 376.2000 4.6992 4.6442 0.1863
264.7000 396.4000 6.8650 6.7648 0.3535
279.0000 417.5000 5.1559 5.0730 0.1541
326.7000 568.3000 7.0698 6.9729 0.2596
473.5000 618.9000 9.8717 9.7712 0.2293
419.9000 685.2000 9.6724 9.5303 0.4326
375.6000 719.4000 3.3872 3.3554 0.1313
465.7000 518.0000 3.3612 3.3146 0.2126
884.9000 429.8000 6.0206 5.9379 0.1818
985.6000 538.9000 14.8694 14.5481 0.1281
213.8000 675.3000 12.4145 12.2909 0.1764
968.9000 259.1000 4.1938 4.1386 0.1670
428.1152 58.3260 4.7666 3.5633 -46.5039
372.0490 110.7770 6.1776 4.8240 72.5580
344.2000 411.8500 11.8777 6.8282 36.4794
315.1500 524.4500 6.5973 5.1219 45.2990
508.8000 715.2000 12.3043 7.5225 56.6234
983.6351 616.6852 15.2770 10.5805 -59.3955
956.1602 692.2692 5.4903 4.2604 31.7607
998.3500 347.5000 8.5696 5.1539 40.5166
329.8281 120.4004 2.5971 2.5638 0.1689
332.1537 130.9161 1.9291 1.8966 0.3468
400.6000 12.7000 2.8252 2.7891 0.3379
