310.7000 479.7000 4.8364 4.7827 0.2886
439.4000 414.3000 4.2983 4.2432 0.3131
114.2000 615.1000 5.0003 4.9567 0.1161
21.1000 678.2000 2.2840 2.2391 0.6353
778.6000 541.9000 4.2816 4.2247 0.2055
853.6000 452.0000 6.0702 5.9958 0.1728
492.0000 230.5000 3.9178 3.7606 0.5283
673.1000 72.8000 2.5277 2.4944 0.1798
717.1000 83.1000 9.9938 9.8861 0.2769
243.6000 188.1000 3.0860 3.0378 0.1635
838.6000 109.1000 2.8870 2.8581 0.1458
924.3000 133.2000 3.9153 3.8768 0.2177
990.5000 89.6000 9.4454 9.3368 0.2272
797.0000 671.2000 3.7773 3.7238 0.1692
618.7000 691.4000 3.0676 3.0415 0.2353
598.9000 734.8000 2.2679 2.2394 0.2652
295.9000 272.8000 3.0890 3.0310 0.3219
311.7000 317.7500 9.7246 7.8503 46.5647
62.7000 206.9000 10.5681 6.0860 -42.2729
845.1000 322.1000 8.4925 6.3618 -36.5299
548.5000 165.9500 4.5910 4.0941 16.0427
577.9000 143.2000 4.9974 3.2139 -46.1892
570.5000 430.6000 6.5076 3.4709 -32.9167
798.1000 741.0500 12.4153 9.8932 -31.1381
30.8500 635.0000 4.9683 3.9720 -64.1509
