454.5000 160.8000 11.6317 11.5271 0.2586
846.4000 478.9000 7.1747 7.0503 0.2231
598.7000 159.8000 9.4444 9.3491 0.1375
417.5000 378.5000 3.2501 3.2061 0.2480
115.7000 393.1000 2.5756 2.5523 -0.0933
333.1000 244.0500 7.0761 6.4013 -57.6622
588.5000 354.9500 13.6457 10.7543 -45.7120
551.2000 319.4500 5.2705 2.9028 -45.4352
816.2500 200.1500 10.7203 9.1439 -44.7217
763.7000 98.1000 7.8893 5.7781 -43.4325
258.2500 468.2500 10.0725 7.7988 -67.0080
623.5000 542.8500 10.5478 9.8596 1.2330
731.2000 538.5000 8.5999 5.8246 -50.1814
753.4500 417.1000 10.8446 5.7792 -39.6675
316.1000 326.1000 7.2230 2.6728 44.3282
335.1000 695.9000 8.9895 8.0911 11.8894
54.5000 533.2500 10.4388 10.0091 -57.2023
243.3500 754.7000 7.3897 7.3983 23.4550
846.4000 740.8000 4.2510 4.1604 0.2482
965.0000 37.0000 2.4398 2.4031 0.0933
986.1500 32.8500 12.4982 12.1908 0.3580
