271.8000 250.9000 7.2363 7.1539 0.1764
310.9000 390.8000 6.3469 6.2306 0.4500
548.9000 127.1500 5.7029 2.5617 50.6990
500.8000 283.0000 4.3737 4.3091 0.1460
393.4000 349.6000 2.7153 2.6766 0.1813
391.1000 554.3000 4.8993 4.8195 0.6890
30.2000 524.9000 6.1013 6.0185 0.2298
216.5000 345.8000 3.1747 3.1303 0.1680
958.4000 622.6000 6.4685 6.3832 0.3098
707.9000 538.1000 3.4453 3.4018 0.2092
673.7000 233.9000 3.9449 3.8966 0.2023
666.6000 308.6000 6.2088 5.4580 63.2142
505.7500 451.0000 4.1017 3.0008 -33.2434
896.5000 544.1500 9.8024 6.5333 -28.6071
114.8500 416.7000 7.0119 6.9416 0.2421
737.7000 366.8000 3.2434 3.2039 0.2297
463.0000 214.6500 2.9569 2.9457 -5.9643
14.8000 262.1000 3.0257 2.9780 0.1883
181.3000 197.4500 3.3851 3.0107 16.9482
462.2500 746.0000 4.3443 3.2176 38.6521
32.1500 704.3500 6.7138 4.3318 -7.4678
317.4500 15.3500 3.8538 3.8024 0.7412
317.3000 7.5000 3.1723 3.1301 0.1498
502.0000 28.5000 4.7654 2.2035 -38.2434
799.3500 557.6500 3.5385 3.0216 -7.8111
