226.2539 181.9599 10.3848 10.2364 0.3086
334.7172 309.3541 10.4916 10.3385 0.2082
277.2561 250.7795 4.5790 4.5252 0.1576
579.9418 292.1395 4.8542 4.7983 0.1735
312.5000 78.8000 3.0922 2.9623 1.1441
327.8000 89.4000 9.6112 9.5295 0.3781
357.5000 108.1000 4.3543 4.2955 0.1850
61.2245 89.1514 2.8399 2.8104 0.1715
339.7032 476.9499 11.1129 10.1101 14.0186
553.3333 454.1176 6.0296 5.9607 0.1551
687.2509 455.8528 5.1393 5.0755 0.2250
700.6288 487.9599 3.5871 3.5490 0.2584
865.2763 203.6496 5.8993 5.8137 0.1974
988.2938 326.3773 6.0744 5.9953 0.3165
315.2753 719.1687 8.5691 8.4634 0.1854
112.9644 237.0920 8.3698 6.9936 -59.3272
525.5531 353.9634 11.6291 11.4814 1.7845
486.6178 453.9068 3.6441 3.6428 -0.7179
501.1318 461.2969 3.8015 2.6263 -52.3815
945.8217 273.3983 10.7065 7.2473 53.6772
310.7500 653.9500 9.7168 3.8534 44.7262
632.7731 682.2142 7.4818 7.4299 0.1600
