191.3000 373.9000 8.8661 8.7430 -0.1673
777.3000 117.1000 11.8443 11.6747 0.1207
664.9000 181.4000 4.5683 4.5375 0.3800
139.8000 139.9000 4.3581 4.2975 0.2004
208.1000 29.1000 4.4278 4.3653 0.2096
357.5000 560.2000 5.4996 5.4284 0.1835
697.7000 666.0000 6.2702 6.2143 0.1910
691.4000 377.3000 3.7271 3.6874 0.1673
590.5000 76.9000 2.6702 2.6318 0.3266
884.7000 189.8000 2.4962 2.4560 0.3187
1006.4000 105.6000 6.6925 6.6070 0.2177
792.2500 443.2500 8.2550 5.9039 44.5512
494.9000 340.5500 11.4369 8.7995 -35.4680
545.8000 398.5000 5.0216 3.2562 -37.9188
446.4000 271.0500 4.7148 3.6343 -59.5745
440.9500 139.9000 4.6711 3.7210 -64.6668
653.7500 180.5500 8.9368 8.7804 0.2497
671.4500 206.2000 4.3169 3.0606 -40.6480
841.9500 150.0000 5.3725 3.4414 44.6197
240.1500 753.5000 12.9511 8.5414 -49.0453
122.4500 466.5500 7.4123 3.1872 -28.6523
53.8000 568.9000 6.3118 1.9985 48.1683
