776.9999 48.5000 37.8344 22.0524 27.7817
712.5002 633.0002 3.3737 2.3522 -3.7789
77.0000 552.0000 6.5293 3.9450 -26.3050
869.9996 435.9998 4.6630 2.7527 -37.1579
408.0005 760.4998 6.9930 5.0398 -4.6194
1008.4997 385.4999 6.7068 3.7454 -23.6569
120.9999 607.0003 5.7321 2.9799 20.3792
869.0002 363.9998 4.4530 2.3393 -19.9712
340.5005 264.9999 5.0776 3.7836 1.0812
790.5004 478.5001 5.2518 2.7580 -29.1393
806.5004 670.5001 6.4125 4.9411 3.1667
346.9998 448.4997 5.5409 3.6516 -26.5825
168.5002 612.0000 4.2859 2.7214 -47.5252
86.0000 531.4998 5.6054 3.9000 6.8275
336.0000 291.4998 5.5394 3.0188 11.5842
474.0004 109.9999 6.1381 3.9593 -26.6156
53.5000 520.4998 5.6770 4.2544 4.5350
167.0001 161.4997 6.1908 3.9009 -20.5931
81.0000 306.0004 6.8002 4.0098 -25.6256
259.5000 391.0003 5.6943 3.3236 -53.9173
465.9999 414.5003 6.7649 3.9767 -60.8576
275.0003 705.5001 7.5067 4.6836 -11.2104
847.5003 476.0002 5.7219 3.9613 -15.8099
489.4996 492.0000 6.5022 3.7216 -6.4423
227.5000 164.5002 6.2224 3.8977 -23.5368
647.9995 126.5004 6.1055 4.4819 11.8196
519.9995 27.0000 6.6232 3.7001 3.6491
